  36
-1107820543  1851112064   -69894144
 -243466238  -285753472 -1152024576
 -514654205   970374016  -141197312
 -519372796 -1923451264  -268992512
  -93913082 -1718305920  -145391616
-1280770041  -172656768  -682262528
 -637009912  -145507712 -1143635968
 -788004855   928446080  -287997952
-1367080950 -1716077696  -145391616
-1188757493 -1655261696  -137134080
-1420165108 -1149440896  -271089664
-1096744947   965819008  -137003008
-2025455602   861204096  -573210624
 -535166961  1517631744  -137134080
 -215416816  -151685504  -571113472
-1278214127 -1697334528  -137003008
-1815740397 -1154106496  2006417408
-1873412076  -204116608  1866956800
-1406271467 -1665901696  -149454848
 -358481898  -627643264  -271351808
 -216137704  -271205504  2002092032
-1892351975  1504000640  -134905856
-2076311526 -1717126528  -134905856
 -786300901 -1931643008  -294158336
-1193279460  -696980864  -271286272
 -742260706  -178948480  -688422912
-1741488097  1324694144  -137003008
-2082078688  1727314816  -145653760
-1400700895 -1816872064  -145326080
 -689766366 -1687372928  -135823360
-1847721949  1533885824  -202014720
-1061552092  -847939712  -296386560
 -745865179 -1175131520  -271220736
 -467795930  -162170240  -604733440
 -379781081  -250120320  -313163776
-1387134936 -1983545472  -311590912
