 1.804000+4 3.961910+1          0          1          0          01837 4 65    1
 0.000000+0 3.965640+1          0          2          0          01837 4 65    2
 0.000000+0 0.000000+0          0          0          1          41837 4 65    3
          4          2          0          0          0          01837 4 65    4
 0.000000+0 4.332570+6          0          0          2          01837 4 65    5
 0.000000+0 0.000000+0                                            1837 4 65    6
 0.000000+0 4.335640+6          0          0          2          01837 4 65    7
 0.000000+0 1.103650-5                                            1837 4 65    8
 0.000000+0 1.000000+7          0          0         10          01837 4 65    9
 0.000000+0-3.466830-2 0.000000+0 1.393990-3 0.000000+0 9.068010-41837 4 65   10
 0.000000+0 3.712160-5 0.000000+0-3.407810-8                      1837 4 65   11
 0.000000+0 2.000000+7          0          0         16          01837 4 65   12
 0.000000+0-7.705560-3 0.000000+0-1.078560-2 0.000000+0 1.182440-31837 4 65   13
 0.000000+0 6.291650-4 0.000000+0-2.436570-5 0.000000+0-4.763950-61837 4 65   14
 0.000000+0-9.767720-8 0.000000+0-9.01806-10                      1837 4 65   15
                                                                  1837 4  099999
