 1.804000+4 3.961910+1          0          1          0          01837 4 66    1
 0.000000+0 3.965640+1          0          2          0          01837 4 66    2
 0.000000+0 0.000000+0          0          0          1          41837 4 66    3
          4          2          0          0          0          01837 4 66    4
 0.000000+0 4.335640+6          0          0          2          01837 4 66    5
 0.000000+0 0.000000+0                                            1837 4 66    6
 0.000000+0 4.409660+6          0          0          4          01837 4 66    7
 0.000000+0-2.814610-3 0.000000+0-1.888940-5                      1837 4 66    8
 0.000000+0 1.000000+7          0          0         10          01837 4 66    9
 0.000000+0-3.478460-2 0.000000+0 3.030280-4 0.000000+0 1.114030-41837 4 66   10
 0.000000+0-1.730070-4 0.000000+0-4.188930-6                      1837 4 66   11
 0.000000+0 2.000000+7          0          0         16          01837 4 66   12
 0.000000+0-7.610070-3 0.000000+0-1.063410-2 0.000000+0 1.318400-31837 4 66   13
 0.000000+0 6.320830-4 0.000000+0-1.932980-4 0.000000+0-2.719150-51837 4 66   14
 0.000000+0-4.110790-7 0.000000+0-4.268970-9                      1837 4 66   15
                                                                  1837 4  099999
