 1.804000+4 3.961910+1          0          1          0          01837 4 58    1
 0.000000+0 3.965640+1          0          2          0          01837 4 58    2
 0.000000+0 0.000000+0          0          0          1          41837 4 58    3
          4          2          0          0          0          01837 4 58    4
 0.000000+0 3.603640+6          0          0          2          01837 4 58    5
 0.000000+0 0.000000+0                                            1837 4 58    6
 0.000000+0 3.773820+6          0          0          4          01837 4 58    7
 0.000000+0-1.136860-2 0.000000+0-1.427150-4                      1837 4 58    8
 0.000000+0 1.000000+7          0          0         12          01837 4 58    9
 0.000000+0-3.580460-2 0.000000+0 2.177620-4 0.000000+0 2.141920-41837 4 58   10
 0.000000+0-2.161230-4 0.000000+0-7.398460-6 0.000000+0-1.236670-81837 4 58   11
 0.000000+0 2.000000+7          0          0         16          01837 4 58   12
 0.000000+0-6.668690-3 0.000000+0-1.107170-2 0.000000+0 1.264040-31837 4 58   13
 0.000000+0 6.971110-4 0.000000+0-1.962240-4 0.000000+0-3.341440-51837 4 58   14
 0.000000+0-5.507680-7 0.000000+0-5.949860-9                      1837 4 58   15
                                                                  1837 4  099999
