 1.804000+4 3.961910+1          0          1          0          01837 4 54    1
 0.000000+0 3.965640+1          0          2          0          01837 4 54    2
 0.000000+0 0.000000+0          0          0          1          41837 4 54    3
          4          2          0          0          0          01837 4 54    4
 0.000000+0 2.965950+6          0          0          2          01837 4 54    5
 0.000000+0 0.000000+0                                            1837 4 54    6
 0.000000+0 3.000000+6          0          0          4          01837 4 54    7
 0.000000+0-2.582790-3 0.000000+0-6.734920-6                      1837 4 54    8
 0.000000+0 1.000000+7          0          0         12          01837 4 54    9
 0.000000+0-3.643040-2 0.000000+0 6.178690-5 0.000000+0 3.305030-41837 4 54   10
 0.000000+0-2.519210-4 0.000000+0-1.135970-5 0.000000+0-2.181980-81837 4 54   11
 0.000000+0 2.000000+7          0          0         16          01837 4 54   12
 0.000000+0-5.828610-3 0.000000+0-1.142650-2 0.000000+0 1.205620-31837 4 54   13
 0.000000+0 7.529880-4 0.000000+0-1.958610-4 0.000000+0-3.933570-51837 4 54   14
 0.000000+0-7.015670-7 0.000000+0-7.841560-9                      1837 4 54   15
                                                                  1837 4  099999
