 1.804000+4 3.961910+1          0          1          0          01837 4 56    1
 0.000000+0 3.965640+1          0          2          0          01837 4 56    2
 0.000000+0 0.000000+0          0          0          1          41837 4 56    3
          4          2          0          0          0          01837 4 56    4
 0.000000+0 3.551860+6          0          0          2          01837 4 56    5
 0.000000+0 0.000000+0                                            1837 4 56    6
 0.000000+0 3.599840+6          0          0          4          01837 4 56    7
 0.000000+0-4.770170-2 0.000000+0-7.303260-4                      1837 4 56    8
 0.000000+0 1.000000+7          0          0         12          01837 4 56    9
 0.000000+0-1.654170-2 0.000000+0-2.186970-3 0.000000+0-1.798160-31837 4 56   10
 0.000000+0-1.373540-4 0.000000+0-6.059310-6 0.000000+0-1.453240-81837 4 56   11
 0.000000+0 2.000000+7          0          0         16          01837 4 56   12
 0.000000+0-4.853450-2 0.000000+0 6.113990-3 0.000000+0-3.446190-41837 4 56   13
 0.000000+0-5.682590-4 0.000000+0-1.206810-4 0.000000+0-2.156020-51837 4 56   14
 0.000000+0-4.575040-7 0.000000+0-6.472450-9                      1837 4 56   15
                                                                  1837 4  099999
