 1.804000+4 3.961910+1          0          1          0          01837 4 73    1
 0.000000+0 3.965640+1          0          2          0          01837 4 73    2
 0.000000+0 0.000000+0          0          0          1          41837 4 73    3
          4          2          0          0          0          01837 4 73    4
 0.000000+0 4.607320+6          0          0          2          01837 4 73    5
 0.000000+0 0.000000+0                                            1837 4 73    6
 0.000000+0 4.677040+6          0          0          4          01837 4 73    7
 0.000000+0-5.635300-3 0.000000+0-1.546980-4                      1837 4 73    8
 0.000000+0 1.000000+7          0          0         10          01837 4 73    9
 0.000000+0-3.144440-2 0.000000+0 1.144420-3 0.000000+0-1.064550-31837 4 73   10
 0.000000+0-1.224440-4 0.000000+0-2.898250-7                      1837 4 73   11
 0.000000+0 2.000000+7          0          0         16          01837 4 73   12
 0.000000+0-3.787700-2 0.000000+0-1.629410-3 0.000000+0 2.006530-31837 4 73   13
 0.000000+0-5.141520-4 0.000000+0-1.614960-4 0.000000+0-3.128070-61837 4 73   14
 0.000000+0 1.539820-9 0.000000+0 2.15035-10                      1837 4 73   15
                                                                  1837 4  099999
