 8.016000+3 1.585750+1          0          1          0          0 825 4 52    1
 0.000000+0 1.585750+1          0          2          0          0 825 4 52    2
 0.000000+0 0.000000+0          0          0          1          3 825 4 52    3
          3          2          0          0          0          0 825 4 52    4
 0.000000+0 6.516570+6          0          0          2          0 825 4 52    5
 0.000000+0 0.000000+0                                             825 4 52    6
 0.000000+0 1.420000+7          0          0          4          0 825 4 52    7
 2.008700-1 6.572100-2-1.278850-2-1.843770-2                       825 4 52    8
 0.000000+0 2.000000+7          0          0          4          0 825 4 52    9
 2.008700-1 6.572100-2-1.278850-2-1.843770-2                       825 4 52   10
                                                                   825 4  099999
