 8.016000+3 1.585750+1          0          1          0          0 825 4 78    1
 0.000000+0 1.585750+1          0          2          0          0 825 4 78    2
 0.000000+0 0.000000+0          0          0          1          8 825 4 78    3
          8          2          0          0          0          0 825 4 78    4
 0.000000+0 1.520180+7          0          0          2          0 825 4 78    5
 0.000000+0 0.000000+0                                             825 4 78    6
 0.000000+0 1.530780+7          0          0          4          0 825 4 78    7
 0.000000+0-8.969640-4 0.000000+0-2.914760-6                       825 4 78    8
 0.000000+0 1.600000+7          0          0          6          0 825 4 78    9
 0.000000+0-9.274700-3 0.000000+0-8.499720-5 0.000000+0-3.917670-6 825 4 78   10
 0.000000+0 1.647710+7          0          0          6          0 825 4 78   11
 0.000000+0-1.784300-2 0.000000+0-1.118810-4 0.000000+0-1.229880-5 825 4 78   12
 0.000000+0 1.700000+7          0          0          6          0 825 4 78   13
 0.000000+0-2.894570-2 0.000000+0-7.636470-5 0.000000+0-2.542240-5 825 4 78   14
 0.000000+0 1.800000+7          0          0          6          0 825 4 78   15
 0.000000+0-4.117580-2 0.000000+0 6.151640-5 0.000000+0-5.902370-5 825 4 78   16
 0.000000+0 1.900000+7          0          0          6          0 825 4 78   17
 0.000000+0-4.182790-2 0.000000+0 3.581950-4 0.000000+0-1.530100-4 825 4 78   18
 0.000000+0 2.000000+7          0          0          8          0 825 4 78   19
 0.000000+0-4.105060-2 0.000000+0 9.814490-4 0.000000+0-3.291920-4 825 4 78   20
 0.000000+0-3.996290-6                                             825 4 78   21
                                                                   825 4  099999
