 8.016000+3 1.585750+1          0          1          0          0 825 4 68    1
 0.000000+0 1.585750+1          0          2          0          0 825 4 68    2
 0.000000+0 0.000000+0          0          0          1         21 825 4 68    3
         21          2          0          0          0          0 825 4 68    4
 0.000000+0 1.378790+7          0          0          2          0 825 4 68    5
 0.000000+0 0.000000+0                                             825 4 68    6
 0.000000+0 1.384080+7          0          0          4          0 825 4 68    7
 0.000000+0 1.430190-5 0.000000+0-1.736070-5                       825 4 68    8
 0.000000+0 1.391520+7          0          0          4          0 825 4 68    9
 0.000000+0 2.431250-4 0.000000+0-1.001620-4                       825 4 68   10
 0.000000+0 1.394710+7          0          0          4          0 825 4 68   11
 0.000000+0 4.226300-4 0.000000+0-1.561610-4                       825 4 68   12
 0.000000+0 1.400000+7          0          0          4          0 825 4 68   13
 0.000000+0 8.092380-4 0.000000+0-2.691810-4                       825 4 68   14
 0.000000+0 1.409590+7          0          0          4          0 825 4 68   15
 0.000000+0 1.855550-3 0.000000+0-5.390490-4                       825 4 68   16
 0.000000+0 1.450000+7          0          0          6          0 825 4 68   17
 0.000000+0 1.038890-2 0.000000+0-1.996520-3 0.000000+0-9.098940-7 825 4 68   18
 0.000000+0 1.452110+7          0          0          6          0 825 4 68   19
 0.000000+0 1.094830-2 0.000000+0-2.077600-3 0.000000+0-1.002190-6 825 4 68   20
 0.000000+0 1.474440+7          0          0          6          0 825 4 68   21
 0.000000+0 1.790390-2 0.000000+0-2.684260-3 0.000000+0-2.296000-6 825 4 68   22
 0.000000+0 1.486130+7          0          0          6          0 825 4 68   23
 0.000000+0 2.168430-2 0.000000+0-2.878670-3 0.000000+0-3.145720-6 825 4 68   24
 0.000000+0 1.491450+7          0          0          6          0 825 4 68   25
 0.000000+0 2.371860-2 0.000000+0-2.955970-3 0.000000+0-3.652040-6 825 4 68   26
 0.000000+0 1.498890+7          0          0          6          0 825 4 68   27
 0.000000+0 2.622070-2 0.000000+0-3.010900-3 0.000000+0-4.400490-6 825 4 68   28
 0.000000+0 1.500000+7          0          0          6          0 825 4 68   29
 0.000000+0 2.631800-2 0.000000+0-2.999470-3 0.000000+0-4.529960-6 825 4 68   30
 0.000000+0 1.520150+7          0          0          6          0 825 4 68   31
 0.000000+0 3.199450-2 0.000000+0-2.947250-3 0.000000+0-7.007610-6 825 4 68   32
 0.000000+0 1.530780+7          0          0          6          0 825 4 68   33
 0.000000+0 3.461800-2 0.000000+0-2.853390-3 0.000000+0-8.229300-6 825 4 68   34
 0.000000+0 1.600000+7          0          0          6          0 825 4 68   35
 0.000000+0 4.252070-2 0.000000+0-2.215720-3 0.000000+0-2.215360-5 825 4 68   36
 0.000000+0 1.647710+7          0          0          6          0 825 4 68   37
 0.000000+0 4.311840-2 0.000000+0-1.873410-3 0.000000+0-3.891700-5 825 4 68   38
 0.000000+0 1.700000+7          0          0          6          0 825 4 68   39
 0.000000+0 3.930160-2 0.000000+0-2.008270-3 0.000000+0-8.095480-5 825 4 68   40
 0.000000+0 1.800000+7          0          0          8          0 825 4 68   41
 0.000000+0 3.331740-2 0.000000+0-2.780170-3 0.000000+0-3.396650-4 825 4 68   42
 0.000000+0-2.376680-7                                             825 4 68   43
 0.000000+0 1.900000+7          0          0          8          0 825 4 68   44
 0.000000+0 3.261590-2 0.000000+0-3.470350-3 0.000000+0-1.153190-3 825 4 68   45
 0.000000+0-7.952650-7                                             825 4 68   46
 0.000000+0 2.000000+7          0          0          8          0 825 4 68   47
 0.000000+0 3.945970-2 0.000000+0-4.014230-3 0.000000+0-3.086620-3 825 4 68   48
 0.000000+0-2.253530-6                                             825 4 68   49
                                                                   825 4  099999
