 8.016000+3 1.585750+1          0          1          0          0 825 4 53    1
 0.000000+0 1.585750+1          0          2          0          0 825 4 53    2
 0.000000+0 0.000000+0          0          0          1          3 825 4 53    3
          3          2          0          0          0          0 825 4 53    4
 0.000000+0 7.353200+6          0          0          2          0 825 4 53    5
 0.000000+0 0.000000+0                                             825 4 53    6
 0.000000+0 1.420000+7          0          0          2          0 825 4 53    7
 1.540000-1 6.620000-2                                             825 4 53    8
 0.000000+0 2.000000+7          0          0          2          0 825 4 53    9
 1.540000-1 6.620000-2                                             825 4 53   10
                                                                   825 4  099999
