 8.016000+3 1.585750+1          0          1          0          0 825 4 72    1
 0.000000+0 1.585750+1          0          2          0          0 825 4 72    2
 0.000000+0 0.000000+0          0          0          1         16 825 4 72    3
         16          2          0          0          0          0 825 4 72    4
 0.000000+0 1.409620+7          0          0          2          0 825 4 72    5
 0.000000+0 0.000000+0                                             825 4 72    6
 0.000000+0 1.450000+7          0          0          4          0 825 4 72    7
 0.000000+0-9.150720-4 0.000000+0-4.154830-5                       825 4 72    8
 0.000000+0 1.452110+7          0          0          4          0 825 4 72    9
 0.000000+0-1.031990-3 0.000000+0-4.497440-5                       825 4 72   10
 0.000000+0 1.474440+7          0          0          4          0 825 4 72   11
 0.000000+0-2.883710-3 0.000000+0-7.989570-5                       825 4 72   12
 0.000000+0 1.486130+7          0          0          6          0 825 4 72   13
 0.000000+0-4.335210-3 0.000000+0-9.611720-5 0.000000+0 1.411250-7 825 4 72   14
 0.000000+0 1.491450+7          0          0          6          0 825 4 72   15
 0.000000+0-5.085740-3 0.000000+0-1.071960-4 0.000000+0 1.796450-7 825 4 72   16
 0.000000+0 1.498890+7          0          0          6          0 825 4 72   17
 0.000000+0-6.278890-3 0.000000+0-1.168050-4 0.000000+0 2.451840-7 825 4 72   18
 0.000000+0 1.500000+7          0          0          6          0 825 4 72   19
 0.000000+0-6.455900-3 0.000000+0-1.153070-4 0.000000+0 2.582160-7 825 4 72   20
 0.000000+0 1.520150+7          0          0          6          0 825 4 72   21
 0.000000+0-1.043080-2 0.000000+0-1.258680-4 0.000000+0 5.360570-7 825 4 72   22
 0.000000+0 1.530780+7          0          0          6          0 825 4 72   23
 0.000000+0-1.291880-2 0.000000+0-1.257330-4 0.000000+0 7.230670-7 825 4 72   24
 0.000000+0 1.600000+7          0          0          6          0 825 4 72   25
 0.000000+0-2.964950-2 0.000000+0-7.655300-5 0.000000+0 3.098960-6 825 4 72   26
 0.000000+0 1.647710+7          0          0          6          0 825 4 72   27
 0.000000+0-3.736330-2 0.000000+0-4.303840-5 0.000000+0 6.065840-6 825 4 72   28
 0.000000+0 1.700000+7          0          0          6          0 825 4 72   29
 0.000000+0-4.099340-2 0.000000+0-5.979430-5 0.000000+0 1.168270-5 825 4 72   30
 0.000000+0 1.800000+7          0          0          6          0 825 4 72   31
 0.000000+0-3.727900-2 0.000000+0-2.822660-4 0.000000+0 4.836890-5 825 4 72   32
 0.000000+0 1.900000+7          0          0          8          0 825 4 72   33
 0.000000+0-2.908220-2 0.000000+0-1.296500-3 0.000000+0 1.748950-4 825 4 72   34
 0.000000+0 3.118520-7                                             825 4 72   35
 0.000000+0 2.000000+7          0          0          8          0 825 4 72   36
 0.000000+0-1.821040-2 0.000000+0-3.946350-3 0.000000+0 4.862820-4 825 4 72   37
 0.000000+0 9.236840-7                                             825 4 72   38
                                                                   825 4  099999
