 8.016000+3 1.585750+1          0          1          0          0 825 4 55    1
 0.000000+0 1.585750+1          0          2          0          0 825 4 55    2
 0.000000+0 0.000000+0          0          0          1          3 825 4 55    3
          3          2          0          0          0          0 825 4 55    4
 0.000000+0 9.431480+6          0          0          2          0 825 4 55    5
 0.000000+0 0.000000+0                                             825 4 55    6
 0.000000+0 1.420000+7          0          0          4          0 825 4 55    7
-3.211700-2-2.131390-2 3.169970-2 4.866180-2                       825 4 55    8
 0.000000+0 2.000000+7          0          0          4          0 825 4 55    9
-3.211700-2-2.131390-2 3.169970-2 4.866180-2                       825 4 55   10
                                                                   825 4  099999
