 8.016000+3 1.585750+1          0          1          0          0 825 4 74    1
 0.000000+0 1.585750+1          0          2          0          0 825 4 74    2
 0.000000+0 0.000000+0          0          0          1         13 825 4 74    3
         13          2          0          0          0          0 825 4 74    4
 0.000000+0 1.474470+7          0          0          2          0 825 4 74    5
 0.000000+0 0.000000+0                                             825 4 74    6
 0.000000+0 1.486130+7          0          0          4          0 825 4 74    7
 0.000000+0-1.313060-3 0.000000+0-3.708380-6                       825 4 74    8
 0.000000+0 1.491450+7          0          0          4          0 825 4 74    9
 0.000000+0-1.962870-3 0.000000+0-7.691710-6                       825 4 74   10
 0.000000+0 1.498890+7          0          0          4          0 825 4 74   11
 0.000000+0-2.888980-3 0.000000+0-1.531930-5                       825 4 74   12
 0.000000+0 1.500000+7          0          0          4          0 825 4 74   13
 0.000000+0-2.998040-3 0.000000+0-1.661390-5                       825 4 74   14
 0.000000+0 1.520150+7          0          0          4          0 825 4 74   15
 0.000000+0-5.489090-3 0.000000+0-4.647460-5                       825 4 74   16
 0.000000+0 1.530780+7          0          0          4          0 825 4 74   17
 0.000000+0-6.975360-3 0.000000+0-6.480740-5                       825 4 74   18
 0.000000+0 1.600000+7          0          0          6          0 825 4 74   19
 0.000000+0-1.812450-2 0.000000+0-1.112370-4 0.000000+0-1.440000-5 825 4 74   20
 0.000000+0 1.647710+7          0          0          6          0 825 4 74   21
 0.000000+0-2.755510-2 0.000000+0-8.284040-5 0.000000+0-2.557500-5 825 4 74   22
 0.000000+0 1.700000+7          0          0          6          0 825 4 74   23
 0.000000+0-3.528830-2 0.000000+0-1.675930-5 0.000000+0-4.296210-5 825 4 74   24
 0.000000+0 1.800000+7          0          0          6          0 825 4 74   25
 0.000000+0-4.168980-2 0.000000+0 1.864670-4 0.000000+0-1.022180-4 825 4 74   26
 0.000000+0 1.900000+7          0          0          8          0 825 4 74   27
 0.000000+0-4.113380-2 0.000000+0 6.631910-4 0.000000+0-2.481920-4 825 4 74   28
 0.000000+0-2.173360-6                                             825 4 74   29
 0.000000+0 2.000000+7          0          0          8          0 825 4 74   30
 0.000000+0-4.138830-2 0.000000+0 1.522610-3 0.000000+0-4.886330-4 825 4 74   31
 0.000000+0-6.028930-6                                             825 4 74   32
                                                                   825 4  099999
