 8.016000+3 1.585750+1          0          1          0          0 825 4 77    1
 0.000000+0 1.585750+1          0          2          0          0 825 4 77    2
 0.000000+0 0.000000+0          0          0          1         10 825 4 77    3
         10          2          0          0          0          0 825 4 77    4
 0.000000+0 1.498920+7          0          0          2          0 825 4 77    5
 0.000000+0 0.000000+0                                             825 4 77    6
 0.000000+0 1.500000+7          0          0          2          0 825 4 77    7
 0.000000+0 5.018960-6                                             825 4 77    8
 0.000000+0 1.520150+7          0          0          4          0 825 4 77    9
 0.000000+0-1.483340-4 0.000000+0-7.377940-6                       825 4 77   10
 0.000000+0 1.530780+7          0          0          4          0 825 4 77   11
 0.000000+0-4.592900-4 0.000000+0-1.469700-5                       825 4 77   12
 0.000000+0 1.600000+7          0          0          6          0 825 4 77   13
 0.000000+0-8.242500-3 0.000000+0-4.065490-5 0.000000+0 5.931280-7 825 4 77   14
 0.000000+0 1.647710+7          0          0          6          0 825 4 77   15
 0.000000+0-1.990210-2 0.000000+0-2.979040-6 0.000000+0 2.080630-6 825 4 77   16
 0.000000+0 1.700000+7          0          0          6          0 825 4 77   17
 0.000000+0-3.187770-2 0.000000+0 1.331030-5 0.000000+0 4.674250-6 825 4 77   18
 0.000000+0 1.800000+7          0          0          6          0 825 4 77   19
 0.000000+0-4.096570-2 0.000000+0-1.576460-5 0.000000+0 1.568710-5 825 4 77   20
 0.000000+0 1.900000+7          0          0          8          0 825 4 77   21
 0.000000+0-3.517570-2 0.000000+0-3.682850-4 0.000000+0 6.807250-5 825 4 77   22
 0.000000+0 1.144480-7                                             825 4 77   23
 0.000000+0 2.000000+7          0          0          8          0 825 4 77   24
 0.000000+0-2.575540-2 0.000000+0-1.694890-3 0.000000+0 2.302590-4 825 4 77   25
 0.000000+0 4.301430-7                                             825 4 77   26
                                                                   825 4  099999
