 8.016000+3 1.585750+1          0          1          0          0 825 4 51    1
 0.000000+0 1.585750+1          0          2          0          0 825 4 51    2
 0.000000+0 0.000000+0          0          0          1          3 825 4 51    3
          3          2          0          0          0          0 825 4 51    4
 0.000000+0 6.430460+6          0          0          2          0 825 4 51    5
 0.000000+0 0.000000+0                                             825 4 51    6
 0.000000+0 1.420000+7          0          0          4          0 825 4 51    7
 2.008700-1 6.572100-2-1.278850-2-1.843770-2                       825 4 51    8
 0.000000+0 2.000000+7          0          0          4          0 825 4 51    9
 2.008700-1 6.572100-2-1.278850-2-1.843770-2                       825 4 51   10
                                                                   825 4  099999
