 8.016000+3 1.585750+1          0          1          0          0 825 4 71    1
 0.000000+0 1.585750+1          0          2          0          0 825 4 71    2
 0.000000+0 0.000000+0          0          0          1         18 825 4 71    3
         18          2          0          0          0          0 825 4 71    4
 0.000000+0 1.394740+7          0          0          2          0 825 4 71    5
 0.000000+0 0.000000+0                                             825 4 71    6
 0.000000+0 1.400000+7          0          0          4          0 825 4 71    7
 0.000000+0 2.623140-6 0.000000+0-1.047730-6                       825 4 71    8
 0.000000+0 1.409590+7          0          0          4          0 825 4 71    9
 0.000000+0-7.140130-5 0.000000+0-7.913020-6                       825 4 71   10
 0.000000+0 1.450000+7          0          0          6          0 825 4 71   11
 0.000000+0-1.960870-3 0.000000+0-7.348270-5 0.000000+0 4.312640-8 825 4 71   12
 0.000000+0 1.452110+7          0          0          4          0 825 4 71   13
 0.000000+0-2.144720-3 0.000000+0-7.658730-5                       825 4 71   14
 0.000000+0 1.474440+7          0          0          6          0 825 4 71   15
 0.000000+0-4.777080-3 0.000000+0-1.117790-4 0.000000+0 1.560030-7 825 4 71   16
 0.000000+0 1.486130+7          0          0          6          0 825 4 71   17
 0.000000+0-6.698930-3 0.000000+0-1.238730-4 0.000000+0 2.472770-7 825 4 71   18
 0.000000+0 1.491450+7          0          0          6          0 825 4 71   19
 0.000000+0-7.647710-3 0.000000+0-1.345880-4 0.000000+0 3.026590-7 825 4 71   20
 0.000000+0 1.498890+7          0          0          6          0 825 4 71   21
 0.000000+0-9.120040-3 0.000000+0-1.420080-4 0.000000+0 3.932850-7 825 4 71   22
 0.000000+0 1.500000+7          0          0          6          0 825 4 71   23
 0.000000+0-9.335600-3 0.000000+0-1.394800-4 0.000000+0 4.114660-7 825 4 71   24
 0.000000+0 1.520150+7          0          0          6          0 825 4 71   25
 0.000000+0-1.395910-2 0.000000+0-1.419050-4 0.000000+0 7.690730-7 825 4 71   26
 0.000000+0 1.530780+7          0          0          6          0 825 4 71   27
 0.000000+0-1.670530-2 0.000000+0-1.375180-4 0.000000+0 9.922400-7 825 4 71   28
 0.000000+0 1.600000+7          0          0          6          0 825 4 71   29
 0.000000+0-3.225570-2 0.000000+0-8.148880-5 0.000000+0 3.688540-6 825 4 71   30
 0.000000+0 1.647710+7          0          0          6          0 825 4 71   31
 0.000000+0-3.883880-2 0.000000+0-5.254970-5 0.000000+0 7.026720-6 825 4 71   32
 0.000000+0 1.700000+7          0          0          6          0 825 4 71   33
 0.000000+0-4.097830-2 0.000000+0-8.073610-5 0.000000+0 1.405040-5 825 4 71   34
 0.000000+0 1.800000+7          0          0          8          0 825 4 71   35
 0.000000+0-3.625530-2 0.000000+0-3.735030-4 0.000000+0 5.903530-5 825 4 71   36
 0.000000+0 1.040640-7                                             825 4 71   37
 0.000000+0 1.900000+7          0          0          8          0 825 4 71   38
 0.000000+0-2.800040-2 0.000000+0-1.529480-3 0.000000+0 2.012610-4 825 4 71   39
 0.000000+0 3.608060-7                                             825 4 71   40
 0.000000+0 2.000000+7          0          0          8          0 825 4 71   41
 0.000000+0-1.687860-2 0.000000+0-4.442830-3 0.000000+0 5.428120-4 825 4 71   42
 0.000000+0 1.031900-6                                             825 4 71   43
                                                                   825 4  099999
