 8.016000+3 1.585750+1          0          1          0          0 825 4 75    1
 0.000000+0 1.585750+1          0          2          0          0 825 4 75    2
 0.000000+0 0.000000+0          0          0          1         12 825 4 75    3
         12          2          0          0          0          0 825 4 75    4
 0.000000+0 1.486160+7          0          0          2          0 825 4 75    5
 0.000000+0 0.000000+0                                             825 4 75    6
 0.000000+0 1.491450+7          0          0          4          0 825 4 75    7
 0.000000+0 1.453610-5 0.000000+0-1.451360-5                       825 4 75    8
 0.000000+0 1.498890+7          0          0          4          0 825 4 75    9
 0.000000+0 1.909990-4 0.000000+0-8.388030-5                       825 4 75   10
 0.000000+0 1.500000+7          0          0          4          0 825 4 75   11
 0.000000+0 2.303560-4 0.000000+0-9.829620-5                       825 4 75   12
 0.000000+0 1.520150+7          0          0          4          0 825 4 75   13
 0.000000+0 1.775560-3 0.000000+0-5.450620-4                       825 4 75   14
 0.000000+0 1.530780+7          0          0          4          0 825 4 75   15
 0.000000+0 3.192260-3 0.000000+0-8.796640-4                       825 4 75   16
 0.000000+0 1.600000+7          0          0          6          0 825 4 75   17
 0.000000+0 2.007610-2 0.000000+0-2.722460-3 0.000000+0-5.931290-6 825 4 75   18
 0.000000+0 1.647710+7          0          0          6          0 825 4 75   19
 0.000000+0 3.147320-2 0.000000+0-2.596860-3 0.000000+0-1.453600-5 825 4 75   20
 0.000000+0 1.700000+7          0          0          6          0 825 4 75   21
 0.000000+0 3.503880-2 0.000000+0-2.164330-3 0.000000+0-2.728470-5 825 4 75   22
 0.000000+0 1.800000+7          0          0          6          0 825 4 75   23
 0.000000+0 3.316310-2 0.000000+0-1.893640-3 0.000000+0-8.615420-5 825 4 75   24
 0.000000+0 1.900000+7          0          0          8          0 825 4 75   25
 0.000000+0 2.949950-2 0.000000+0-2.623670-3 0.000000+0-3.767250-4 825 4 75   26
 0.000000+0-2.453470-7                                             825 4 75   27
 0.000000+0 2.000000+7          0          0          8          0 825 4 75   28
 0.000000+0 3.080220-2 0.000000+0-3.312070-3 0.000000+0-1.276430-3 825 4 75   29
 0.000000+0-9.186420-7                                             825 4 75   30
                                                                   825 4  099999
