0.0005026493233937661674521247011254419462745477161213633089526834    -0.9998041299760687506622614836428878797466999946233091119861865711
0.0011697458310437232180685131838990113727596209681312885466695655    -0.9989681163327500977976442956324307382799271615723850964989463049
0.0018370487801022518950045284635946510454444163712393436219181109    -0.9974646503093890179364162936842047984898317779512510109305419873
0.0025032094764987508718518889158565058454189388631233372243117085    -0.9952944028278845178595657720491007283788960664275158686762370771
0.0031677139413639288817385273219166163860674345982800179015193341    -0.9924587838231076208345424018974405748339598614518630202013000532
0.0038301058526489334620880904690217717278574283095094486321181419    -0.9889596792178342395858446829246279949630376791154415567028311657
0.0044899391760938505977666907791387497366470968136397329530183211    -0.9847994250185215537717979348700174267877040717731125775936388973
0.0051467717018011931341083425567094221623485659461161464281510225    -0.9799808011600816958720709520156437809402597912167348756397588947
0.0058001638769164628768029674756176342024955694865922560693453224    -0.9745070284263808113685822228817082484422266795713623556568576098
0.0064496786876247086821622229440263771415388638382879598505517823    -0.9683817658908715464187472366743342365615812244518246582229153862
0.0070948818121528804229051969010918232682450051191104409830532147    -0.9616091083123656611795363094521013925320893282236060555452929931
0.0077353418573233101087108057862978880248984236843227507127754539    -0.9541935833284946422912370594989206593210396192989727089647214465
0.0083706306238664336961123815929176721041254587750130475268272346    -0.9461401483958070821454181247929649625850622568244249595900124881
0.0090003233819206764452562496992201110728733542169395367914734536    -0.9374541874585692109329786183023839533123086547253965719936120006
0.0096239991496057548048574877032848927950523329417486038461072175    -0.9281415073401639470657983884222607634596617062646770826279775864
0.0102412409716254223295471592380341634212516384886561487037022228    -0.9182083338557353770922135776038182752066175309461911661466162767
0.0108516361964435459222312829142351887352562132482805997873457535    -0.9076613076468585819393463149851262063568975187564030518879943040
0.0114547767512474160160633472576651746600602761049304707673390898    -0.8965074797400902902997765380177226300024084624226246235745750215
0.0120502594142145994232989595617184369606069567691321006316505956    -0.8847543068318717065069327137582869322312333126828205189672103924
0.0126376860837445654071423438012257538173935571315091351636863937    -0.8724096463026576439186174210183111078002099422140950490592169463
0.0132166640443897835914293002581152775752708753769519283601924836    -0.8594817509634441798959389346533587045227041982245983424410411881
0.0137868062292603992570394548292603150708851593411225693512774567    -0.8459792635381107139399714649424929325576937148061227325932496111
0.0143477314786990578886665041175629795097357396701722304177430782    -0.8319112108852059893595575238280916817718511375766973394227267500
0.0148990647950361816339231046451947962019559468992840205449635135    -0.8172869979630036856029118403245390320313572764727001921827507397
0.0154404375932450901676939034754172063953299986141004366526205054    -0.8021164015418380626900798787493357275726733859540566144552759550
0.0159714879473229254608883863482344340222889028833395080520506107    -0.7864095636679073104872980361940841685644682683340664394147271156
0.0164918608322285156663814340260174719845619239809327962057817371    -0.7701769848829036236551362969475905593122314456811669632708429135
0.0170012083612127198561214013837333262092469023081502528310467305    -0.7534295172039956381107447658794629520684504536626631464171570976
0.0174991900183807835556008031534375226066854883238776307529836563    -0.7361783568688513042255430565002783917984475023963477697925031047
0.0179854728863300073331999722278031720707434810466612030726813671    -0.7184350368505478437833973883319898515642959998107047716486531541
0.0184597318687097061358627868881034728993163213910555519672192803    -0.7002114191473702931848104036270095039371030833730458547559520459
0.0189216499075540866981438503362117191324255863746198906664030526    -0.6815196868526513328362439951741210374763354131839189443249288927
0.0193709181952423370922755792081527986924797951502510564222060936    -0.6623723360099526446724798096832010692058522051130431981770333062
0.0198072363809439323367899950475065069687215360155984880430286030    -0.6427821672590318951346329655119564341013957348871374259962074858
0.0202303127714109286121246979255112248490474513613429797482250868    -0.6227622772781795580534383815234981060807790895626215832855481520
0.0206398645259828552809164758256487813396068387867965842834684737    -0.6023260500286461069466069004832228413052852196890277052844890046
0.0210356178456737237372861359985126647750691573796374989158766542    -0.5814871478070125483634850024262045591976649555937082129641872413
0.0214173081562146576418553625675915989321682394667875018852079211    -0.5602595021114857624831694424588171065150457867321848225828600078
0.0217846802849297111397339582435309399475688433402754783005654748    -0.5386573043282245879705899800511519912885969667571301337298348973
0.0221374886313265798563075480692495966617518456489185960635468951    -0.5166949962439229587079819880241165901579016625790642583921081134
0.0224754973312881226846918398397184575882632178651283612316890115    -0.4943872603909925948035089904981077166479779699797754912957288725
0.0227984804147548989391214214312494813947594923240706502780841306    -0.4717490102317996950153850128465832842171200521023661048430815486
0.0231062219567932832845799566404541656943292178747616871286590921    -0.4487953801885177000831157915403744799663573839574172051040399060
0.0233985162219481476196354769651793071452146239638160918845370170    -0.4255417155252614263044506486461295798162608443484421729065046062
0.0236751678017835922346449692860759190098399918527162907882137249    -0.4020035620892666383678270911304313947316493028156880812040254334
0.0239359917455197653818754691565237871260046921579337420180110160    -0.3781966559179733749101629259287823824178273323274249597473095389
0.0241808136836784280458268210801287281665403963801844642648327737    -0.3541369127189609972564885644053786754728159429738303533738501307
0.0244094699446545962616157206085453668345205425142266777924672139    -0.3298404172297679419312119678292817846088246196176963246558579828
0.0246218076641363237874441026577433746698179044827797296026801904    -0.3053234124647094644015260648590184007071380475964904153669402523
0.0248176848872994702182498169103322973450067494058617034824699901    -0.2806022888558822117557779597923056047832162323633884603099707358
0.0249969706637091305995978733653572699689488452313757119689907089    -0.2556935732956152053722818253504546864211597549528313649151727967
0.0251595451348642790831865481245963501976787622812938298719872783    -0.2306139180876927039926919330889343025789742461540288857306782742
0.0253052996143270979352585241888862313594382915480329403862752565    -0.2053800898147354090763918310058223812967236512800969421562656771
0.0254341366603834210069146601810396375392666170696397720052328375    -0.1800089581291825272178097379899110170106316374485453445776073064
0.0255459701411857143083562469479144339255496511048528313379191904    -0.1545174844753682813730275434233306212954271336670384845636313502
0.0256407252923350422761295308547792521777208440041304254930483376    -0.1289227107502325295885867114251843568516209938690669229797128118
0.0257183387668635233368140323064229739014727430920549907946964407    -0.1032417479102461761113573102144047849190071345019759534535506071
0.0257787586775838590833296830921430150805318132660714911328650334    -0.0774917645321680177991540533492314904842731739213989366235625015
0.0258219446317776244028657892376777033403232894345308684726642121    -0.0516899753352805346417338409490336723067193994449361624976687791
0.0258478677581991278235563800149292328739523674682507726557670904    -0.0258536296727778863319343628149132684711864941707447927870659393
0.0258565107263767887617907425378198447786884278554540708426083150    0.0000000000000000000000000000000000000000000000000000000000000000
0.0258478677581991278235563800149292328739523674682507726557670904    0.0258536296727778863319343628149132684711864941707447927870659393
0.0258219446317776244028657892376777033403232894345308684726642121    0.0516899753352805346417338409490336723067193994449361624976687791
0.0257787586775838590833296830921430150805318132660714911328650334    0.0774917645321680177991540533492314904842731739213989366235625015
0.0257183387668635233368140323064229739014727430920549907946964407    0.1032417479102461761113573102144047849190071345019759534535506071
0.0256407252923350422761295308547792521777208440041304254930483376    0.1289227107502325295885867114251843568516209938690669229797128118
0.0255459701411857143083562469479144339255496511048528313379191904    0.1545174844753682813730275434233306212954271336670384845636313502
0.0254341366603834210069146601810396375392666170696397720052328375    0.1800089581291825272178097379899110170106316374485453445776073064
0.0253052996143270979352585241888862313594382915480329403862752565    0.2053800898147354090763918310058223812967236512800969421562656771
0.0251595451348642790831865481245963501976787622812938298719872783    0.2306139180876927039926919330889343025789742461540288857306782742
0.0249969706637091305995978733653572699689488452313757119689907089    0.2556935732956152053722818253504546864211597549528313649151727967
0.0248176848872994702182498169103322973450067494058617034824699901    0.2806022888558822117557779597923056047832162323633884603099707358
0.0246218076641363237874441026577433746698179044827797296026801904    0.3053234124647094644015260648590184007071380475964904153669402523
0.0244094699446545962616157206085453668345205425142266777924672139    0.3298404172297679419312119678292817846088246196176963246558579828
0.0241808136836784280458268210801287281665403963801844642648327737    0.3541369127189609972564885644053786754728159429738303533738501307
0.0239359917455197653818754691565237871260046921579337420180110160    0.3781966559179733749101629259287823824178273323274249597473095389
0.0236751678017835922346449692860759190098399918527162907882137249    0.4020035620892666383678270911304313947316493028156880812040254334
0.0233985162219481476196354769651793071452146239638160918845370170    0.4255417155252614263044506486461295798162608443484421729065046062
0.0231062219567932832845799566404541656943292178747616871286590921    0.4487953801885177000831157915403744799663573839574172051040399060
0.0227984804147548989391214214312494813947594923240706502780841306    0.4717490102317996950153850128465832842171200521023661048430815486
0.0224754973312881226846918398397184575882632178651283612316890115    0.4943872603909925948035089904981077166479779699797754912957288725
0.0221374886313265798563075480692495966617518456489185960635468951    0.5166949962439229587079819880241165901579016625790642583921081134
0.0217846802849297111397339582435309399475688433402754783005654748    0.5386573043282245879705899800511519912885969667571301337298348973
0.0214173081562146576418553625675915989321682394667875018852079211    0.5602595021114857624831694424588171065150457867321848225828600078
0.0210356178456737237372861359985126647750691573796374989158766542    0.5814871478070125483634850024262045591976649555937082129641872413
0.0206398645259828552809164758256487813396068387867965842834684737    0.6023260500286461069466069004832228413052852196890277052844890046
0.0202303127714109286121246979255112248490474513613429797482250868    0.6227622772781795580534383815234981060807790895626215832855481520
0.0198072363809439323367899950475065069687215360155984880430286030    0.6427821672590318951346329655119564341013957348871374259962074858
0.0193709181952423370922755792081527986924797951502510564222060936    0.6623723360099526446724798096832010692058522051130431981770333062
0.0189216499075540866981438503362117191324255863746198906664030526    0.6815196868526513328362439951741210374763354131839189443249288927
0.0184597318687097061358627868881034728993163213910555519672192803    0.7002114191473702931848104036270095039371030833730458547559520459
0.0179854728863300073331999722278031720707434810466612030726813671    0.7184350368505478437833973883319898515642959998107047716486531541
0.0174991900183807835556008031534375226066854883238776307529836563    0.7361783568688513042255430565002783917984475023963477697925031047
0.0170012083612127198561214013837333262092469023081502528310467305    0.7534295172039956381107447658794629520684504536626631464171570976
0.0164918608322285156663814340260174719845619239809327962057817371    0.7701769848829036236551362969475905593122314456811669632708429135
0.0159714879473229254608883863482344340222889028833395080520506107    0.7864095636679073104872980361940841685644682683340664394147271156
0.0154404375932450901676939034754172063953299986141004366526205054    0.8021164015418380626900798787493357275726733859540566144552759550
0.0148990647950361816339231046451947962019559468992840205449635135    0.8172869979630036856029118403245390320313572764727001921827507397
0.0143477314786990578886665041175629795097357396701722304177430782    0.8319112108852059893595575238280916817718511375766973394227267500
0.0137868062292603992570394548292603150708851593411225693512774567    0.8459792635381107139399714649424929325576937148061227325932496111
0.0132166640443897835914293002581152775752708753769519283601924836    0.8594817509634441798959389346533587045227041982245983424410411881
0.0126376860837445654071423438012257538173935571315091351636863937    0.8724096463026576439186174210183111078002099422140950490592169463
0.0120502594142145994232989595617184369606069567691321006316505956    0.8847543068318717065069327137582869322312333126828205189672103924
0.0114547767512474160160633472576651746600602761049304707673390898    0.8965074797400902902997765380177226300024084624226246235745750215
0.0108516361964435459222312829142351887352562132482805997873457535    0.9076613076468585819393463149851262063568975187564030518879943040
0.0102412409716254223295471592380341634212516384886561487037022228    0.9182083338557353770922135776038182752066175309461911661466162767
0.0096239991496057548048574877032848927950523329417486038461072175    0.9281415073401639470657983884222607634596617062646770826279775864
0.0090003233819206764452562496992201110728733542169395367914734536    0.9374541874585692109329786183023839533123086547253965719936120006
0.0083706306238664336961123815929176721041254587750130475268272346    0.9461401483958070821454181247929649625850622568244249595900124881
0.0077353418573233101087108057862978880248984236843227507127754539    0.9541935833284946422912370594989206593210396192989727089647214465
0.0070948818121528804229051969010918232682450051191104409830532147    0.9616091083123656611795363094521013925320893282236060555452929931
0.0064496786876247086821622229440263771415388638382879598505517823    0.9683817658908715464187472366743342365615812244518246582229153862
0.0058001638769164628768029674756176342024955694865922560693453224    0.9745070284263808113685822228817082484422266795713623556568576098
0.0051467717018011931341083425567094221623485659461161464281510225    0.9799808011600816958720709520156437809402597912167348756397588947
0.0044899391760938505977666907791387497366470968136397329530183211    0.9847994250185215537717979348700174267877040717731125775936388973
0.0038301058526489334620880904690217717278574283095094486321181419    0.9889596792178342395858446829246279949630376791154415567028311657
0.0031677139413639288817385273219166163860674345982800179015193341    0.9924587838231076208345424018974405748339598614518630202013000532
0.0025032094764987508718518889158565058454189388631233372243117085    0.9952944028278845178595657720491007283788960664275158686762370771
0.0018370487801022518950045284635946510454444163712393436219181109    0.9974646503093890179364162936842047984898317779512510109305419873
0.0011697458310437232180685131838990113727596209681312885466695655    0.9989681163327500977976442956324307382799271615723850964989463049
0.0005026493233937661674521247011254419462745477161213633089526834    0.9998041299760687506622614836428878797466999946233091119861865711
