0.0007494736467374053633752499459777299831779874950638710628203934    -0.9997079439521693558635838494203991062194977961961950921808080365
0.0017439069582192449386366231999097691287734952314088442325079222    -0.9984614938358413389728812739930472680714866767513212633311525980
0.0027380758736268780913246762814610732635594197834220968174166517    -0.9962203386730886085628952619380846955547936979620077502672834815
0.0037296434872430347491988242152107629960700488039888593436390289    -0.9929862141331122773296342102916976005169405608907510093431619993
0.0047175190375208300796874553644173863493215311483389180114574413    -0.9887622829898736125103418548230837465510432462685431001884347544
0.0057006997733959268751523934781499943277760047786507922480462571    -0.9835527411562800129655622020544128883617475186372137619286473479
0.0066782008605750981651840628893000523695028628452364280512206055    -0.9773627767507059445697940308833323716718240852656595987071791259
0.0076490462793352579353904672907547606110543864560327941460322395    -0.9701985580742902154807298878882171584066370004062201330195537047
0.0086122676154788889917328440468880075699493980060770479574974755    -0.9620672256409019427390713285995995675890502171628068777678300582
0.0095669044113261363568988663415859664673654250069605961512260301    -0.9529768844533735025756680356639916789114028377646702340558484830
0.0105120049155247454057489841868629750981768348709067883424330294    -0.9429365956884794102946594899832572320035527699290967839084307114
0.0114466269514982537611325466627994587268300814964784610910676984    -0.9319563675614969643616503576423422446373919807660948285386382482
0.0123698388221751621034334158893849341521079124405456855920754656    -0.9200471453005002187151302818722262832188572863408349538592636734
0.0132807202226572834799539150672735783524993173184114350084797286    -0.9072208002105735682378803752412350389261350691885267452662306685
0.0141783631495794460661429551590927531074103935426855060435680035    -0.8934901178264142150022447127775870669989789688161412343863644758
0.0150618728019902333129529739651460149287012206466083390910867128    -0.8788687851595138502700772331623614957202016462915449787635695399
0.0159303684709608497110377844132446576003497222207970259056210274    -0.8633713770499170444348983779597721903520372921750104970735096186
0.0167829844161387070895026810247372592811897154155225678378329992    -0.8470133416347741472991399689678727695071846494712580484879678026
0.0176188707279243805067572544207632340926791065374257727758328963    -0.8298109849474305650290496171666239990661701413973911182355515470
0.0184371941741784992709854519039826811926374887907387902170361758    -0.8117814546619891346830123829252580111868163577067230868236239697
0.0192371390304871847986738231110730474895577210793922450507122535    -0.7929427229993088939084995027744781803472388627111666636547079149
0.0200179078930865662079476792930684980449610594961166605488724851    -0.7733135688113361451984373874119972205531493656382035489797154250
0.0207787224735942112074252299070887453719103595748744307608333659    -0.7529135588615381182545081473854648368689666552136139724348479249
0.0215188243747302238182466600984630077527937648955892607565177453    -0.7317630283200435221808184283124956246960925964711194003331133695
0.0222374758462393715843557740800879863995730886505282378003795506    -0.7098830604928968582065032443976361156951326620178408256225563632
0.0229339605202510552840832469028682854373775071475831517604988646    -0.6872954658056090975006262074823710684471382538429554816018071507
0.0236075841253378940466179128892762441052016627713061555186522604    -0.6640227600619384575583423230049315514783972977364816965033460522
0.0242576751785570782316404026990736752264823568976952720801649219    -0.6400881419995625251028204264285470869369569962840062121422273777
0.0248835856547819464459872830315098085635120925786763267579267796    -0.6155154701650071770507071817426114563869917441448265624311091633
0.0254846916326547546505823492427660345455073534135598169369430648    -0.5903292391308785642166500128069391921516998674895347727919745729
0.0260603939165154825409286756915010989872879073225607852888061648    -0.5645545550791015507430944044975936324953570799895513059330516609
0.0266101186336858513017921736445690255462232705772068783654389668    -0.5382171107745010325448689759156100398961426755154775360631390924
0.0271333178065125509263932658767166045754548979749342761293175215    -0.5113431599536710142191368157561920614128259489520897463674205882
0.0276294698985990123220761081411213270919480635898055968471401697    -0.4839594911546597001772567197781562152573739113451482487146511280
0.0280980803346809112659342505294548853298339858085634345655028309    -0.4560934010135566372929605513553388780668369408626354937047315653
0.0285386819936269497266369321043978658578239870154417249349142502    -0.4277726670545996217551676032355076711382036534468368844031443455
0.0289508356740733104037385645763869954942826540394712802179451578    -0.3990255200009241523793177906137924178159332587514667994211914456
0.0293341305322275034764333089971823190469311853677240631863579742    -0.3698806156335561937286669256613113778186147595350324912925152341
0.0296881844914050984480176356068396956601636865666506017264872405    -0.3403670062266994430413909899237558844743694125190267350851827514
0.0300126446228910344719028256941974465678279970487736420905307883    -0.3105141115877907363239912163818109710633712728998785433038151465
0.0303071874977458039796127056384741237937017018933031758909095383    -0.2803516897311912671776648442893160893757194554972958416435436242
0.0305715195092057799921820994191640449014488310514566502409945031    -0.2499098072147465393588343946951035376317011446447071526839555540
0.0308053771653562794991792442702943185882459313236988371343108176    -0.2192188091687840703894438301055246923235264778357313375161291333
0.0310085273517855953583349186590341264219731071003717351532078762    -0.1883092890474244764216349469307616280062081966023286434516898801
0.0311807675639581583703344141315390874417730074824891072897958774    -0.1572120581323583943837994344042843258396699946088998678832424450
0.0313219261090751801281746928009648269888281028411811855133260004    -0.1259581148194884617182407529553694527931757180378455840207195168
0.0314318622772215461615212751868406444996155555925269500217178800    -0.0945786137190520318764385504821390925594316236512925076291780472
0.0315104664816283477132379491399539982333342233467873547955613698    -0.0631048346000262402065079283750402047079982712873570574849575689
0.0315576603679112288580920882306150621511205591959303627677307683    -0.0315681512097722652034581264672610219776578295680179303013757973
0.0315733968921756530513741693170682405723440510410003598832104605    0.0000000000000000000000000000000000000000000000000000000000000000
0.0315576603679112288580920882306150621511205591959303627677307683    0.0315681512097722652034581264672610219776578295680179303013757973
0.0315104664816283477132379491399539982333342233467873547955613698    0.0631048346000262402065079283750402047079982712873570574849575689
0.0314318622772215461615212751868406444996155555925269500217178800    0.0945786137190520318764385504821390925594316236512925076291780472
0.0313219261090751801281746928009648269888281028411811855133260004    0.1259581148194884617182407529553694527931757180378455840207195168
0.0311807675639581583703344141315390874417730074824891072897958774    0.1572120581323583943837994344042843258396699946088998678832424450
0.0310085273517855953583349186590341264219731071003717351532078762    0.1883092890474244764216349469307616280062081966023286434516898801
0.0308053771653562794991792442702943185882459313236988371343108176    0.2192188091687840703894438301055246923235264778357313375161291333
0.0305715195092057799921820994191640449014488310514566502409945031    0.2499098072147465393588343946951035376317011446447071526839555540
0.0303071874977458039796127056384741237937017018933031758909095383    0.2803516897311912671776648442893160893757194554972958416435436242
0.0300126446228910344719028256941974465678279970487736420905307883    0.3105141115877907363239912163818109710633712728998785433038151465
0.0296881844914050984480176356068396956601636865666506017264872405    0.3403670062266994430413909899237558844743694125190267350851827514
0.0293341305322275034764333089971823190469311853677240631863579742    0.3698806156335561937286669256613113778186147595350324912925152341
0.0289508356740733104037385645763869954942826540394712802179451578    0.3990255200009241523793177906137924178159332587514667994211914456
0.0285386819936269497266369321043978658578239870154417249349142502    0.4277726670545996217551676032355076711382036534468368844031443455
0.0280980803346809112659342505294548853298339858085634345655028309    0.4560934010135566372929605513553388780668369408626354937047315653
0.0276294698985990123220761081411213270919480635898055968471401697    0.4839594911546597001772567197781562152573739113451482487146511280
0.0271333178065125509263932658767166045754548979749342761293175215    0.5113431599536710142191368157561920614128259489520897463674205882
0.0266101186336858513017921736445690255462232705772068783654389668    0.5382171107745010325448689759156100398961426755154775360631390924
0.0260603939165154825409286756915010989872879073225607852888061648    0.5645545550791015507430944044975936324953570799895513059330516609
0.0254846916326547546505823492427660345455073534135598169369430648    0.5903292391308785642166500128069391921516998674895347727919745729
0.0248835856547819464459872830315098085635120925786763267579267796    0.6155154701650071770507071817426114563869917441448265624311091633
0.0242576751785570782316404026990736752264823568976952720801649219    0.6400881419995625251028204264285470869369569962840062121422273777
0.0236075841253378940466179128892762441052016627713061555186522604    0.6640227600619384575583423230049315514783972977364816965033460522
0.0229339605202510552840832469028682854373775071475831517604988646    0.6872954658056090975006262074823710684471382538429554816018071507
0.0222374758462393715843557740800879863995730886505282378003795506    0.7098830604928968582065032443976361156951326620178408256225563632
0.0215188243747302238182466600984630077527937648955892607565177453    0.7317630283200435221808184283124956246960925964711194003331133695
0.0207787224735942112074252299070887453719103595748744307608333659    0.7529135588615381182545081473854648368689666552136139724348479249
0.0200179078930865662079476792930684980449610594961166605488724851    0.7733135688113361451984373874119972205531493656382035489797154250
0.0192371390304871847986738231110730474895577210793922450507122535    0.7929427229993088939084995027744781803472388627111666636547079149
0.0184371941741784992709854519039826811926374887907387902170361758    0.8117814546619891346830123829252580111868163577067230868236239697
0.0176188707279243805067572544207632340926791065374257727758328963    0.8298109849474305650290496171666239990661701413973911182355515470
0.0167829844161387070895026810247372592811897154155225678378329992    0.8470133416347741472991399689678727695071846494712580484879678026
0.0159303684709608497110377844132446576003497222207970259056210274    0.8633713770499170444348983779597721903520372921750104970735096186
0.0150618728019902333129529739651460149287012206466083390910867128    0.8788687851595138502700772331623614957202016462915449787635695399
0.0141783631495794460661429551590927531074103935426855060435680035    0.8934901178264142150022447127775870669989789688161412343863644758
0.0132807202226572834799539150672735783524993173184114350084797286    0.9072208002105735682378803752412350389261350691885267452662306685
0.0123698388221751621034334158893849341521079124405456855920754656    0.9200471453005002187151302818722262832188572863408349538592636734
0.0114466269514982537611325466627994587268300814964784610910676984    0.9319563675614969643616503576423422446373919807660948285386382482
0.0105120049155247454057489841868629750981768348709067883424330294    0.9429365956884794102946594899832572320035527699290967839084307114
0.0095669044113261363568988663415859664673654250069605961512260301    0.9529768844533735025756680356639916789114028377646702340558484830
0.0086122676154788889917328440468880075699493980060770479574974755    0.9620672256409019427390713285995995675890502171628068777678300582
0.0076490462793352579353904672907547606110543864560327941460322395    0.9701985580742902154807298878882171584066370004062201330195537047
0.0066782008605750981651840628893000523695028628452364280512206055    0.9773627767507059445697940308833323716718240852656595987071791259
0.0057006997733959268751523934781499943277760047786507922480462571    0.9835527411562800129655622020544128883617475186372137619286473479
0.0047175190375208300796874553644173863493215311483389180114574413    0.9887622829898736125103418548230837465510432462685431001884347544
0.0037296434872430347491988242152107629960700488039888593436390289    0.9929862141331122773296342102916976005169405608907510093431619993
0.0027380758736268780913246762814610732635594197834220968174166517    0.9962203386730886085628952619380846955547936979620077502672834815
0.0017439069582192449386366231999097691287734952314088442325079222    0.9984614938358413389728812739930472680714866767513212633311525980
0.0007494736467374053633752499459777299831779874950638710628203934    0.9997079439521693558635838494203991062194977961961950921808080365
