0.0070186100094700966004070637388531825133772207289396032320082356    -0.9972638618494815635449811286650407271385376637294611593011185458
0.0162743947309056706051705622063866181795429637952095664295931750    -0.9856115115452683354001750446309019786323957143358063182107821706
0.0253920653092620594557525897892240292875540475469487209362512822    -0.9647622555875064307738119281182749603888952204430187193220113218
0.0342738629130214331026877322523727069948402029116274337814057454    -0.9349060759377396891709191348354093255286714322828372184584037398
0.0428358980222266806568786466061255284928108575989407395620219409    -0.8963211557660521239653072437192122684789964967957595765636154130
0.0509980592623761761961632446895216952601847767397628437069071237    -0.8493676137325699701336930049677425389548867930497592331002195986
0.0586840934785355471452836373001708867501204674575467587150032786    -0.7944837959679424069630972989704289020954794016388354532507582450
0.0658222227763618468376500637069387728775364473732465153710916697    -0.7321821187402896803874266650912671466302704835066291008211395733
0.0723457941088485062253993564784877916043369833018248707397632824    -0.6630442669302152009751151686632383689770222859605053010170834965
0.0781938957870703064717409188283066710397867984821591903074815539    -0.5877157572407623290407454764018268584509401154544205727031788473
0.0833119242269467552221990746043486115387468839428344598401864047    -0.5068999089322293900237474743778212301802836995994354639743662810
0.0876520930044038111427714627518022875484497217017572223192228035    -0.4213512761306353453641194361724264783358772886324433305416613405
0.0911738786957638847128685771116370625448614132753900053231278740    -0.3318686022821276497799168057301879961957751368050598360182296306
0.0938443990808045656391802376681172600361000757462364500506275696    -0.2392873622521370745446032091655015206088554219602530155470960996
0.0956387200792748594190820022041311005948905081620055509529898509    -0.1444719615827964934851863735988106522038459913156355521379528938
0.0965400885147278005667648300635757947368606312355700687323182100    -0.0483076656877383162348125704405021636908472517308488971677937345
0.0965400885147278005667648300635757947368606312355700687323182100    0.0483076656877383162348125704405021636908472517308488971677937345
0.0956387200792748594190820022041311005948905081620055509529898509    0.1444719615827964934851863735988106522038459913156355521379528938
0.0938443990808045656391802376681172600361000757462364500506275696    0.2392873622521370745446032091655015206088554219602530155470960996
0.0911738786957638847128685771116370625448614132753900053231278740    0.3318686022821276497799168057301879961957751368050598360182296306
0.0876520930044038111427714627518022875484497217017572223192228035    0.4213512761306353453641194361724264783358772886324433305416613405
0.0833119242269467552221990746043486115387468839428344598401864047    0.5068999089322293900237474743778212301802836995994354639743662810
0.0781938957870703064717409188283066710397867984821591903074815539    0.5877157572407623290407454764018268584509401154544205727031788473
0.0723457941088485062253993564784877916043369833018248707397632824    0.6630442669302152009751151686632383689770222859605053010170834965
0.0658222227763618468376500637069387728775364473732465153710916697    0.7321821187402896803874266650912671466302704835066291008211395733
0.0586840934785355471452836373001708867501204674575467587150032786    0.7944837959679424069630972989704289020954794016388354532507582450
0.0509980592623761761961632446895216952601847767397628437069071237    0.8493676137325699701336930049677425389548867930497592331002195986
0.0428358980222266806568786466061255284928108575989407395620219409    0.8963211557660521239653072437192122684789964967957595765636154130
0.0342738629130214331026877322523727069948402029116274337814057454    0.9349060759377396891709191348354093255286714322828372184584037398
0.0253920653092620594557525897892240292875540475469487209362512822    0.9647622555875064307738119281182749603888952204430187193220113218
0.0162743947309056706051705622063866181795429637952095664295931750    0.9856115115452683354001750446309019786323957143358063182107821706
0.0070186100094700966004070637388531825133772207289396032320082356    0.9972638618494815635449811286650407271385376637294611593011185458
