0.0009059323712148330937245142086768676183206764648099217939087789    -0.9996469712866384374632484500365299054403118187358885508512832401
0.0021077787745263298914757056778667995511917561723098963282744826    -0.9981403799385681535613056189530678350723762151433481483079012442
0.0033088672433360181954317836948262142697532907701662810367475055    -0.9954318120583446639267554069707864331569766577387278643256746989
0.0045061236136749778641379963746426616076842477690890565499192360    -0.9915239288110627861291469243021794888060124290366298701116055195
0.0056979815607473526008478220453591353975252222133854135832621773    -0.9864213650578328487342540571124230092282981978712790788316578691
0.0068829832084632843147300704869690055258927817946306583618141388    -0.9801302513451483854589532228122926504155649265668295875307561332
0.0080596949446200156586717877656815754982136556309027135251941386    -0.9726581620901931399974648304452286201339287854523827213239624290
0.0092266969577419909403196983823566215340408844616600477049197732    -0.9640140981715054833936665919701623180135951184622414111465424310
0.0103825823098932146138077066652438224225600426103104291253570475    -0.9542084738815003361607202633694802382907257191723611299992315603
0.0115259578891480588505937631794883233030700057209760999536725242    -0.9432531036453577681535752164282007475455014295772519159855179162
0.0126554458371681288688760239416174371578300258947702787493557957    -0.9311611875004320070058466122294575339230370699678803097308899090
0.0137696851123370934307514036294055186697533595222099475838668792    -0.9179472950665863833723563159708843141188088353787784053104356469
0.0148673330880433240503845797896002474947130532146155910537054469    -0.9036273479313026938699855826153272401481666824901927703016624863
0.0159470671510066390132068013372140191697474780560639887585758599    -0.8882186004347459812983757255594339931330404433100763252617758717
0.0170075862852226757093973341213835670672606407841280678316362806    -0.8717396188629034344740278876385634241034632367150358529262390864
0.0180476126344602361640497073919141668280447375358252624301524431    -0.8542102590670718822860215085971554440325458706958952252435835265
0.0190658930391373184253235301262648335214900066014380075108137862    -0.8356516425333770455641991520144477035779867359315983046709403323
0.0200612005446395959645324726142401557495367077277554206446232328    -0.8160861309294810564437536173704038951860943539271900177743728044
0.0210323358787225631170623196214244601977580042586225513755824590    -0.7955372991582481348636005874834600453201926342465736807840136114
0.0219781288959341338386918188398510663651080119436177560924370392    -0.7740299069503342468069579916999566361044258927908947545655661122
0.0228974399871631846349886389888329367973649642012700838650893747    -0.7515898690296384681784152024779786289295054600871420647708247310
0.0237891614525287232101008844471321631903659204467770423527026535    -0.7282442238873903636257994976858538316350491034847519204602502430
0.0246522188359048529359660620629704887104454842156381383281741602    -0.7040211012023911435554693642071190988300439873892678359540022178
0.0254855722194432284844673207476370614847954085235005365329518186    -0.6789496879465971461812686452802890877559845006395876436338876620
0.0262882174765145873615958882973237405614553876881367159322363420    -0.6530601932168421919612621162866764743071190227213001068176240656
0.0270591874815479585216142354496520911533816147895932213351387606    -0.6263838118350451267626093316967541946751580592439790830186204621
0.0277975532753022751580386497773601975251250912120537286827163864    -0.5989526867607421858887693830388137473597277467291268655387421337
0.0285024251841614163187553339309557944885986626216237180632612693    -0.5707998703612209787053616714122473450576253730036803783651663076
0.0291729538921007424865579906301615887103473470305904611228369442    -0.5419592845859134261893045048409118776289921815947996657825747260
0.0298083314640312754871478354582798107981485580420530804839252003    -0.5124656800930279709884624882782304209091347347245690281076897103
0.0304077923192869526903943309389610462462739971488387172800056412    -0.4823545943776656925201212219509742229130291355651246953130566655
0.0309706141540809209459366049180368106687358279461365344578033369    -0.4516623089518693675763786329544828540760302001243862701039862941
0.0314961188118186360769579304529577022146495221476710394658385457    -0.4204258056281977561013954458703565365431293239712092489673860131
0.0319836731002185760394559754354448613126726694709223921036310264    -0.3886827219594982067765090858066023004009479901592915894247242595
0.0324326895542556169117895440515501988213467782878730669261379307    -0.3564713058885678461311885150456085947467501676283651288528125511
0.0328426271440075045786302847995380084443702081107652868537709663    -0.3238303696623459665113952484994100788311024599079565169900265058
0.0332129919265513165140408290865795105328088652719689424301316928    -0.2907992430661666515496021202274425278463275433005002020506166014
0.0335433376411242766829331069386480136080141608377020991652773252    -0.2574177260344201299208875667931800331719138243024470172194446095
0.0338332662468316872579275082464883578341080433542262385089945789    -0.2237260406947228592689584073994481393556022058578154953185269642
0.0340824284022539954636050217599882841322349842871416594991613789    -0.1897647829033790190208742531811678866535030824532657430794391583
0.0342905238863750419316973050281440777564662780010161899045894236    -0.1555748733305291195114051263719197868661274103015708273105903065
0.0344573019603242561745956387045695363224927732375644249369567219    -0.1211975081539240829687492773975291679251535531540928044174504780
0.0345825616694968914180537973084053236838752700836177067276448533    -0.0866741094207347700852365464770847166192082905960724302234219382
0.0346661520856882401882723085219480732094601594826840011171608801    -0.0520462751372069490592787303842848510544633812652962427268422413
0.0347079724889500579204601341244078228429674344133475839300437631    -0.0173557291462996524612983727081818825521528692461744513918709415
0.0347079724889500579204601341244078228429674344133475839300437631    0.0173557291462996524612983727081818825521528692461744513918709415
0.0346661520856882401882723085219480732094601594826840011171608801    0.0520462751372069490592787303842848510544633812652962427268422413
0.0345825616694968914180537973084053236838752700836177067276448533    0.0866741094207347700852365464770847166192082905960724302234219382
0.0344573019603242561745956387045695363224927732375644249369567219    0.1211975081539240829687492773975291679251535531540928044174504780
0.0342905238863750419316973050281440777564662780010161899045894236    0.1555748733305291195114051263719197868661274103015708273105903065
0.0340824284022539954636050217599882841322349842871416594991613789    0.1897647829033790190208742531811678866535030824532657430794391583
0.0338332662468316872579275082464883578341080433542262385089945789    0.2237260406947228592689584073994481393556022058578154953185269642
0.0335433376411242766829331069386480136080141608377020991652773252    0.2574177260344201299208875667931800331719138243024470172194446095
0.0332129919265513165140408290865795105328088652719689424301316928    0.2907992430661666515496021202274425278463275433005002020506166014
0.0328426271440075045786302847995380084443702081107652868537709663    0.3238303696623459665113952484994100788311024599079565169900265058
0.0324326895542556169117895440515501988213467782878730669261379307    0.3564713058885678461311885150456085947467501676283651288528125511
0.0319836731002185760394559754354448613126726694709223921036310264    0.3886827219594982067765090858066023004009479901592915894247242595
0.0314961188118186360769579304529577022146495221476710394658385457    0.4204258056281977561013954458703565365431293239712092489673860131
0.0309706141540809209459366049180368106687358279461365344578033369    0.4516623089518693675763786329544828540760302001243862701039862941
0.0304077923192869526903943309389610462462739971488387172800056412    0.4823545943776656925201212219509742229130291355651246953130566655
0.0298083314640312754871478354582798107981485580420530804839252003    0.5124656800930279709884624882782304209091347347245690281076897103
0.0291729538921007424865579906301615887103473470305904611228369442    0.5419592845859134261893045048409118776289921815947996657825747260
0.0285024251841614163187553339309557944885986626216237180632612693    0.5707998703612209787053616714122473450576253730036803783651663076
0.0277975532753022751580386497773601975251250912120537286827163864    0.5989526867607421858887693830388137473597277467291268655387421337
0.0270591874815479585216142354496520911533816147895932213351387606    0.6263838118350451267626093316967541946751580592439790830186204621
0.0262882174765145873615958882973237405614553876881367159322363420    0.6530601932168421919612621162866764743071190227213001068176240656
0.0254855722194432284844673207476370614847954085235005365329518186    0.6789496879465971461812686452802890877559845006395876436338876620
0.0246522188359048529359660620629704887104454842156381383281741602    0.7040211012023911435554693642071190988300439873892678359540022178
0.0237891614525287232101008844471321631903659204467770423527026535    0.7282442238873903636257994976858538316350491034847519204602502430
0.0228974399871631846349886389888329367973649642012700838650893747    0.7515898690296384681784152024779786289295054600871420647708247310
0.0219781288959341338386918188398510663651080119436177560924370392    0.7740299069503342468069579916999566361044258927908947545655661122
0.0210323358787225631170623196214244601977580042586225513755824590    0.7955372991582481348636005874834600453201926342465736807840136114
0.0200612005446395959645324726142401557495367077277554206446232328    0.8160861309294810564437536173704038951860943539271900177743728044
0.0190658930391373184253235301262648335214900066014380075108137862    0.8356516425333770455641991520144477035779867359315983046709403323
0.0180476126344602361640497073919141668280447375358252624301524431    0.8542102590670718822860215085971554440325458706958952252435835265
0.0170075862852226757093973341213835670672606407841280678316362806    0.8717396188629034344740278876385634241034632367150358529262390864
0.0159470671510066390132068013372140191697474780560639887585758599    0.8882186004347459812983757255594339931330404433100763252617758717
0.0148673330880433240503845797896002474947130532146155910537054469    0.9036273479313026938699855826153272401481666824901927703016624863
0.0137696851123370934307514036294055186697533595222099475838668792    0.9179472950665863833723563159708843141188088353787784053104356469
0.0126554458371681288688760239416174371578300258947702787493557957    0.9311611875004320070058466122294575339230370699678803097308899090
0.0115259578891480588505937631794883233030700057209760999536725242    0.9432531036453577681535752164282007475455014295772519159855179162
0.0103825823098932146138077066652438224225600426103104291253570475    0.9542084738815003361607202633694802382907257191723611299992315603
0.0092266969577419909403196983823566215340408844616600477049197732    0.9640140981715054833936665919701623180135951184622414111465424310
0.0080596949446200156586717877656815754982136556309027135251941386    0.9726581620901931399974648304452286201339287854523827213239624290
0.0068829832084632843147300704869690055258927817946306583618141388    0.9801302513451483854589532228122926504155649265668295875307561332
0.0056979815607473526008478220453591353975252222133854135832621773    0.9864213650578328487342540571124230092282981978712790788316578691
0.0045061236136749778641379963746426616076842477690890565499192360    0.9915239288110627861291469243021794888060124290366298701116055195
0.0033088672433360181954317836948262142697532907701662810367475055    0.9954318120583446639267554069707864331569766577387278643256746989
0.0021077787745263298914757056778667995511917561723098963282744826    0.9981403799385681535613056189530678350723762151433481483079012442
0.0009059323712148330937245142086768676183206764648099217939087789    0.9996469712866384374632484500365299054403118187358885508512832401
