0.0005562248731995602726076641046633573539783468923525004255872425    -0.9997832521535362124977968753781849736540112479741136907168546302
0.0012943862887496521674086222078731295087514519776542433295193554    -0.9988581446231311914191399676455676205847128750759044498135689445
0.0020326839620277426995747601931247420526200257735601722692210178    -0.9971945235813189687131597573661403288159166947759123671517396342
0.0027695729071988248385992987219501710172446377040703868843832974    -0.9947932499340714503083728464346847078113692505567893522954987240
0.0035044320345559271213722173258521918886355104074474975694694601    -0.9916560548070082253576912703958620762060425404319477092590874938
0.0042367043349675394828852570174889773471804561721421594879018110    -0.9877852482420589437644124425672760296966628119141836004469796636
0.0049658445349982372167426069378839428793873637518125695476244456    -0.9831836902174094374377935158037972368880260794293716034806775387
0.0056913120176604908786385353304587421097500247750544223253758746    -0.9778547834482727230690692609138079241913334071418027340144143296
0.0064125696033741241605635638915381542662278225609473089334891026    -0.9718024695183061854994123416524229585274364094268197668159802247
0.0071290834915700642015093575409385887175915685992910046462973922    -0.9650312255141515978201212897261440632041159628023990731758860979
0.0078403235015858729744201509515450410614431056040035626513840857    -0.9575460605384421755858204571537372466312014280228044459869956103
0.0085457634053402137514201740757740313740139118306056502573383539    -0.9493525119276811274923170502364678833543326926748661471878211249
0.0092448812910783378871659715073481081854194090650462854127638874    -0.9404566411192148010677790144460739918243896390631543377113497724
0.0099371599375621388988855462464571697903495278095517870890865108    -0.9308650291482463961728991928188435540509852478962933485436974009
0.0106220871907588619102908612823556135112657864120525526428645010    -0.9205847717690003922039446291631705298628867264946652037825779758
0.0112991563395870094698987561074838757544646041714432413330281315    -0.9096234741994793209778832764932565962312330812186476548515119040
0.0119678664890360245146370770413808953179190544868209918244205982    -0.8979892454916874487978722382272524356272565450915372552755275099
0.0126277229297187579015889238895836400095597986025839403433196569    -0.8856906925304577471090592912565367044579524535828698608181011928
0.0132782375032514230283048870441209603699771947769943453647540351    -0.8727369136647706261824947063012159150529339211924028533228480656
0.0139189289630172308670626609500059765924159428108202246191957437    -0.8591374919759681167506131576914381160510935723629088256827873739
0.0145493233299523843286645166772379592586183279740146986029048098    -0.8449024881876653823570228019766148032336997963980265855504547263
0.0151689542430379688177353335249496632217860413082665044951759229    -0.8300424332224982041722765734339317296233124188662697517775400223
0.0157773633042074505526407063445097881713887245507435623144196708    -0.8145683204111473738171631544938549323033720675564414305238760106
0.0163741004173960642867626867035998894778563410988004503040817491    -0.7984915973593623672715185588017937542657440251717188146922182762
0.0169587241214698672863919560981984018580346540633940410222583063    -0.7818241574789743409534269800467907586681923272179250851687112348
0.0175308019167809994553161723214014361321834059354623914443445865    -0.7645783311891461686132476918095189158619493861620674681456756333
0.0180899105851029711744538167999931599820921618625186783595802202    -0.7467668767943569681885030954477359191383635996325585419530953018
0.0186356365027062877855241408428078219516022327078096250265035530    -0.7284029710458614557204970781406161986034481082841458736042736273
0.0191675759463407995511084386733472042805340355414041551404759275    -0.7095001993936010916920432951746027980849048080748705806257256705
0.0196853353918970608777994042988653794025029072254254331489221734    -0.6900725459357746398868903270327339724370628874388837108187215486
0.0201885318055248227812584900940332169248457138908010699206395425    -0.6701343830735005542424204193840945648502618778604749015080153916
0.0206767929269926450863962029932832259920014837680092481290023859    -0.6497004608782225580625999078678474749932827992611080821891440139
0.0211497575450785455523306823707959752171574050251321417738498203    -0.6287858961797228351472358699733548158626429148391696292671031645
0.0216070757647876291051964635782427627745371641172226020203628013    -0.6074061613828143309357424023059224454873324035497609415863083295
0.0220484092661987772903902081451814089978570171083440163513248351    -0.5855770730209846597995412144943666572085269697109515756526207784
0.0224734315547487343959101318061098892313822128818283705735434238    -0.5633147800554589165049566399205883494897734342695885175989809893
0.0228818282027683063734223664296667902798902748377131224606969729    -0.5406357519283371739337753750588751444381180742224098145350057888
0.0232732970820918926676780702841265342039409493558144172850095102    -0.5175567663786444913725576197534952432090006998673657912209865518
0.0236475485875681983848557901868576483090991131299383911747789754    -0.4940948970303067341103533923307969914002236805590772199538662453
0.0240043058513067226018741392407943206419914847990703969218891191    -0.4702675007612342934344144068966422637953968340821437900441413461
0.0243433049475014848552879787240959849073276070882126441751202945    -0.4460922048628577768641650632379839212629103631251173650874366810
0.0246642950876804321291543801305928546141076340851748107786275642    -0.4215868939996147956160571416031942259314964584436124526948470158
0.0249670388062360587082473125140466636215031159735185971458766734    -0.3967696969780349979083556736024567151066375834851563761823545431
0.0252513121360999664605328636939368367957766062168537914209368834    -0.3716589733352113753127297766463023101511706903678498851487779840
0.0255169047744313885891775692942244756994305810131660187933876563    -0.3462732997565795022054041875203025100524714929053403975748587981
0.0257636202381970905786295874889492182406693521254668640909309720    -0.3206314563330526577064800461678885689755168377800621818805915865
0.0259912760095275427216603479748233378578372708242673737431644156    -0.2947524126676796327169762878182505172350977985351230750074918363
0.0261997036707418238951637499601419442767218448784786650011030650    -0.2686553138421033544610443674459077997501057712226395812131490794
0.0263887490289413606844589342596871784195863239961002622354822762    -0.2423594662532021854226221264237807456804792472273575000125946794
0.0265582722300803239798556392719991558231877997510155668754702499    -0.2158843233303917963529310180662354395867862452253982085118480345
0.0267081478624282911478958847946819526265924363336404365972760683    -0.1892494711441538033382650206477966568021161797365433641855424255
0.0268382650493486301076603453601906670332392551977409098017183985    -0.1624746139164378316492198953737309392055221776546976461612652114
0.0269485275313239663554294504528189688692493540902826902069076409    -0.1355795594436562648711548117923674661741375622455349539833710363
0.0270388537371680493629747355286753444415974882313688129779340896    -0.1085842044430556030602646239602792049455610360764412076767095241
0.0271091768443713349652986264644388452050557401878659000557871264    -0.0815085198333050406378905877755362361920363810672296332346048457
0.0271594448285356394536922698644349181511447184149898923557318762    -0.0543725359601915415656112383710944657490489676061621060748923204
0.0271896205018612931677022085384160484827472207251783383345055523    -0.0271963277783513000891416271125481178208741132711537901081189629
0.0271996815406583204757830118040316390334569110014205239665007761    0.0000000000000000000000000000000000000000000000000000000000000000
0.0271896205018612931677022085384160484827472207251783383345055523    0.0271963277783513000891416271125481178208741132711537901081189629
0.0271594448285356394536922698644349181511447184149898923557318762    0.0543725359601915415656112383710944657490489676061621060748923204
0.0271091768443713349652986264644388452050557401878659000557871264    0.0815085198333050406378905877755362361920363810672296332346048457
0.0270388537371680493629747355286753444415974882313688129779340896    0.1085842044430556030602646239602792049455610360764412076767095241
0.0269485275313239663554294504528189688692493540902826902069076409    0.1355795594436562648711548117923674661741375622455349539833710363
0.0268382650493486301076603453601906670332392551977409098017183985    0.1624746139164378316492198953737309392055221776546976461612652114
0.0267081478624282911478958847946819526265924363336404365972760683    0.1892494711441538033382650206477966568021161797365433641855424255
0.0265582722300803239798556392719991558231877997510155668754702499    0.2158843233303917963529310180662354395867862452253982085118480345
0.0263887490289413606844589342596871784195863239961002622354822762    0.2423594662532021854226221264237807456804792472273575000125946794
0.0261997036707418238951637499601419442767218448784786650011030650    0.2686553138421033544610443674459077997501057712226395812131490794
0.0259912760095275427216603479748233378578372708242673737431644156    0.2947524126676796327169762878182505172350977985351230750074918363
0.0257636202381970905786295874889492182406693521254668640909309720    0.3206314563330526577064800461678885689755168377800621818805915865
0.0255169047744313885891775692942244756994305810131660187933876563    0.3462732997565795022054041875203025100524714929053403975748587981
0.0252513121360999664605328636939368367957766062168537914209368834    0.3716589733352113753127297766463023101511706903678498851487779840
0.0249670388062360587082473125140466636215031159735185971458766734    0.3967696969780349979083556736024567151066375834851563761823545431
0.0246642950876804321291543801305928546141076340851748107786275642    0.4215868939996147956160571416031942259314964584436124526948470158
0.0243433049475014848552879787240959849073276070882126441751202945    0.4460922048628577768641650632379839212629103631251173650874366810
0.0240043058513067226018741392407943206419914847990703969218891191    0.4702675007612342934344144068966422637953968340821437900441413461
0.0236475485875681983848557901868576483090991131299383911747789754    0.4940948970303067341103533923307969914002236805590772199538662453
0.0232732970820918926676780702841265342039409493558144172850095102    0.5175567663786444913725576197534952432090006998673657912209865518
0.0228818282027683063734223664296667902798902748377131224606969729    0.5406357519283371739337753750588751444381180742224098145350057888
0.0224734315547487343959101318061098892313822128818283705735434238    0.5633147800554589165049566399205883494897734342695885175989809893
0.0220484092661987772903902081451814089978570171083440163513248351    0.5855770730209846597995412144943666572085269697109515756526207784
0.0216070757647876291051964635782427627745371641172226020203628013    0.6074061613828143309357424023059224454873324035497609415863083295
0.0211497575450785455523306823707959752171574050251321417738498203    0.6287858961797228351472358699733548158626429148391696292671031645
0.0206767929269926450863962029932832259920014837680092481290023859    0.6497004608782225580625999078678474749932827992611080821891440139
0.0201885318055248227812584900940332169248457138908010699206395425    0.6701343830735005542424204193840945648502618778604749015080153916
0.0196853353918970608777994042988653794025029072254254331489221734    0.6900725459357746398868903270327339724370628874388837108187215486
0.0191675759463407995511084386733472042805340355414041551404759275    0.7095001993936010916920432951746027980849048080748705806257256705
0.0186356365027062877855241408428078219516022327078096250265035530    0.7284029710458614557204970781406161986034481082841458736042736273
0.0180899105851029711744538167999931599820921618625186783595802202    0.7467668767943569681885030954477359191383635996325585419530953018
0.0175308019167809994553161723214014361321834059354623914443445865    0.7645783311891461686132476918095189158619493861620674681456756333
0.0169587241214698672863919560981984018580346540633940410222583063    0.7818241574789743409534269800467907586681923272179250851687112348
0.0163741004173960642867626867035998894778563410988004503040817491    0.7984915973593623672715185588017937542657440251717188146922182762
0.0157773633042074505526407063445097881713887245507435623144196708    0.8145683204111473738171631544938549323033720675564414305238760106
0.0151689542430379688177353335249496632217860413082665044951759229    0.8300424332224982041722765734339317296233124188662697517775400223
0.0145493233299523843286645166772379592586183279740146986029048098    0.8449024881876653823570228019766148032336997963980265855504547263
0.0139189289630172308670626609500059765924159428108202246191957437    0.8591374919759681167506131576914381160510935723629088256827873739
0.0132782375032514230283048870441209603699771947769943453647540351    0.8727369136647706261824947063012159150529339211924028533228480656
0.0126277229297187579015889238895836400095597986025839403433196569    0.8856906925304577471090592912565367044579524535828698608181011928
0.0119678664890360245146370770413808953179190544868209918244205982    0.8979892454916874487978722382272524356272565450915372552755275099
0.0112991563395870094698987561074838757544646041714432413330281315    0.9096234741994793209778832764932565962312330812186476548515119040
0.0106220871907588619102908612823556135112657864120525526428645010    0.9205847717690003922039446291631705298628867264946652037825779758
0.0099371599375621388988855462464571697903495278095517870890865108    0.9308650291482463961728991928188435540509852478962933485436974009
0.0092448812910783378871659715073481081854194090650462854127638874    0.9404566411192148010677790144460739918243896390631543377113497724
0.0085457634053402137514201740757740313740139118306056502573383539    0.9493525119276811274923170502364678833543326926748661471878211249
0.0078403235015858729744201509515450410614431056040035626513840857    0.9575460605384421755858204571537372466312014280228044459869956103
0.0071290834915700642015093575409385887175915685992910046462973922    0.9650312255141515978201212897261440632041159628023990731758860979
0.0064125696033741241605635638915381542662278225609473089334891026    0.9718024695183061854994123416524229585274364094268197668159802247
0.0056913120176604908786385353304587421097500247750544223253758746    0.9778547834482727230690692609138079241913334071418027340144143296
0.0049658445349982372167426069378839428793873637518125695476244456    0.9831836902174094374377935158037972368880260794293716034806775387
0.0042367043349675394828852570174889773471804561721421594879018110    0.9877852482420589437644124425672760296966628119141836004469796636
0.0035044320345559271213722173258521918886355104074474975694694601    0.9916560548070082253576912703958620762060425404319477092590874938
0.0027695729071988248385992987219501710172446377040703868843832974    0.9947932499340714503083728464346847078113692505567893522954987240
0.0020326839620277426995747601931247420526200257735601722692210178    0.9971945235813189687131597573661403288159166947759123671517396342
0.0012943862887496521674086222078731295087514519776542433295193554    0.9988581446231311914191399676455676205847128750759044498135689445
0.0005562248731995602726076641046633573539783468923525004255872425    0.9997832521535362124977968753781849736540112479741136907168546302
