0.0007967920655520124294381434969435687599310869228268737553691952    -0.9996895038832307668276901057843655192815454627324619920013559630
0.0018539607889469217323359253508939105882082883762771779150610846    -0.9983643758631816777241494395267193633875941398357290168915594509
0.0029107318179349464084106179894007250097471693372343224737616495    -0.9959818429872092906503990848793566005174025592091609428807939074
0.0039645543384446866737334157674196598776912479228658908231833349    -0.9925439003237626245718922977016011408769250697357077500681722154
0.0050142027429275176924701949690308984740741124738811344545686132    -0.9880541263296237994807627724184511945504646006141488872078774012
0.0060585455042359616833167420317290879695781512093560659431210107    -0.9825172635630146774470458318825481179449758130907189140047737576
0.0070964707911538652691441608121433919347720993046935506428464788    -0.9759391745851364664526010342418799091984029545961156034002592977
0.0081268769256987592173824277078559377342447603208381533086164035    -0.9683268284632642121736593664436510583926442480945221385853121207
0.0091486712307833866325846026652079285264488019711332396546848717    -0.9596882914487425393000680258847347411873483664712089005988734294
0.0101607705350084157575876369538253688489848458610459129681794739    -0.9500327177844376357560989484438634878097190045068564867394436398
0.0111621020998384985912132638285620686108639634221780363749858066    -0.9393703397527552169318573794316152183552681470500471605102733324
0.0121516046710883196351813527366672521223706438505791111702619710    -0.9277124567223086909646904726965463869057824857014305065447749631
0.0131282295669615726370636669025991088987756993130077046190262870    -0.9150714231208980742058844661504215420870764189055008771174063395
0.0140909417723148609158616247246366395183921510371114712571655414    -0.9014606353158523413192326973096868378408713797404815065792660445
0.0150387210269949380058762752220975528373848339706362923711579744    -0.8868945174024204160568774333937861588319926450402301332050976276
0.0159705629025622913806164567914930510609914827093368478022015698    -0.8713885059092965028737747644930427147231986371270695914378035481
0.0168854798642451724504775406068619266525996141208106200170346957    -0.8549590334346014554627869698935692606427960300259991126962492256
0.0177825023160452608376142264860710160638992399079067545590967556    -0.8376235112281871214943028167646928569794808431480017389602106201
0.0186606796274114673851567586221322190641440517092818581216541712    -0.8194003107379316755389996242244780351353472193836119900985750714
0.0195190811401450224100852202812046864878588810137370017274562230    -0.8003087441391408172287961439713276832164555754264210635671495922
0.0203567971543333245952452154172716143420689695539518085775722452    -0.7803690438674332176036044558893177480201833814359053909284051578
0.0211729398921912989876738671910037007676169763736453520062003933    -0.7596023411766474987029704411196216158534186843505477414127287753
0.0219666444387443491947563868015622362501689564134981284740331698    -0.7380306437444001328511657310964971052297197058616809511406133537
0.0227370696583293740013478419774902863557003246008265382757664189    -0.7156768123489676262251441480576248552975799705124719341874400715
0.0234833990859262198422359326676125809547655951822102065863661761    -0.6925645366421715613442457698182425594540965292588554895847734638
0.0242048417923646912822673378726770389498324915750324733560185876    -0.6687183100439161539525572075727741890244906209117047579111328798
0.0249006332224836102883821808683327364536780586124404411391646990    -0.6441634037849671067984123500633015623030992040758714484456820208
0.0255700360053493614987971679436000860963400546942244664068295089    -0.6189258401254685703863692869878627973859243042941413424877707214
0.0262123407356724139134579639644633435616059973112381910127491308    -0.5930323647775720806835557550437582131736021375103736366860909153
0.0268268667255917621980567287141566458653227208140341980181758228    -0.5665104185613971684042501950834626323106826054943453644897208455
0.0274129627260292428234210874890912706985729610745407043435547950    -0.5393881083243574362268025973255606381745306290957125149201046706
0.0279700076168483344398185765890225078448913058867776798613277368    -0.5116941771546676735855097454288543032494447394489609537302974670
0.0284974110650853856455995129458056045696972983517557953736926575    -0.4834579739205963597684056093638952554712516180044834534139242813
0.0289946141505552365426787812796815730550155009176210465225457903    -0.4547094221677430086356761480863078130040071158838888508870792587
0.0294610899581679059704363321828584492516225204134311776610298751    -0.4254789884073005453648192035699979448147896379862039485548588632
0.0298963441363283859843880757944000605401611633433841898519086379    -0.3957976498289086032850002431351641597121833757104163937161327680
0.0302999154208275937940887642065009140703177802176811632273284468    -0.3656968614723136350308955939954731772311874490387957045534033036
0.0306713761236691490142288303562042762724238454828697272197907177    -0.3352085228926254226163256248056286721870871062020213556534814931
0.0310103325863138374232497799706326368443931363825004859379088239    -0.3043649443544963530239297792952033181511771182768386651845121814
0.0313164255968613558127842667150631281757102946068500424794694675    -0.2731988125910491414872721557245647944481839953936951878347755860
0.0315893307707271685580207461699641601250344711893854735799639757    -0.2417431561638400123279319037406276703115582224239135120161969908
0.0318287588944110065347537398855322534978908988856105609813989804    -0.2100313104605672036028471857122957751442301094140689650537703014
0.0320344562319926632181389774702111629945035791824089310811129079    -0.1780968823676186027594026251764915149143883302858490514866690858
0.0322062047940302506686671145572325185039177933881394599999420415    -0.1459737146548969419891073333433264604743089916147771255135544597
0.0323438225685759284287748388289432704281009628999695491366487957    -0.1136958501106659209112080954143280806254746254304675064197870396
0.0324471637140642693640127884488458583333736353005470492884946157    -0.0812974954644255589944712629747528587782948873116646445827591778
0.0325161187138688359872054914477783546690035691334899914587752530    -0.0488129851360497311119582042612750570809511257105781239794688603
0.0325506144923631662419614182972857314873080134571971481827972173    -0.0162767448496029695791345636952384535620458901158915530034072804
0.0325506144923631662419614182972857314873080134571971481827972173    0.0162767448496029695791345636952384535620458901158915530034072804
0.0325161187138688359872054914477783546690035691334899914587752530    0.0488129851360497311119582042612750570809511257105781239794688603
0.0324471637140642693640127884488458583333736353005470492884946157    0.0812974954644255589944712629747528587782948873116646445827591778
0.0323438225685759284287748388289432704281009628999695491366487957    0.1136958501106659209112080954143280806254746254304675064197870396
0.0322062047940302506686671145572325185039177933881394599999420415    0.1459737146548969419891073333433264604743089916147771255135544597
0.0320344562319926632181389774702111629945035791824089310811129079    0.1780968823676186027594026251764915149143883302858490514866690858
0.0318287588944110065347537398855322534978908988856105609813989804    0.2100313104605672036028471857122957751442301094140689650537703014
0.0315893307707271685580207461699641601250344711893854735799639757    0.2417431561638400123279319037406276703115582224239135120161969908
0.0313164255968613558127842667150631281757102946068500424794694675    0.2731988125910491414872721557245647944481839953936951878347755860
0.0310103325863138374232497799706326368443931363825004859379088239    0.3043649443544963530239297792952033181511771182768386651845121814
0.0306713761236691490142288303562042762724238454828697272197907177    0.3352085228926254226163256248056286721870871062020213556534814931
0.0302999154208275937940887642065009140703177802176811632273284468    0.3656968614723136350308955939954731772311874490387957045534033036
0.0298963441363283859843880757944000605401611633433841898519086379    0.3957976498289086032850002431351641597121833757104163937161327680
0.0294610899581679059704363321828584492516225204134311776610298751    0.4254789884073005453648192035699979448147896379862039485548588632
0.0289946141505552365426787812796815730550155009176210465225457903    0.4547094221677430086356761480863078130040071158838888508870792587
0.0284974110650853856455995129458056045696972983517557953736926575    0.4834579739205963597684056093638952554712516180044834534139242813
0.0279700076168483344398185765890225078448913058867776798613277368    0.5116941771546676735855097454288543032494447394489609537302974670
0.0274129627260292428234210874890912706985729610745407043435547950    0.5393881083243574362268025973255606381745306290957125149201046706
0.0268268667255917621980567287141566458653227208140341980181758228    0.5665104185613971684042501950834626323106826054943453644897208455
0.0262123407356724139134579639644633435616059973112381910127491308    0.5930323647775720806835557550437582131736021375103736366860909153
0.0255700360053493614987971679436000860963400546942244664068295089    0.6189258401254685703863692869878627973859243042941413424877707214
0.0249006332224836102883821808683327364536780586124404411391646990    0.6441634037849671067984123500633015623030992040758714484456820208
0.0242048417923646912822673378726770389498324915750324733560185876    0.6687183100439161539525572075727741890244906209117047579111328798
0.0234833990859262198422359326676125809547655951822102065863661761    0.6925645366421715613442457698182425594540965292588554895847734638
0.0227370696583293740013478419774902863557003246008265382757664189    0.7156768123489676262251441480576248552975799705124719341874400715
0.0219666444387443491947563868015622362501689564134981284740331698    0.7380306437444001328511657310964971052297197058616809511406133537
0.0211729398921912989876738671910037007676169763736453520062003933    0.7596023411766474987029704411196216158534186843505477414127287753
0.0203567971543333245952452154172716143420689695539518085775722452    0.7803690438674332176036044558893177480201833814359053909284051578
0.0195190811401450224100852202812046864878588810137370017274562230    0.8003087441391408172287961439713276832164555754264210635671495922
0.0186606796274114673851567586221322190641440517092818581216541712    0.8194003107379316755389996242244780351353472193836119900985750714
0.0177825023160452608376142264860710160638992399079067545590967556    0.8376235112281871214943028167646928569794808431480017389602106201
0.0168854798642451724504775406068619266525996141208106200170346957    0.8549590334346014554627869698935692606427960300259991126962492256
0.0159705629025622913806164567914930510609914827093368478022015698    0.8713885059092965028737747644930427147231986371270695914378035481
0.0150387210269949380058762752220975528373848339706362923711579744    0.8868945174024204160568774333937861588319926450402301332050976276
0.0140909417723148609158616247246366395183921510371114712571655414    0.9014606353158523413192326973096868378408713797404815065792660445
0.0131282295669615726370636669025991088987756993130077046190262870    0.9150714231208980742058844661504215420870764189055008771174063395
0.0121516046710883196351813527366672521223706438505791111702619710    0.9277124567223086909646904726965463869057824857014305065447749631
0.0111621020998384985912132638285620686108639634221780363749858066    0.9393703397527552169318573794316152183552681470500471605102733324
0.0101607705350084157575876369538253688489848458610459129681794739    0.9500327177844376357560989484438634878097190045068564867394436398
0.0091486712307833866325846026652079285264488019711332396546848717    0.9596882914487425393000680258847347411873483664712089005988734294
0.0081268769256987592173824277078559377342447603208381533086164035    0.9683268284632642121736593664436510583926442480945221385853121207
0.0070964707911538652691441608121433919347720993046935506428464788    0.9759391745851364664526010342418799091984029545961156034002592977
0.0060585455042359616833167420317290879695781512093560659431210107    0.9825172635630146774470458318825481179449758130907189140047737576
0.0050142027429275176924701949690308984740741124738811344545686132    0.9880541263296237994807627724184511945504646006141488872078774012
0.0039645543384446866737334157674196598776912479228658908231833349    0.9925439003237626245718922977016011408769250697357077500681722154
0.0029107318179349464084106179894007250097471693372343224737616495    0.9959818429872092906503990848793566005174025592091609428807939074
0.0018539607889469217323359253508939105882082883762771779150610846    0.9983643758631816777241494395267193633875941398357290168915594509
0.0007967920655520124294381434969435687599310869228268737553691952    0.9996895038832307668276901057843655192815454627324619920013559630
