0.0004787187327013991910026678538178594209954016404846921609856247    -0.9998134554260523536208525748332215646727048814535659333084858365
0.0011140702840322426228480093048179682342559013198801744115288072    -0.9990172382045255582488396233983491918769279363038329491884983386
0.0017496538893680952897304213666563235012454198932511451661891922    -0.9975853144678359060174104545223504102043924009283757016538715754
0.0023842052673350085036545056091678816940844662043980046006503126    -0.9955182776478890817746694277503479968987737074039339843565938015
0.0030172550362232488322040228300784428132373402063330321955338375    -0.9928174048394175478129462759055799594231458613935558702640369601
0.0036483886269661892002488948854600457962564466518459759125698199    -0.9894844063840536300303538599424602617921109339554642140309156529
0.0042772011432678630752275831440271555595655538160016594257170455    -0.9855214013115689639116253312553654813240563507751690882553653374
0.0049032911798253930298641733271055314046036297638099519460574861    -0.9809309116159611268108447840176317740185773433190928440851087131
0.0055262596846429042872442204668225405197729907589165177874032192    -0.9757158594868434538589357147953132225608021587177406276178712210
0.0061457098208738615609215076556314142577787296538666482693356356    -0.9698795650620647708641226640311937296637703242280092713424734013
0.0067612470869647225709392079071689994799193989901314149777403134    -0.9634257441632805323640581029161822468180769885385793228565930961
0.0073724795165956909372317812892343943803390092206623872374468680    -0.9563585058643084820080904013691049655150931151651998327452093247
0.0079790179062604413210324834266674994500346060903374528952668912    -0.9486823498434117182937541326524128657464101211468300157682967314
0.0085804760528217400060564713036216256437533233796874480516286148    -0.9404021635021679961485533809588184766294478652192378912333354278
0.0091764709942924071943798513064580038949778909610059861259072532    -0.9315232188448252524475714043073041993535042259529168593072594982
0.0097666232509668065096595332543029108317023692392523564372560660    -0.9220511691165442961684737880414694826166603570461266016194426482
0.0103505570655400216400059727496893926316166908470771793348641610    -0.9119920452009369645635372517354262041338799524243997868415293277
0.0109279006414896935340556343987830185939132588502310256374944807    -0.9013522517783086056182933824613734667735650240759418171438498559
0.0114982863792831753687634912719702627575066468811926442185747743    -0.8901385632465768086867998112835255426740495891042836626540371133
0.0120613511101103408936585928641427792881026249708042693032630476    -0.8783581194071987625816797357209300347656749811933899945913437015
0.0126167363269119883677290480164408815875854846424054861399954376    -0.8660184209187007175615294633266754825673085668404337448551704803
0.0131640884125109296960073686155117946169566646492209617103148858    -0.8531273245206126696715024954676336766477819635192069403312641672
0.0137030588646738481976989655825212176706758929016605319604386497    -0.8396930380307928620546787523224856271245952280171265439638609728
0.0142333045179446634563050207116436899033683006083165656587224235    -0.8257241151192917939128986570884549082021376283936496241178743756
0.0147544877620983578536386181831155896990684841310724126879608188    -0.8112294498620603148356919074169292411464255566219141052160129124
0.0152662767570700143254902454532720931817741972694870199356758388    -0.7962182710779543831895361972416331038202534691214651813206360614
0.0157683456442182666289947489122089647294856832237908617699331625    -0.7807001364526320098232483655508673301520318416878389245809655498
0.0162603747537860648512835150754381442397838193543918877999993357    -0.7646849264530768105702007917676077193503306083286630135281941161
0.0167420508084249445980537963554575528823595437842876715612944508    -0.7481828380366180204172543006672074320407468169937274763668462428
0.0172130671226520514698717588536227476849481396264953000224893870    -0.7312043781584490892764623266414568641782654124495667098743863169
0.0176731237981121268536303065857027099001524244391316788818291889    -0.7137603570817762447750049020740887931501681636839587778949040009
0.0181219279145195748688026225614640018829711734257429883641467670    -0.6958618814948547431924464531262659328275307772864706632330857104
0.0185591937161586448343927405564025669113302988698251798001646462    -0.6775203474392939538704182063953356305607828597142859931034058611
0.0189846427938227041026198753339082189143818994058470164491138394    -0.6587474330541329207347221527199117746481061598404200662801100438
0.0193980042620765579512270996413705990940153273432168005169259369    -0.6395550911403055827082115217697473237521702927850116230995358553
0.0197990149317288057338998597986830404638446441015377218628752963    -0.6199555415502293663414840917523510568080672807138861509094599454
0.0201874194774043110811873752041620244775329084859987297942783192    -0.5999612634073623353186166726284081056309005223638012736653221093
0.0205629706001100115523037465858170479490241666197744640286007989    -0.5795849871606824348907544207294400404791325783076268637823964177
0.0209254291846905010578892083313507881970600110040995652827156129    -0.5588396864791475449782857531584878056067906276450841635051749750
0.0212745644520730868141507259503262821668633912040269103415005283    -0.5377385699912969931726756661821136038776973233716053390343120462
0.0216101541062053510214941400362862607328759428135737069031153828    -0.5162950728752538178548442813051864640803697973084776745375892408
0.0219319844755916348487098973674881029899555662954427222536641100    -0.4945228483044823526192725482618574152558841175379133132912228286
0.0222398506493383072518415468514781057757149546742330231960462325    -0.4724357587547475678690761033328746313222033461719764537106600755
0.0225335566076211820127137353363108943615756711159878251151072100    -0.4500478671778109970749731461516636941457998125920623632033010677
0.0228129153464920013045273398602551256926083786929276908851210511    -0.4273734280474829387696808046757910846671314696897206394722621877
0.0230777489969445110978198429741017033489391108482170973408967069    -0.4044268782837319077934960079220791177134080616981238520515277197
0.0233278889381643107170794723322158059350602994387241826824165625    -0.3812228280606299595713506668306033739330496801334892203573913530
0.0235631759048903636679145862893384419247731731324481410042819858    -0.3577760515039864803782128769867376220230348853625134080353070313
0.0237834600888198072289431242999733041902428088115596293195899530    -0.3341014772845932779444712940055417889045307212817810276759483780
0.0239886012339914919361904914942550063532183901413030420511551719    -0.3102141791130702759495251146446322296530057743769506378984397623
0.0241784687260875166272673974460555583734814687312407703685348922    -0.2861293661423637708638972798200824474420730390888027585365610781
0.0243529416755958977632030385082047061993246201755651387027482514    -0.2618623732840080105161140607768130478840054542342136565597268412
0.0245119089947814208770320992367820187349411333977647325108080459    -0.2374286514443157633816975123695201390752232130594318376032138196
0.0246552694684156647482319194071169876714804964218255844958021761    -0.2128437576867145310657519601053076481373033044969391032561957450
0.0247829318182211627813614165399352272747521521309595882565826026    -0.1881233453264920814016070386280623627291859190710239106513977162
0.0248948147609886685617101809870555371998955611841171112646990056    -0.1632831539642580161416530122747650607746627116739087323522164621
0.0249908470603305211345808172196398316505051056162677288760455545    -0.1383389994644671080238804401434118688019738560852497270772168115
0.0250709675720371576528418541593235874180096694950190688489456093    -0.1133067638853851222554247458682828394223997689473212717908142032
0.0251351252830078940874028215518761259651650001256984504600864361    -0.0882023853669087549231875326072837731959749703368885836376048110
0.0251832793437311861101643366857201137616074758032036093229620692    -0.0630418479826781558617598829076881946939974321046156552858815170
0.0252153990942936894387800383299827616473696614800121417687383385    -0.0378411715629432390145313359848039003684982425144888922574757520
0.0252314640839015592662842305625607864916592050444092937082638770    -0.0126164014946636048547912022034035335809866884285406060845614497
0.0252314640839015592662842305625607864916592050444092937082638770    0.0126164014946636048547912022034035335809866884285406060845614497
0.0252153990942936894387800383299827616473696614800121417687383385    0.0378411715629432390145313359848039003684982425144888922574757520
0.0251832793437311861101643366857201137616074758032036093229620692    0.0630418479826781558617598829076881946939974321046156552858815170
0.0251351252830078940874028215518761259651650001256984504600864361    0.0882023853669087549231875326072837731959749703368885836376048110
0.0250709675720371576528418541593235874180096694950190688489456093    0.1133067638853851222554247458682828394223997689473212717908142032
0.0249908470603305211345808172196398316505051056162677288760455545    0.1383389994644671080238804401434118688019738560852497270772168115
0.0248948147609886685617101809870555371998955611841171112646990056    0.1632831539642580161416530122747650607746627116739087323522164621
0.0247829318182211627813614165399352272747521521309595882565826026    0.1881233453264920814016070386280623627291859190710239106513977162
0.0246552694684156647482319194071169876714804964218255844958021761    0.2128437576867145310657519601053076481373033044969391032561957450
0.0245119089947814208770320992367820187349411333977647325108080459    0.2374286514443157633816975123695201390752232130594318376032138196
0.0243529416755958977632030385082047061993246201755651387027482514    0.2618623732840080105161140607768130478840054542342136565597268412
0.0241784687260875166272673974460555583734814687312407703685348922    0.2861293661423637708638972798200824474420730390888027585365610781
0.0239886012339914919361904914942550063532183901413030420511551719    0.3102141791130702759495251146446322296530057743769506378984397623
0.0237834600888198072289431242999733041902428088115596293195899530    0.3341014772845932779444712940055417889045307212817810276759483780
0.0235631759048903636679145862893384419247731731324481410042819858    0.3577760515039864803782128769867376220230348853625134080353070313
0.0233278889381643107170794723322158059350602994387241826824165625    0.3812228280606299595713506668306033739330496801334892203573913530
0.0230777489969445110978198429741017033489391108482170973408967069    0.4044268782837319077934960079220791177134080616981238520515277197
0.0228129153464920013045273398602551256926083786929276908851210511    0.4273734280474829387696808046757910846671314696897206394722621877
0.0225335566076211820127137353363108943615756711159878251151072100    0.4500478671778109970749731461516636941457998125920623632033010677
0.0222398506493383072518415468514781057757149546742330231960462325    0.4724357587547475678690761033328746313222033461719764537106600755
0.0219319844755916348487098973674881029899555662954427222536641100    0.4945228483044823526192725482618574152558841175379133132912228286
0.0216101541062053510214941400362862607328759428135737069031153828    0.5162950728752538178548442813051864640803697973084776745375892408
0.0212745644520730868141507259503262821668633912040269103415005283    0.5377385699912969931726756661821136038776973233716053390343120462
0.0209254291846905010578892083313507881970600110040995652827156129    0.5588396864791475449782857531584878056067906276450841635051749750
0.0205629706001100115523037465858170479490241666197744640286007989    0.5795849871606824348907544207294400404791325783076268637823964177
0.0201874194774043110811873752041620244775329084859987297942783192    0.5999612634073623353186166726284081056309005223638012736653221093
0.0197990149317288057338998597986830404638446441015377218628752963    0.6199555415502293663414840917523510568080672807138861509094599454
0.0193980042620765579512270996413705990940153273432168005169259369    0.6395550911403055827082115217697473237521702927850116230995358553
0.0189846427938227041026198753339082189143818994058470164491138394    0.6587474330541329207347221527199117746481061598404200662801100438
0.0185591937161586448343927405564025669113302988698251798001646462    0.6775203474392939538704182063953356305607828597142859931034058611
0.0181219279145195748688026225614640018829711734257429883641467670    0.6958618814948547431924464531262659328275307772864706632330857104
0.0176731237981121268536303065857027099001524244391316788818291889    0.7137603570817762447750049020740887931501681636839587778949040009
0.0172130671226520514698717588536227476849481396264953000224893870    0.7312043781584490892764623266414568641782654124495667098743863169
0.0167420508084249445980537963554575528823595437842876715612944508    0.7481828380366180204172543006672074320407468169937274763668462428
0.0162603747537860648512835150754381442397838193543918877999993357    0.7646849264530768105702007917676077193503306083286630135281941161
0.0157683456442182666289947489122089647294856832237908617699331625    0.7807001364526320098232483655508673301520318416878389245809655498
0.0152662767570700143254902454532720931817741972694870199356758388    0.7962182710779543831895361972416331038202534691214651813206360614
0.0147544877620983578536386181831155896990684841310724126879608188    0.8112294498620603148356919074169292411464255566219141052160129124
0.0142333045179446634563050207116436899033683006083165656587224235    0.8257241151192917939128986570884549082021376283936496241178743756
0.0137030588646738481976989655825212176706758929016605319604386497    0.8396930380307928620546787523224856271245952280171265439638609728
0.0131640884125109296960073686155117946169566646492209617103148858    0.8531273245206126696715024954676336766477819635192069403312641672
0.0126167363269119883677290480164408815875854846424054861399954376    0.8660184209187007175615294633266754825673085668404337448551704803
0.0120613511101103408936585928641427792881026249708042693032630476    0.8783581194071987625816797357209300347656749811933899945913437015
0.0114982863792831753687634912719702627575066468811926442185747743    0.8901385632465768086867998112835255426740495891042836626540371133
0.0109279006414896935340556343987830185939132588502310256374944807    0.9013522517783086056182933824613734667735650240759418171438498559
0.0103505570655400216400059727496893926316166908470771793348641610    0.9119920452009369645635372517354262041338799524243997868415293277
0.0097666232509668065096595332543029108317023692392523564372560660    0.9220511691165442961684737880414694826166603570461266016194426482
0.0091764709942924071943798513064580038949778909610059861259072532    0.9315232188448252524475714043073041993535042259529168593072594982
0.0085804760528217400060564713036216256437533233796874480516286148    0.9404021635021679961485533809588184766294478652192378912333354278
0.0079790179062604413210324834266674994500346060903374528952668912    0.9486823498434117182937541326524128657464101211468300157682967314
0.0073724795165956909372317812892343943803390092206623872374468680    0.9563585058643084820080904013691049655150931151651998327452093247
0.0067612470869647225709392079071689994799193989901314149777403134    0.9634257441632805323640581029161822468180769885385793228565930961
0.0061457098208738615609215076556314142577787296538666482693356356    0.9698795650620647708641226640311937296637703242280092713424734013
0.0055262596846429042872442204668225405197729907589165177874032192    0.9757158594868434538589357147953132225608021587177406276178712210
0.0049032911798253930298641733271055314046036297638099519460574861    0.9809309116159611268108447840176317740185773433190928440851087131
0.0042772011432678630752275831440271555595655538160016594257170455    0.9855214013115689639116253312553654813240563507751690882553653374
0.0036483886269661892002488948854600457962564466518459759125698199    0.9894844063840536300303538599424602617921109339554642140309156529
0.0030172550362232488322040228300784428132373402063330321955338375    0.9928174048394175478129462759055799594231458613935558702640369601
0.0023842052673350085036545056091678816940844662043980046006503126    0.9955182776478890817746694277503479968987737074039339843565938015
0.0017496538893680952897304213666563235012454198932511451661891922    0.9975853144678359060174104545223504102043924009283757016538715754
0.0011140702840322426228480093048179682342559013198801744115288072    0.9990172382045255582488396233983491918769279363038329491884983386
0.0004787187327013991910026678538178594209954016404846921609856247    0.9998134554260523536208525748332215646727048814535659333084858365
