0.0105513726173430071556511876852519779043457371796946145500554276    -0.9958857011456169290032169593229060259568578551195596673965278094
0.0244178510926319087896158275197884002404959261972703420520468951    -0.9783854459564709911005803543119263054469165637473185024854148613
0.0379623832943627639503031412488504946907704217440489576753118247    -0.9471590666617142501359152835180367545207103376843152700182677796
0.0509758252971478119983199007240733795258793185429719348238376860    -0.9026378619843070742176655992312102513411240053729053725551656548
0.0632740463295748355394536899070450957222228420126945106660958866    -0.8454459427884980187975070614678381615720751020913295694301764729
0.0746841497656597458870757961028483386387471618810406807790308417    -0.7763859488206788561929672472422838669762182562551948721631684216
0.0850458943134852392104477650799816965839203167766782761860561814    -0.6964272604199572648638139137294246978607533177908191517045574538
0.0942138003559141484636648830673031985491657459142072798633149024    -0.6066922930176180632319787469168870544352645722659098903786433125
0.1020591610944254232384140702534307923272088113542420103318738194    -0.5084407148245057176957030647255691753763067541857508137211004696
0.1084718405285765906565794267279975822894382034213066445296057086    -0.4030517551234863064810773770988831036599374096993161825891411335
0.1133618165463196665494407184425981452459503629250152139882879299    -0.2920048394859568951428353820778302968847193869629903782123441919
0.1166604434852965820446625075403622136319648812219242164601626972    -0.1768588203568901839690577484183447499773837638012642614803476998
0.1183214152792622765163710857004686846498902708289053180943201994    -0.0592300934293132070937185751984033607902347353890355821542722917
0.1183214152792622765163710857004686846498902708289053180943201994    0.0592300934293132070937185751984033607902347353890355821542722917
0.1166604434852965820446625075403622136319648812219242164601626972    0.1768588203568901839690577484183447499773837638012642614803476998
0.1133618165463196665494407184425981452459503629250152139882879299    0.2920048394859568951428353820778302968847193869629903782123441919
0.1084718405285765906565794267279975822894382034213066445296057086    0.4030517551234863064810773770988831036599374096993161825891411335
0.1020591610944254232384140702534307923272088113542420103318738194    0.5084407148245057176957030647255691753763067541857508137211004696
0.0942138003559141484636648830673031985491657459142072798633149024    0.6066922930176180632319787469168870544352645722659098903786433125
0.0850458943134852392104477650799816965839203167766782761860561814    0.6964272604199572648638139137294246978607533177908191517045574538
0.0746841497656597458870757961028483386387471618810406807790308417    0.7763859488206788561929672472422838669762182562551948721631684216
0.0632740463295748355394536899070450957222228420126945106660958866    0.8454459427884980187975070614678381615720751020913295694301764729
0.0509758252971478119983199007240733795258793185429719348238376860    0.9026378619843070742176655992312102513411240053729053725551656548
0.0379623832943627639503031412488504946907704217440489576753118247    0.9471590666617142501359152835180367545207103376843152700182677796
0.0244178510926319087896158275197884002404959261972703420520468951    0.9783854459564709911005803543119263054469165637473185024854148613
0.0105513726173430071556511876852519779043457371796946145500554276    0.9958857011456169290032169593229060259568578551195596673965278094
