0.0005659822387652285694941336057781126308882327619439117159569978    -0.9997794497962010712725068291819412810942730950206613950529326986
0.0013170854449839145379563895171954357571567899765298889191969072    -0.9988381164620724631461352808314035128396740639364920532733968482
0.0020683102157137304395714907795560931219056799992905092162337080    -0.9971453293783659646186240887815848513902992307170628585069832310
0.0028180747282934867192850166158646215979262778686982366145069473    -0.9947019865069588488747334833159157061998560755406723484245399887
0.0035657373047779470464580282044337719196851941439836541100347040    -0.9915098810095157318125336035377343680855408936937324802067475086
0.0043107215265565679562702380992728301531851637331419169756694733    -0.9875714047863020572708576374680766960190822942530512101997268040
0.0050524629855770838488335155630964651608583929972865645935244659    -0.9828895189259463349076206117312589981816476505727973041304805457
0.0057904020952560073378962227798392207595952426725678706354841821    -0.9774677463037510148299589007651140529280104040576857706270706566
0.0065239828643144608221276822062939012483573606092116590225714123    -0.9713101675547710274280655631873580634730596526069386173995110161
0.0072526528515112544472648363002963265451935848483181920465393816    -0.9644214175446320983999666887277265608618423959241032542663149335
0.0079758634247932686169672927412608501694151369323792059584089126    -0.9568066817025913986069883736215997362233537703346721314369625149
0.0086930701136939191957928212206404834934616433756218194586602909    -0.9484716920403325782027302772146467762835459618516613684685752492
0.0094037329931910980042773443705805152396106453106790601263728690    -0.9394227227998885844648169416734228274531871938160953177136291826
0.0101073170780207881836243481830039198823478459075855949643841976    -0.9296665857114683594011474747437988639795089869105668854871709183
0.0108032927193457342018688479835051014689423193795128452255582634    -0.9192106248553740308923279992664773804787753764624997879687899025
0.0114911360002622122465288433527353621628657527307652157137779712    -0.9080627111276354458329021192633062498930146271553662945233294626
0.0121703291284170315261461293390664449492938583141298964744780215    -0.8962312363114795271776443198709478710458296644967892604548855254
0.0128403608247625656550138410732283361732627924408381803669266713    -0.8837251067580506991515362135575778897418872530176831610515994936
0.0135007267078194294067107845920753254464240680430063230595092288    -0.8705537366805784995679804853844260222326945122707273168639647112
0.0141509296729809862041946953318153151620618591870114625702937588    -0.8567270410667270935922578889970211513942769934032924439483495587
0.0147904802664780647914369152731180820711818403276179002205423450    -0.8422554282142806799227537988529994573349377727255751776152848880
0.0154188970536681828614022394345058323079859218068768325915668746    -0.8271497918956752728660150583347968974016078906658884910207678685
0.0160357069813404975113239130710522971604259740162942948059114630    -0.8114215031572084851210909138351027123308788460795277313237607166
0.0166404457337448648521308633359938715999178700006168802618302727    -0.7950824017590585603180615633827076141925510857020464625130614400
0.0172326580820654029059397671842914161425950186782764441184690208    -0.7781447872625292091571068799221399226499661787772880906931886142
0.0178118982270681965503032122513845171033366635353232978690618116    -0.7606214097712116206673077988381151179163358451352630333664358337
0.0183777301346605331753471575518697035768079330915182262322011622    -0.7425254603330214171046538558044120721825474224774607471968386309
0.0189297278641060116837054749063198427788112613971066760073563829    -0.7238705610103274087554180212352670528376264765227861116478032279
0.0194674758886464188003877597276575085145760731758658002294408534    -0.7046707546256413643348501565561162771798649907091958320140871251
0.0199905694082876414406890680144216411515086890132970359846770711    -0.6849404941905839231625093430243329053391235693026469513888205567
0.0204986146545132142270921013589464393063567098392714540739330039    -0.6646946320260813415421046580590924588967595324669431168293897268
0.0209912291866954652242980461134307722160307932460560114937099891    -0.6439484085819809897922742893828337082356464211619399545319858026
0.0214680421799806668656215586858489853801453508995008826829440447    -0.6227174409645003393705341044863204974574518978645009355029172751
0.0219286947044311500808209911252374423769972487597062362492312344    -0.6010177111801445067533573574239086652126916878242990339097749278
0.0223728399952140133239726409621014550586750937274570812586635585    -0.5788655541049411365316917288744504699304437139526553931750263726
0.0228001437136328627625486783579772828354715428494590917611216321    -0.5562776451880483833127036578452975271977741027948699860719544090
0.0232102841988059589057662024156481641199783373429470468726835704    -0.5332709878989918575139552816809791841595509450923428464812955899
0.0236029527098012189922862452085734494089562671545110991857494413    -0.5098629009279794990546693765830166093604479550316267240852533452
0.0239778536580457321056476518493901193320314121132516649987103273    -0.4860710051489293008400784284984983290069636104033921000301066539
0.0243347048298347824793727561868962978644714639238726924026135404    -0.4619132103550234884815652862566591203039279299010261679145401705
0.0246732375987728421061709556661497257407427677107114566604469928    -0.4374077017767740448312710184060924100682508646231386269923572688
0.0249931971279865822381294607149039774246256502283380148459457344    -0.4125729263927482225998678063238237352159301150564142585728985868
0.0252943425619576598464962450137632992801638917643661995431577571    -0.3874275790432587951221385100430486255287957695263238116205276265
0.0255764472078308544400555619440209780590062331987704164187442153    -0.3619905883574721387826973508927548163489274767737420959105030728
0.0258392987060610573932595226501792714009280336586930321448470557    -0.3362811025045277105589461859942893452493198866597790850865767684
0.0260826991902706444742047288643692406674066007582029652273697752    -0.3103184747793949759605159109104492873586820262205350765392117208
0.0263064654361968867865737150552683999421197524486940562924055832    -0.2841222490343182574455676699983048797210894960547323650888023323
0.0265104289996172699106460189347225891903699771439064620521659349    -0.2577121449668162181480527426932881241087224832442123860265689862
0.0266944363431488895942886587189370067411066660266893640930044729    -0.2311080432753106834267530632433703560175248472170762803006699492
0.0268583489518264687566261068117139100721454917535827209513768632    -0.2043299706935591524188007171637669636518617345586967579581940942
0.0270020434373719885930130943558096738316268299884087390137119576    -0.1773980849151565887109246500742077304961306631191688505639171570
0.0271254116310774399063029012137301709130631525561091882258806611    -0.1503326594194548349630358695378817402107695612548548433185674705
0.0272283606652307730701360093087861157241743436790740905815346088    -0.1231540682103222086986921752218431161733924826385298903163353465
0.0273108130430237498348017468968065174085908206108230841169553034    -0.0958827704792314497770524799894232808509177882786968999057469399
0.0273727066968890710480439993787856717163623518947048979355359113    -0.0685392952042211549869812383572060669090079204108867348281127963
0.0274139950352228647747827365045253529776887477795906679452614003    -0.0411442256963241089495349440338828573882790771393318273863413044
0.0274346469774573627200927930933245455611793826680059868831498090    -0.0137181841050954667983159462925866397295549081334653369592238069
0.0274346469774573627200927930933245455611793826680059868831498090    0.0137181841050954667983159462925866397295549081334653369592238069
0.0274139950352228647747827365045253529776887477795906679452614003    0.0411442256963241089495349440338828573882790771393318273863413044
0.0273727066968890710480439993787856717163623518947048979355359113    0.0685392952042211549869812383572060669090079204108867348281127963
0.0273108130430237498348017468968065174085908206108230841169553034    0.0958827704792314497770524799894232808509177882786968999057469399
0.0272283606652307730701360093087861157241743436790740905815346088    0.1231540682103222086986921752218431161733924826385298903163353465
0.0271254116310774399063029012137301709130631525561091882258806611    0.1503326594194548349630358695378817402107695612548548433185674705
0.0270020434373719885930130943558096738316268299884087390137119576    0.1773980849151565887109246500742077304961306631191688505639171570
0.0268583489518264687566261068117139100721454917535827209513768632    0.2043299706935591524188007171637669636518617345586967579581940942
0.0266944363431488895942886587189370067411066660266893640930044729    0.2311080432753106834267530632433703560175248472170762803006699492
0.0265104289996172699106460189347225891903699771439064620521659349    0.2577121449668162181480527426932881241087224832442123860265689862
0.0263064654361968867865737150552683999421197524486940562924055832    0.2841222490343182574455676699983048797210894960547323650888023323
0.0260826991902706444742047288643692406674066007582029652273697752    0.3103184747793949759605159109104492873586820262205350765392117208
0.0258392987060610573932595226501792714009280336586930321448470557    0.3362811025045277105589461859942893452493198866597790850865767684
0.0255764472078308544400555619440209780590062331987704164187442153    0.3619905883574721387826973508927548163489274767737420959105030728
0.0252943425619576598464962450137632992801638917643661995431577571    0.3874275790432587951221385100430486255287957695263238116205276265
0.0249931971279865822381294607149039774246256502283380148459457344    0.4125729263927482225998678063238237352159301150564142585728985868
0.0246732375987728421061709556661497257407427677107114566604469928    0.4374077017767740448312710184060924100682508646231386269923572688
0.0243347048298347824793727561868962978644714639238726924026135404    0.4619132103550234884815652862566591203039279299010261679145401705
0.0239778536580457321056476518493901193320314121132516649987103273    0.4860710051489293008400784284984983290069636104033921000301066539
0.0236029527098012189922862452085734494089562671545110991857494413    0.5098629009279794990546693765830166093604479550316267240852533452
0.0232102841988059589057662024156481641199783373429470468726835704    0.5332709878989918575139552816809791841595509450923428464812955899
0.0228001437136328627625486783579772828354715428494590917611216321    0.5562776451880483833127036578452975271977741027948699860719544090
0.0223728399952140133239726409621014550586750937274570812586635585    0.5788655541049411365316917288744504699304437139526553931750263726
0.0219286947044311500808209911252374423769972487597062362492312344    0.6010177111801445067533573574239086652126916878242990339097749278
0.0214680421799806668656215586858489853801453508995008826829440447    0.6227174409645003393705341044863204974574518978645009355029172751
0.0209912291866954652242980461134307722160307932460560114937099891    0.6439484085819809897922742893828337082356464211619399545319858026
0.0204986146545132142270921013589464393063567098392714540739330039    0.6646946320260813415421046580590924588967595324669431168293897268
0.0199905694082876414406890680144216411515086890132970359846770711    0.6849404941905839231625093430243329053391235693026469513888205567
0.0194674758886464188003877597276575085145760731758658002294408534    0.7046707546256413643348501565561162771798649907091958320140871251
0.0189297278641060116837054749063198427788112613971066760073563829    0.7238705610103274087554180212352670528376264765227861116478032279
0.0183777301346605331753471575518697035768079330915182262322011622    0.7425254603330214171046538558044120721825474224774607471968386309
0.0178118982270681965503032122513845171033366635353232978690618116    0.7606214097712116206673077988381151179163358451352630333664358337
0.0172326580820654029059397671842914161425950186782764441184690208    0.7781447872625292091571068799221399226499661787772880906931886142
0.0166404457337448648521308633359938715999178700006168802618302727    0.7950824017590585603180615633827076141925510857020464625130614400
0.0160357069813404975113239130710522971604259740162942948059114630    0.8114215031572084851210909138351027123308788460795277313237607166
0.0154188970536681828614022394345058323079859218068768325915668746    0.8271497918956752728660150583347968974016078906658884910207678685
0.0147904802664780647914369152731180820711818403276179002205423450    0.8422554282142806799227537988529994573349377727255751776152848880
0.0141509296729809862041946953318153151620618591870114625702937588    0.8567270410667270935922578889970211513942769934032924439483495587
0.0135007267078194294067107845920753254464240680430063230595092288    0.8705537366805784995679804853844260222326945122707273168639647112
0.0128403608247625656550138410732283361732627924408381803669266713    0.8837251067580506991515362135575778897418872530176831610515994936
0.0121703291284170315261461293390664449492938583141298964744780215    0.8962312363114795271776443198709478710458296644967892604548855254
0.0114911360002622122465288433527353621628657527307652157137779712    0.9080627111276354458329021192633062498930146271553662945233294626
0.0108032927193457342018688479835051014689423193795128452255582634    0.9192106248553740308923279992664773804787753764624997879687899025
0.0101073170780207881836243481830039198823478459075855949643841976    0.9296665857114683594011474747437988639795089869105668854871709183
0.0094037329931910980042773443705805152396106453106790601263728690    0.9394227227998885844648169416734228274531871938160953177136291826
0.0086930701136939191957928212206404834934616433756218194586602909    0.9484716920403325782027302772146467762835459618516613684685752492
0.0079758634247932686169672927412608501694151369323792059584089126    0.9568066817025913986069883736215997362233537703346721314369625149
0.0072526528515112544472648363002963265451935848483181920465393816    0.9644214175446320983999666887277265608618423959241032542663149335
0.0065239828643144608221276822062939012483573606092116590225714123    0.9713101675547710274280655631873580634730596526069386173995110161
0.0057904020952560073378962227798392207595952426725678706354841821    0.9774677463037510148299589007651140529280104040576857706270706566
0.0050524629855770838488335155630964651608583929972865645935244659    0.9828895189259463349076206117312589981816476505727973041304805457
0.0043107215265565679562702380992728301531851637331419169756694733    0.9875714047863020572708576374680766960190822942530512101997268040
0.0035657373047779470464580282044337719196851941439836541100347040    0.9915098810095157318125336035377343680855408936937324802067475086
0.0028180747282934867192850166158646215979262778686982366145069473    0.9947019865069588488747334833159157061998560755406723484245399887
0.0020683102157137304395714907795560931219056799992905092162337080    0.9971453293783659646186240887815848513902992307170628585069832310
0.0013170854449839145379563895171954357571567899765298889191969072    0.9988381164620724631461352808314035128396740639364920532733968482
0.0005659822387652285694941336057781126308882327619439117159569978    0.9997794497962010712725068291819412810942730950206613950529326986
