0.0066062278475873780586492352084738550310591625032110713495328760    -0.9974246942464552172661680175804041610782290108813619207170401331
0.0153217015129346761279457685336618667575353547807562367815100107    -0.9864557262306424881103756982646259215891711142156510997230556582
0.0239155481017494803505332575291862420660083611445149192455629313    -0.9668229096899927689283777066785922452183143365799865996467316258
0.0323003586323289532815614472494312880682527230506729272295316170    -0.9386943726111683503558351243635537126144344840965468258966097854
0.0404015413316695915634097905273984961668627883826539169460139186    -0.9023167677434335830405313315187616074752055581909181149565512908
0.0481477428187116956701468801381196497417511486769690613382692191    -0.8580096526765040646430614801460684733273510688967200657971364187
0.0554708466316635612849444954392591104205084071502204403442569682    -0.8061623562741665897962008707827771756977106181354461123471251370
0.0623064825303174800316277257708976114217684275793131068259725313    -0.7472304964495621578590551248979482688542880864638244786130785429
0.0685945728186567128059550730149586524873610929403886976970709153    -0.6817319599697427862682159469193281346689351807142940289227385170
0.0742798548439541493424721759184720467100983931962553234649671669    -0.6102423458363790273072875135380974314063429308880339490895314209
0.0793123647948867383639083849419975880886880293922986427083763067    -0.5333899047863476435488942649954921254526650922244224693565330897
0.0836478760670387076139280145176605974203276865458260165188328048    -0.4518500172724506957259932772407670537987717343905311774263784802
0.0872482876188443376072816709454464565666960712939022883916445205    -0.3663392577480733410702206232538711112969346811001401716382055654
0.0900819586606385772397437055002236211873706820794914849889610310    -0.2776090971524970294032480672983210057547583292782432189153480893
0.0921239866433168462132409777173630607214710032039817205599035870    -0.1864392988279915723357987592188239878373443028231653416093458361
0.0933564260655961161609991262742754649520039860886308049662192477    -0.0936310658547333856707429241225377213215057781526368812820251958
0.0937684461602099965673045415463487843844733639818266812867486956    0.0000000000000000000000000000000000000000000000000000000000000000
0.0933564260655961161609991262742754649520039860886308049662192477    0.0936310658547333856707429241225377213215057781526368812820251958
0.0921239866433168462132409777173630607214710032039817205599035870    0.1864392988279915723357987592188239878373443028231653416093458361
0.0900819586606385772397437055002236211873706820794914849889610310    0.2776090971524970294032480672983210057547583292782432189153480893
0.0872482876188443376072816709454464565666960712939022883916445205    0.3663392577480733410702206232538711112969346811001401716382055654
0.0836478760670387076139280145176605974203276865458260165188328048    0.4518500172724506957259932772407670537987717343905311774263784802
0.0793123647948867383639083849419975880886880293922986427083763067    0.5333899047863476435488942649954921254526650922244224693565330897
0.0742798548439541493424721759184720467100983931962553234649671669    0.6102423458363790273072875135380974314063429308880339490895314209
0.0685945728186567128059550730149586524873610929403886976970709153    0.6817319599697427862682159469193281346689351807142940289227385170
0.0623064825303174800316277257708976114217684275793131068259725313    0.7472304964495621578590551248979482688542880864638244786130785429
0.0554708466316635612849444954392591104205084071502204403442569682    0.8061623562741665897962008707827771756977106181354461123471251370
0.0481477428187116956701468801381196497417511486769690613382692191    0.8580096526765040646430614801460684733273510688967200657971364187
0.0404015413316695915634097905273984961668627883826539169460139186    0.9023167677434335830405313315187616074752055581909181149565512908
0.0323003586323289532815614472494312880682527230506729272295316170    0.9386943726111683503558351243635537126144344840965468258966097854
0.0239155481017494803505332575291862420660083611445149192455629313    0.9668229096899927689283777066785922452183143365799865996467316258
0.0153217015129346761279457685336618667575353547807562367815100107    0.9864557262306424881103756982646259215891711142156510997230556582
0.0066062278475873780586492352084738550310591625032110713495328760    0.9974246942464552172661680175804041610782290108813619207170401331
