0.0003364921487328324993936439290000866558038745849830730967005890    -0.9998688787374442887110810202363279659785612811360709742894576060
0.0007831435246685708472192233736933952885760019081290874759113240    -0.9993091943300507305975325188701375349082484039120423843590274229
0.0012301060814629568570629592927131133925046643166718136010314922    -0.9983025420543606828373476437908399537197392437767181929959997546
0.0016765755980695624686340309460646769467817649284619993307710895    -0.9968491487225447894762105448705624188978029179510996190386751241
0.0021223063249824251805962894718795260010076142993874146232428681    -0.9949496373776261842903477428511199751544696432656009897242747214
0.0025670906960660132709422351152688569229672934760179224455685635    -0.9926048515777247734705635957074325179117377388703247549197122058
0.0030107275093447607451536459531030269504568242474923811507307512    -0.9898158385232459875457519481678192386998107757122658428373459952
0.0034530174911827491923231102868775401717934889230707526120687962    -0.9865838455137158747247732484900773790686379774527204363377310712
0.0038937624063036541603410774407345664629082897167113940403342220    -0.9829103185723911412698302303869240063572848182132136650848335592
0.0043327648708683402249986086522676021039236704478489271078940055    -0.9787969015273057810204365146590732300203584532058703121473064071
0.0047698283476880438668866297565118144175957349329643487716188051    -0.9742454351698644258316284301764107431450291578808712354089493809
0.0052047571981791149117884123446159717241820817241443414465647024    -0.9692579563848158705639905398979318526995772889561086602231091088
0.0056373567544713089416428192467532203966774030874411706456374902    -0.9638366972165758313475414579908807646243353986839056156263657613
0.0060674333993270600897924976957481646083544188208723152166660396    -0.9579840838589472361725641346522057290265850950522922464359236427
0.0064947946491987957098043719098168460397670391875786001819888038    -0.9517027355631153529583626830486159167497642847790427188975236603
0.0069192492384749005081319378591595859449671128941209045358468369    -0.9449954634618871106784028845660287738434306767817251878550078879
0.0073406072040269823076710536306818522342078572692234158643438518    -0.9378652693094839869501452239596774331284751651066343736203324938
0.0077586799696186516311710701536602004040827687022610137233123097    -0.9303153441368309118636605484546616342444004007937821352308652351
0.0081732804299374356598253838970416456998872235677887612688558456    -0.9223490668226099787851901068989455096323450998897544291584938540
0.0085842230341073681993942912553831852258537688788814673104118564    -0.9139700025805325120091563079310334901167140339014682403792634699
0.0089913238685878213750484774042985421239801384413177115186297361    -0.9051819013633988376727521746030447272267123380718295514258044050
0.0093944007393893039380830474573913788586732323290449044800930377    -0.8959886961845956601504995254999877971644467796881846279737808975
0.0097932732535507069213484352763685766948372793012460687627045793    -0.8863945013577426804355809325272650066408318762362030159170675706
0.0101877628998303234800030640011956761354019389417289275009203659    -0.8764036106552513386923787522049233084249061899553201328852242660
0.0105776931285676480304341422100391491040348688771900925954711909    -0.8660204953866037059644880616864423251048709240979930024334727576
0.0109628894306758891906199954059861399501735074014878632132905524    -0.8552498023972009730326900222776651693872721592376417830883623191
0.0113431794157270700587544396118839253066294861965763058028543695    -0.8440963519886700189245658966514816432282337531396866668355167464
0.0117183928890929555938835757922788347802042937271938756920678804    -0.8325651357615539490096213253520052985360039341674468231737420137
0.0120883619281060763184244031460270679183329804838786444077368335    -0.8206613143813487168545519737902471375117097771441905471116615615
0.0124529209572059469332168678501008804792794294672310171230750638    -0.8083902152688832474326628875508158316590590958627310409637242165
0.0128119068220362886283336575341581722201682185990214184153857365    -0.7957573302160750180637036696264444710248494266950758208449069134
0.0131651588624597037392397381385584776385128309331263152822451584    -0.7827683129281269203517095534978390554853728545476307567862865622
0.0135125189844568509676742861985966449903846911378473467552817059    -0.7694289764932644755087995764112811335770728937335717533710697367
0.0138538317308777474147622168315471210736083907858463427461845782    -0.7557452907811451370001301250381378901999927738513611610794758122
0.0141889443510133920354705439167265616312117471072110989743485579    -0.7417233797711035035789603236155184506651781887739591128726980615
0.0145177068689564714224163475386633965680432138268744469054359033    -0.7273695188114277880871919925164334985390398778157246494552611833
0.0148399721507204779718081571954387130680512315764290254272797000    -0.7126901318108938423069733714448842236778295167229886580640426528
0.0151555959700871456566314589099964624073484510239639280524095034    -0.6976917883638134211117884125156539237342768024613114676254743261
0.0154644370731526918910140637832211283263674557202850318821383051    -0.6823812008098831730488514421352762986189538103114968842787459667
0.0157663572415439466338105574659412771276652906272448831262522430    -0.6667652212301500604928792301232349274310947890631187727167326588
0.0160612213542760527730375022708776715938592109756535275272133477    -0.6508508383804375307935013965316127554989277366759430774198198327
0.0163488974482240354452245419680677445330744971025257865905739097    -0.6346451745636047698976635709436679001296832551106606467457874785
0.0166292567771811625346649028894078884301174193466874858434620216    -0.6181554824420387608999142735510490608071299884249087159817568118
0.0169021738694776542669282122541464288229700345915905195031628412    -0.6013891417918056308179120663185616682955941376448480425604730009
0.0171675265841339465463246644029995617156356363443613331401022327    -0.5843536561999138885277891047501631674013715314058598214000253095
0.0174251961655233703953961261520718862873167005318023077491247965    -0.5670566497061676241990039321969000076801450905742079638574598878
0.0176750672965197783847931966070759090260448068674428583999377604    -0.5495058633911125448393984872327095048768368782625015762524733773
0.0179170281501063280999896825372430404000880633062262566036183757    -0.5317091519116018509704179770581195357855693420719957580280528849
0.0181509704394223222509508894596911505742745728903595360941770844    -0.5136744799855324054828453081356599987053171690732797452746012497
0.0183767894662257047413630596518220182486751944268212090309515334    -0.4954099188273243970969576692359007556158000058938725741512658844
0.0185943841677495216055620424614606083100966665609270277433298089    -0.4769236425357397475503961674268760285870227452418751268212954124
0.0188036571619313749090029082749077160734332028857019314902893636    -0.4582239244356558439225212517150663209440798232837005547677232188
0.0190045147909956261949380500351697544688977562504775588054116842    -0.4393191333754317859270431602408392231091114264612202070417773665
0.0191968671633688435388304823754588215065430657760853606029763470    -0.4202177299815242134189274436940697707158001084607879845906267764
0.0193806281939097324274042199037047872675600193658437301769061680    -0.4009282628720289129320597046311924141329304302527240712962354223
0.0195557156424355451884042653759916931036658206899020439140974849    -0.3814593648308427852751981051359876558593204970983687655227315430
0.0197220511505277262311286894514362981715276544562788224711219235    -0.3618197489441583808755519248996582938732828522374951219012115555
0.0198795602766003205821184796389592392242177984068841006042201010    -0.3420182047010200678138909120326430353366583231633651181851258939
0.0200281725292154507756496605589979785857607708901708190148435793    -0.3220635940596869818213914531754344355206177194953854083203583819
0.0201678213986309517410474759880351579545963486703568779958190139    -0.3019648474815632107270853182608691160736285589018582041879641639
0.0202984443865660445705035228302783982078172585314199858323243146    -0.2817309599344701811222748714958029750851611289915342126242661082
0.0204199830341717276005322772659076753337957828422687699302044619    -0.2613709868670499358607833491549065659568971284528978226212245562
0.0205323829481933667426080295999031159631426224397379607030427862    -0.2408940401561009113107806788630193336336552125089612427287041178
0.0206355938253137760959510277249639589074332186295393920299673397    -0.2203092840286599372409322359838908724437664352590895362626162875
0.0207295694746658942071253571089086124846002866993292090859897589    -0.1996259309606554844458892146177243566342147962320488898382602035
0.0208142678385049805437124274678823434529328937680225781862235522    -0.1788532375539676706408805989070389972564580416345284492248061328
0.0208896510110310804570898803443235325528552506522134027610242795    -0.1580005003937401990941519388756144108837999686529722179436777351
0.0209556852553533347543544164310287807165784651337623826838223076    -0.1370770518877982425978483714869311559297129804964060789297031613
0.0210123410185885416117756228949774245173105122511198570259557552    -0.1160922560900342937502102545498196395836719758960043325251490000
0.0210595929450872135701643826111336779192096805565781583927631761    -0.0950555045096311775530042599976505135159306706173664986895610444
0.0210974198877812103828900685933378050018839575372731578501426129    -0.0739762119079977608088240056110160799659210561301284883323689204
0.0211258049176478691652737302346903028552119743763706481223921385    -0.0528638120852983918981534667546470331761998620320149748510245248
0.0211447353312863962437715033676626173101505474713391681276291976    -0.0317277536584617617661297481442503450299709187758571275654597953
0.0211542026566031299477379333880833964835147363561298828538736977    -0.0105774958325586902704974143241671320437069228765276145479921852
0.0211542026566031299477379333880833964835147363561298828538736977    0.0105774958325586902704974143241671320437069228765276145479921852
0.0211447353312863962437715033676626173101505474713391681276291976    0.0317277536584617617661297481442503450299709187758571275654597953
0.0211258049176478691652737302346903028552119743763706481223921385    0.0528638120852983918981534667546470331761998620320149748510245248
0.0210974198877812103828900685933378050018839575372731578501426129    0.0739762119079977608088240056110160799659210561301284883323689204
0.0210595929450872135701643826111336779192096805565781583927631761    0.0950555045096311775530042599976505135159306706173664986895610444
0.0210123410185885416117756228949774245173105122511198570259557552    0.1160922560900342937502102545498196395836719758960043325251490000
0.0209556852553533347543544164310287807165784651337623826838223076    0.1370770518877982425978483714869311559297129804964060789297031613
0.0208896510110310804570898803443235325528552506522134027610242795    0.1580005003937401990941519388756144108837999686529722179436777351
0.0208142678385049805437124274678823434529328937680225781862235522    0.1788532375539676706408805989070389972564580416345284492248061328
0.0207295694746658942071253571089086124846002866993292090859897589    0.1996259309606554844458892146177243566342147962320488898382602035
0.0206355938253137760959510277249639589074332186295393920299673397    0.2203092840286599372409322359838908724437664352590895362626162875
0.0205323829481933667426080295999031159631426224397379607030427862    0.2408940401561009113107806788630193336336552125089612427287041178
0.0204199830341717276005322772659076753337957828422687699302044619    0.2613709868670499358607833491549065659568971284528978226212245562
0.0202984443865660445705035228302783982078172585314199858323243146    0.2817309599344701811222748714958029750851611289915342126242661082
0.0201678213986309517410474759880351579545963486703568779958190139    0.3019648474815632107270853182608691160736285589018582041879641639
0.0200281725292154507756496605589979785857607708901708190148435793    0.3220635940596869818213914531754344355206177194953854083203583819
0.0198795602766003205821184796389592392242177984068841006042201010    0.3420182047010200678138909120326430353366583231633651181851258939
0.0197220511505277262311286894514362981715276544562788224711219235    0.3618197489441583808755519248996582938732828522374951219012115555
0.0195557156424355451884042653759916931036658206899020439140974849    0.3814593648308427852751981051359876558593204970983687655227315430
0.0193806281939097324274042199037047872675600193658437301769061680    0.4009282628720289129320597046311924141329304302527240712962354223
0.0191968671633688435388304823754588215065430657760853606029763470    0.4202177299815242134189274436940697707158001084607879845906267764
0.0190045147909956261949380500351697544688977562504775588054116842    0.4393191333754317859270431602408392231091114264612202070417773665
0.0188036571619313749090029082749077160734332028857019314902893636    0.4582239244356558439225212517150663209440798232837005547677232188
0.0185943841677495216055620424614606083100966665609270277433298089    0.4769236425357397475503961674268760285870227452418751268212954124
0.0183767894662257047413630596518220182486751944268212090309515334    0.4954099188273243970969576692359007556158000058938725741512658844
0.0181509704394223222509508894596911505742745728903595360941770844    0.5136744799855324054828453081356599987053171690732797452746012497
0.0179170281501063280999896825372430404000880633062262566036183757    0.5317091519116018509704179770581195357855693420719957580280528849
0.0176750672965197783847931966070759090260448068674428583999377604    0.5495058633911125448393984872327095048768368782625015762524733773
0.0174251961655233703953961261520718862873167005318023077491247965    0.5670566497061676241990039321969000076801450905742079638574598878
0.0171675265841339465463246644029995617156356363443613331401022327    0.5843536561999138885277891047501631674013715314058598214000253095
0.0169021738694776542669282122541464288229700345915905195031628412    0.6013891417918056308179120663185616682955941376448480425604730009
0.0166292567771811625346649028894078884301174193466874858434620216    0.6181554824420387608999142735510490608071299884249087159817568118
0.0163488974482240354452245419680677445330744971025257865905739097    0.6346451745636047698976635709436679001296832551106606467457874785
0.0160612213542760527730375022708776715938592109756535275272133477    0.6508508383804375307935013965316127554989277366759430774198198327
0.0157663572415439466338105574659412771276652906272448831262522430    0.6667652212301500604928792301232349274310947890631187727167326588
0.0154644370731526918910140637832211283263674557202850318821383051    0.6823812008098831730488514421352762986189538103114968842787459667
0.0151555959700871456566314589099964624073484510239639280524095034    0.6976917883638134211117884125156539237342768024613114676254743261
0.0148399721507204779718081571954387130680512315764290254272797000    0.7126901318108938423069733714448842236778295167229886580640426528
0.0145177068689564714224163475386633965680432138268744469054359033    0.7273695188114277880871919925164334985390398778157246494552611833
0.0141889443510133920354705439167265616312117471072110989743485579    0.7417233797711035035789603236155184506651781887739591128726980615
0.0138538317308777474147622168315471210736083907858463427461845782    0.7557452907811451370001301250381378901999927738513611610794758122
0.0135125189844568509676742861985966449903846911378473467552817059    0.7694289764932644755087995764112811335770728937335717533710697367
0.0131651588624597037392397381385584776385128309331263152822451584    0.7827683129281269203517095534978390554853728545476307567862865622
0.0128119068220362886283336575341581722201682185990214184153857365    0.7957573302160750180637036696264444710248494266950758208449069134
0.0124529209572059469332168678501008804792794294672310171230750638    0.8083902152688832474326628875508158316590590958627310409637242165
0.0120883619281060763184244031460270679183329804838786444077368335    0.8206613143813487168545519737902471375117097771441905471116615615
0.0117183928890929555938835757922788347802042937271938756920678804    0.8325651357615539490096213253520052985360039341674468231737420137
0.0113431794157270700587544396118839253066294861965763058028543695    0.8440963519886700189245658966514816432282337531396866668355167464
0.0109628894306758891906199954059861399501735074014878632132905524    0.8552498023972009730326900222776651693872721592376417830883623191
0.0105776931285676480304341422100391491040348688771900925954711909    0.8660204953866037059644880616864423251048709240979930024334727576
0.0101877628998303234800030640011956761354019389417289275009203659    0.8764036106552513386923787522049233084249061899553201328852242660
0.0097932732535507069213484352763685766948372793012460687627045793    0.8863945013577426804355809325272650066408318762362030159170675706
0.0093944007393893039380830474573913788586732323290449044800930377    0.8959886961845956601504995254999877971644467796881846279737808975
0.0089913238685878213750484774042985421239801384413177115186297361    0.9051819013633988376727521746030447272267123380718295514258044050
0.0085842230341073681993942912553831852258537688788814673104118564    0.9139700025805325120091563079310334901167140339014682403792634699
0.0081732804299374356598253838970416456998872235677887612688558456    0.9223490668226099787851901068989455096323450998897544291584938540
0.0077586799696186516311710701536602004040827687022610137233123097    0.9303153441368309118636605484546616342444004007937821352308652351
0.0073406072040269823076710536306818522342078572692234158643438518    0.9378652693094839869501452239596774331284751651066343736203324938
0.0069192492384749005081319378591595859449671128941209045358468369    0.9449954634618871106784028845660287738434306767817251878550078879
0.0064947946491987957098043719098168460397670391875786001819888038    0.9517027355631153529583626830486159167497642847790427188975236603
0.0060674333993270600897924976957481646083544188208723152166660396    0.9579840838589472361725641346522057290265850950522922464359236427
0.0056373567544713089416428192467532203966774030874411706456374902    0.9638366972165758313475414579908807646243353986839056156263657613
0.0052047571981791149117884123446159717241820817241443414465647024    0.9692579563848158705639905398979318526995772889561086602231091088
0.0047698283476880438668866297565118144175957349329643487716188051    0.9742454351698644258316284301764107431450291578808712354089493809
0.0043327648708683402249986086522676021039236704478489271078940055    0.9787969015273057810204365146590732300203584532058703121473064071
0.0038937624063036541603410774407345664629082897167113940403342220    0.9829103185723911412698302303869240063572848182132136650848335592
0.0034530174911827491923231102868775401717934889230707526120687962    0.9865838455137158747247732484900773790686379774527204363377310712
0.0030107275093447607451536459531030269504568242474923811507307512    0.9898158385232459875457519481678192386998107757122658428373459952
0.0025670906960660132709422351152688569229672934760179224455685635    0.9926048515777247734705635957074325179117377388703247549197122058
0.0021223063249824251805962894718795260010076142993874146232428681    0.9949496373776261842903477428511199751544696432656009897242747214
0.0016765755980695624686340309460646769467817649284619993307710895    0.9968491487225447894762105448705624188978029179510996190386751241
0.0012301060814629568570629592927131133925046643166718136010314922    0.9983025420543606828373476437908399537197392437767181929959997546
0.0007831435246685708472192233736933952885760019081290874759113240    0.9993091943300507305975325188701375349082484039120423843590274229
0.0003364921487328324993936439290000866558038745849830730967005890    0.9998688787374442887110810202363279659785612811360709742894576060
