0.0194617882297264770363120414644384357529066090692866407926804725    -0.9924068438435844031890176702532604935893164014032107866796794391
0.0448142267656996003328381574019942119517542274678576020858545268    -0.9602081521348300308527788406876515266150915032741381059178163344
0.0690445427376412265807082580060130449618480316876131311229004277    -0.9031559036148179016426609285323124878093939340573558176950324248
0.0914900216224499994644620941238396526609116512965987846649893449    -0.8227146565371428249789224867127139017745384862068300413698638886
0.1115666455473339947160239016817659974813318538398937755214611429    -0.7209661773352293786170958608237816296571418329086667749385904714
0.1287539625393362276755157848568771170558395770934630345471043846    -0.6005453046616810234696381649462392798683220827322925675865867257
0.1426067021736066117757461094419029724756683448244738609265716559    -0.4645707413759609457172671481041023679762857146241365969843088776
0.1527660420658596667788554008976629984610082672364286235231015531    -0.3165640999636298319901173288498449178922852191328872451557289868
0.1589688433939543476499564394650472016787801581951260957511749153    -0.1603586456402253758680961157407435495048735004708753788746434516
0.1610544498487836959791636253209167350399025585785169021283231527    0.0000000000000000000000000000000000000000000000000000000000000000
0.1589688433939543476499564394650472016787801581951260957511749153    0.1603586456402253758680961157407435495048735004708753788746434516
0.1527660420658596667788554008976629984610082672364286235231015531    0.3165640999636298319901173288498449178922852191328872451557289868
0.1426067021736066117757461094419029724756683448244738609265716559    0.4645707413759609457172671481041023679762857146241365969843088776
0.1287539625393362276755157848568771170558395770934630345471043846    0.6005453046616810234696381649462392798683220827322925675865867257
0.1115666455473339947160239016817659974813318538398937755214611429    0.7209661773352293786170958608237816296571418329086667749385904714
0.0914900216224499994644620941238396526609116512965987846649893449    0.8227146565371428249789224867127139017745384862068300413698638886
0.0690445427376412265807082580060130449618480316876131311229004277    0.9031559036148179016426609285323124878093939340573558176950324248
0.0448142267656996003328381574019942119517542274678576020858545268    0.9602081521348300308527788406876515266150915032741381059178163344
0.0194617882297264770363120414644384357529066090692866407926804725    0.9924068438435844031890176702532604935893164014032107866796794391
