0.0006188455854932234242784490424189147648015892454075577577354967    -0.9997588493430827563751163674201139994732399651674625000392599281
0.0014400604084401147510510707832204414078154412689571889064239656    -0.9987296095567187557850306025837968351735962931791683868593912777
0.0022613069541620503015810498045923292571556861112936194058499253    -0.9968788174470393808632870997302423865357006372336012756331583034
0.0030807980025521693022631633162263452420010115586153726818465798    -0.9942075848883765280975202836646845585380378164244922026280340360
0.0038977745477270674128704626561702813191546287407663577002166521    -0.9907180600971577012518201611142643816079560054776904290027666207
0.0047115492801465830162430332743213199736104987565434631114238800    -0.9864131031823452057514625963976112064784980004498263376109044450
0.0055214484540319037581530267997279010484040680149869235204429328    -0.9812962534486653145081908123336274212127749753392771825524760715
0.0063268041164444400581359837231067318236185773945980100087992250    -0.9753717208273344245583314166648304717049890308018394969615155378
0.0071269528556794762526392223483854761146171959806887028907084381    -0.9686443809073824294655247513176802322044132671678053325065116503
0.0079212358401445624825280279712473301211067965129850879928726661    -0.9611197704224669772926533055185840816924340786929368910623697153
0.0087089991892642920448894129723532817395168328299174289810521500    -0.9528040824990929288041650009755729850865671134782098679420686099
0.0094895944454125034179939499756790891188385579875053007002845945    -0.9437041614741203260739582814646955138624628160431674061586813408
0.0102623790792084645010973101206887069977073105507335427179503089    -0.9338274972206492879259658111034239292955564773323678328432300695
0.0110267170051092829466142921497966804171819168866420386730168201    -0.9231822189623474402505898418181335814230821035705554739022723904
0.0117819790983404762961858377656019906373221900754169358745746438    -0.9117770885710500689161208103665531680712228348675531333111106679
0.0125275437092197748207771602618495801473225467156905723662877396    -0.8996214933485117087015583041710803410380237304178935383444912405
0.0132627971728868453707878342526964525089901806539864086397936437    -0.8867254382960099216524281928717596919664341923728429899766398871
0.0139871343132793939474774383882435599428496077452319583985802644    -0.8730995378770193915350353216727503831072981559990001037980366279
0.0146999589405714649638300000477109803792696832406611222147272396    -0.8587550072791229128875191717406105200789659290190353893189051895
0.0154006843414714131184372754639608589795995398296547361089465707    -0.8437036531820088224436333322664902483417486768972346773844728249
0.0160887337618708955396930691836746914358870180481084255645411085    -0.8279578640389551607451030531840159206444298542527569201306957520
0.0167635408813883517935032528797296559974722885793310799059536899    -0.8115305998796810801209127334981732060522666183537490520127708169
0.0174245502793818827724820959978376293505112504706155815892209548    -0.7944353816428856311903989647909982956247684652234256577845597078
0.0180712178920273049116718345649010902173907562046424239610342154    -0.7766862800472080956533932656526114441867250339174753998507147134
0.0187030114600724810554862656836731520527564119904312426441728541    -0.7582979040097402661169929523006705087446919131159135529474472142
0.0193194109668914175760680084762829711953534760952106534394867767    -0.7392853886216036041994577016852382720554100886880422806458947561
0.0199199090664724580861072623064159911977240053998767269950561673    -0.7196643826904752076900546114346606552969076006146317620729908363
0.0205040115009849590031608781978001657171163010907696809751364506    -0.6994510358603071157237313731570836906349158615332528233920374808
0.0210712375075785289369918630418911623427726367506417501917801832    -0.6786619853188342296895921707766649471169549907582687073131369758
0.0216211202140784970638886114665020185416886316356361888010912295    -0.6573143421038072516324960534191641035434322780051884177971018164
0.0221532070232508871915765997175462545862463979915876652503052278    -0.6354256770192185774562828464606316000752368565089004176496813038
0.0226670599853198968040800383613939487049592362198432421574858651    -0.6130140061731109558914453361858836880407851456632150854944514959
0.0231622561584307618800308479825500940327189463011666789195488625    -0.5900977761488707987588564882424658005822031215787923419986208216
0.0236383879567609556342132699367383772978992705478606997256159351    -0.5666958488222101298160237451856937207788567456220572579764981878
0.0240950634859929366252194916718230652299041736478422897942447838    -0.5428274858363330946853118479895724312007821042340557189705141882
0.0245319068658721349416500652976917575248605077619751284863189682    -0.5185123327480645195503413769536297134785923203068173686623152121
0.0249485585395845453255068083651312190235125824106053658865491728    -0.4937704028579889946998598114165711487807348732926947124412634448
0.0253446755696991806627150885771093055952902256449079933888322141    -0.4686220607379091647220070271625504016869147003476252731210000681
0.0257199319204317235819907393724200747463941305907201760422005416    -0.4430880054691811279718037643992939546498280003374595449894263703
0.0260740187259969917467139543933222033749074831024543183078298546    -0.4171892536057228871100137324358939356181943714097580729028400647
0.0264066445448292965285082867736149975668155501992835998592984710    -0.3909471218757184600716753687044571570151635318442470285423108016
0.0267175355994614170816721919955964532432432806084126794243945079    -0.3643832096362553744700951994177555258915455737998710900760317479
0.0270064360018647237986408113351865962120812880168363263084711434    -0.3375193810953366542081066889439582934622588814998484685132388450
0.0272731079640649576972604414222515221120106024777256226295340936    -0.3103777473158998998018681618667513387923570011762015590206052212
0.0275173319938602961192036600596503730439425133430327311763657605    -0.2829806480166555076652191816504733213901642546709692684363137512
0.0277389070754806005900377759783645810807929601042603187623575390    -0.2553506331847233218846264722114428942217969603450386742829445197
0.0279376508350391399749382183107995155602990428834405442301052224    -0.2275104445152019280923069766430480603792477245333581583610014439
0.0281133996906406011507453519930018436251566559564265025516415132    -0.1994829966929472560968325254423477727857847529980515685694242205
0.0282660089870218301452035528409033987293283851141776620431392210    -0.1712913585319670392215070870653128913213361076150469734789193241
0.0283953531146144787795814991258910432316055290259891953232960061    -0.1429587339879548773218512184042867054014008644546252609003713807
0.0285013256129315548932199876731532059728975086865678083926856931    -0.1145084430595920710400454341050850869869173849707186458835043875
0.0285838392581927777353323072624111000071349658803441401456196385    -0.0859639025943369512882045226130866485278082506874648391821089161
0.0286428261351166135075265640371154682760360413581299078349949761    -0.0573486070145000450498080963388846456857770322091815639484572499
0.0286782376928198986889523426522300894934173013744802301744774317    -0.0286861089794690317734982088250319445747175511403293873845515175
0.0286900447847790399771859238947934634779775687727661809313599805    0.0000000000000000000000000000000000000000000000000000000000000000
0.0286782376928198986889523426522300894934173013744802301744774317    0.0286861089794690317734982088250319445747175511403293873845515175
0.0286428261351166135075265640371154682760360413581299078349949761    0.0573486070145000450498080963388846456857770322091815639484572499
0.0285838392581927777353323072624111000071349658803441401456196385    0.0859639025943369512882045226130866485278082506874648391821089161
0.0285013256129315548932199876731532059728975086865678083926856931    0.1145084430595920710400454341050850869869173849707186458835043875
0.0283953531146144787795814991258910432316055290259891953232960061    0.1429587339879548773218512184042867054014008644546252609003713807
0.0282660089870218301452035528409033987293283851141776620431392210    0.1712913585319670392215070870653128913213361076150469734789193241
0.0281133996906406011507453519930018436251566559564265025516415132    0.1994829966929472560968325254423477727857847529980515685694242205
0.0279376508350391399749382183107995155602990428834405442301052224    0.2275104445152019280923069766430480603792477245333581583610014439
0.0277389070754806005900377759783645810807929601042603187623575390    0.2553506331847233218846264722114428942217969603450386742829445197
0.0275173319938602961192036600596503730439425133430327311763657605    0.2829806480166555076652191816504733213901642546709692684363137512
0.0272731079640649576972604414222515221120106024777256226295340936    0.3103777473158998998018681618667513387923570011762015590206052212
0.0270064360018647237986408113351865962120812880168363263084711434    0.3375193810953366542081066889439582934622588814998484685132388450
0.0267175355994614170816721919955964532432432806084126794243945079    0.3643832096362553744700951994177555258915455737998710900760317479
0.0264066445448292965285082867736149975668155501992835998592984710    0.3909471218757184600716753687044571570151635318442470285423108016
0.0260740187259969917467139543933222033749074831024543183078298546    0.4171892536057228871100137324358939356181943714097580729028400647
0.0257199319204317235819907393724200747463941305907201760422005416    0.4430880054691811279718037643992939546498280003374595449894263703
0.0253446755696991806627150885771093055952902256449079933888322141    0.4686220607379091647220070271625504016869147003476252731210000681
0.0249485585395845453255068083651312190235125824106053658865491728    0.4937704028579889946998598114165711487807348732926947124412634448
0.0245319068658721349416500652976917575248605077619751284863189682    0.5185123327480645195503413769536297134785923203068173686623152121
0.0240950634859929366252194916718230652299041736478422897942447838    0.5428274858363330946853118479895724312007821042340557189705141882
0.0236383879567609556342132699367383772978992705478606997256159351    0.5666958488222101298160237451856937207788567456220572579764981878
0.0231622561584307618800308479825500940327189463011666789195488625    0.5900977761488707987588564882424658005822031215787923419986208216
0.0226670599853198968040800383613939487049592362198432421574858651    0.6130140061731109558914453361858836880407851456632150854944514959
0.0221532070232508871915765997175462545862463979915876652503052278    0.6354256770192185774562828464606316000752368565089004176496813038
0.0216211202140784970638886114665020185416886316356361888010912295    0.6573143421038072516324960534191641035434322780051884177971018164
0.0210712375075785289369918630418911623427726367506417501917801832    0.6786619853188342296895921707766649471169549907582687073131369758
0.0205040115009849590031608781978001657171163010907696809751364506    0.6994510358603071157237313731570836906349158615332528233920374808
0.0199199090664724580861072623064159911977240053998767269950561673    0.7196643826904752076900546114346606552969076006146317620729908363
0.0193194109668914175760680084762829711953534760952106534394867767    0.7392853886216036041994577016852382720554100886880422806458947561
0.0187030114600724810554862656836731520527564119904312426441728541    0.7582979040097402661169929523006705087446919131159135529474472142
0.0180712178920273049116718345649010902173907562046424239610342154    0.7766862800472080956533932656526114441867250339174753998507147134
0.0174245502793818827724820959978376293505112504706155815892209548    0.7944353816428856311903989647909982956247684652234256577845597078
0.0167635408813883517935032528797296559974722885793310799059536899    0.8115305998796810801209127334981732060522666183537490520127708169
0.0160887337618708955396930691836746914358870180481084255645411085    0.8279578640389551607451030531840159206444298542527569201306957520
0.0154006843414714131184372754639608589795995398296547361089465707    0.8437036531820088224436333322664902483417486768972346773844728249
0.0146999589405714649638300000477109803792696832406611222147272396    0.8587550072791229128875191717406105200789659290190353893189051895
0.0139871343132793939474774383882435599428496077452319583985802644    0.8730995378770193915350353216727503831072981559990001037980366279
0.0132627971728868453707878342526964525089901806539864086397936437    0.8867254382960099216524281928717596919664341923728429899766398871
0.0125275437092197748207771602618495801473225467156905723662877396    0.8996214933485117087015583041710803410380237304178935383444912405
0.0117819790983404762961858377656019906373221900754169358745746438    0.9117770885710500689161208103665531680712228348675531333111106679
0.0110267170051092829466142921497966804171819168866420386730168201    0.9231822189623474402505898418181335814230821035705554739022723904
0.0102623790792084645010973101206887069977073105507335427179503089    0.9338274972206492879259658111034239292955564773323678328432300695
0.0094895944454125034179939499756790891188385579875053007002845945    0.9437041614741203260739582814646955138624628160431674061586813408
0.0087089991892642920448894129723532817395168328299174289810521500    0.9528040824990929288041650009755729850865671134782098679420686099
0.0079212358401445624825280279712473301211067965129850879928726661    0.9611197704224669772926533055185840816924340786929368910623697153
0.0071269528556794762526392223483854761146171959806887028907084381    0.9686443809073824294655247513176802322044132671678053325065116503
0.0063268041164444400581359837231067318236185773945980100087992250    0.9753717208273344245583314166648304717049890308018394969615155378
0.0055214484540319037581530267997279010484040680149869235204429328    0.9812962534486653145081908123336274212127749753392771825524760715
0.0047115492801465830162430332743213199736104987565434631114238800    0.9864131031823452057514625963976112064784980004498263376109044450
0.0038977745477270674128704626561702813191546287407663577002166521    0.9907180600971577012518201611142643816079560054776904290027666207
0.0030807980025521693022631633162263452420010115586153726818465798    0.9942075848883765280975202836646845585380378164244922026280340360
0.0022613069541620503015810498045923292571556861112936194058499253    0.9968788174470393808632870997302423865357006372336012756331583034
0.0014400604084401147510510707832204414078154412689571889064239656    0.9987296095567187557850306025837968351735962931791683868593912777
0.0006188455854932234242784490424189147648015892454075577577354967    0.9997588493430827563751163674201139994732399651674625000392599281
