0.0123412297999871995468056670700372915759100408913665168172873209    -0.9951872199970213601799974097007368118745976925960028774416005451
0.0285313886289336631813078159518782864491977979319081166016648048    -0.9747285559713094981983919930081690617411830530401787198115935651
0.0442774388174198061686027482113382288593128418338578967413972297    -0.9382745520027327585236490017087214496548196580774513466350271759
0.0592985849154367807463677585001085845412001265652134910373765513    -0.8864155270044010342131543419821967550873330433089200403710379168
0.0733464814110803057340336152531165181193365098484994714027024907    -0.8200019859739029219539498726697452080761264776678555872439810260
0.0861901615319532759171852029837426671850805882379330055884071439    -0.7401241915785543642438281030999784255232924870141854568663823683
0.0976186521041138882698806644642471544279189688536859440833106100    -0.6480936519369755692524957869107476266696582986189567802989336650
0.1074442701159656347825773424466062227946286901342200217665416409    -0.5454214713888395356583756172183723700107839925876181754336143898
0.1155056680537256013533444839067835598622703113764964705844493601    -0.4337935076260451384870842319133497124524215109279688080808012847
0.1216704729278033912044631534762624256070295592038057787774717545    -0.3150426796961633743867932913198102407864782608248172687542301295
0.1258374563468282961213753825111836887264033255813454041780915169    -0.1911188674736163091586398207570696318404051033147533561489185766
0.1279381953467521569740561652246953718517112395416678824212995764    -0.0640568928626056260850430826247450385909991954207473934243510818
0.1279381953467521569740561652246953718517112395416678824212995764    0.0640568928626056260850430826247450385909991954207473934243510818
0.1258374563468282961213753825111836887264033255813454041780915169    0.1911188674736163091586398207570696318404051033147533561489185766
0.1216704729278033912044631534762624256070295592038057787774717545    0.3150426796961633743867932913198102407864782608248172687542301295
0.1155056680537256013533444839067835598622703113764964705844493601    0.4337935076260451384870842319133497124524215109279688080808012847
0.1074442701159656347825773424466062227946286901342200217665416409    0.5454214713888395356583756172183723700107839925876181754336143898
0.0976186521041138882698806644642471544279189688536859440833106100    0.6480936519369755692524957869107476266696582986189567802989336650
0.0861901615319532759171852029837426671850805882379330055884071439    0.7401241915785543642438281030999784255232924870141854568663823683
0.0733464814110803057340336152531165181193365098484994714027024907    0.8200019859739029219539498726697452080761264776678555872439810260
0.0592985849154367807463677585001085845412001265652134910373765513    0.8864155270044010342131543419821967550873330433089200403710379168
0.0442774388174198061686027482113382288593128418338578967413972297    0.9382745520027327585236490017087214496548196580774513466350271759
0.0285313886289336631813078159518782864491977979319081166016648048    0.9747285559713094981983919930081690617411830530401787198115935651
0.0123412297999871995468056670700372915759100408913665168172873209    0.9951872199970213601799974097007368118745976925960028774416005451
