0.0307532419961172683546283935772044177217481448334340742642282855    -0.9879925180204854284895657185866125811469728171237614899999975156
0.0703660474881081247092674164506673384667080327543307198259072929    -0.9372733924007059043077589477102094712439962735153044579013630764
0.1071592204671719350118695466858693034155437157581019806870223891    -0.8482065834104272162006483207742168513662561747369926340957275588
0.1395706779261543144478047945110283225208502753155112432023911286    -0.7244177313601700474161860546139380096308992945841025635514234207
0.1662692058169939335532008604812088111309001800984129073218651906    -0.5709721726085388475372267372539106412383863962827496048532654171
0.1861610000155622110268005618664228245062260122779284028154957273    -0.3941513470775633698972073709810454683627527761586982550311653440
0.1984314853271115764561183264438393248186925599575419934847379279    -0.2011940939974345223006283033945962078128364544626376796159497246
0.2025782419255612728806201999675193148386621580094773567967041161    0.0000000000000000000000000000000000000000000000000000000000000000
0.1984314853271115764561183264438393248186925599575419934847379279    0.2011940939974345223006283033945962078128364544626376796159497246
0.1861610000155622110268005618664228245062260122779284028154957273    0.3941513470775633698972073709810454683627527761586982550311653440
0.1662692058169939335532008604812088111309001800984129073218651906    0.5709721726085388475372267372539106412383863962827496048532654171
0.1395706779261543144478047945110283225208502753155112432023911286    0.7244177313601700474161860546139380096308992945841025635514234207
0.1071592204671719350118695466858693034155437157581019806870223891    0.8482065834104272162006483207742168513662561747369926340957275588
0.0703660474881081247092674164506673384667080327543307198259072929    0.9372733924007059043077589477102094712439962735153044579013630764
0.0307532419961172683546283935772044177217481448334340742642282855    0.9879925180204854284895657185866125811469728171237614899999975156
