0.0005110260636946121179729661386246413951797153916647879803941486    -0.9998008656589589205718346664966735801877399136327118472902526705
0.0011892343277931651479338509237930431237062670527090798321745944    -0.9989509216740347067380422294900287335450704785559107017693583458
0.0018676392307719650543772986721523169733506866277878579050130339    -0.9974224136132905258803114902473853875555015095742615012544871066
0.0025448620540103064362402451311457195347756809945542666048212091    -0.9952160405989081664166305897060163313983217966334580175384411963
0.0032203727339262675315037257682457950199134211481917239497876778    -0.9923332606161664852619384571879671881549355687776945800399239176
0.0038936998629014653082743823640692002162340626793680214855413128    -0.9887760230715261245982887077913758499430985866809088768193807180
0.0045643825408821160355845932597050082400733679789657120363161094    -0.9845467424134105523341490058421800015324271672692479774863446312
0.0052319638142955942465056885198408450394616098120685822301277200    -0.9796482918210422448808913277316770401011990861641269197569759801
0.0058959894992837342112239229797500334756130724205901133608685251    -0.9740840000102280099459268487329636009037245581073792720684975533
0.0065560080716716139903953937585831563325874606844932471577033342    -0.9678576485579722686740496762961874113767229497316028169073125431
0.0072115708323796387389333650866982319738756799078709056880233975    -0.9609734691715826387895368082075519848178240192111874755090618083
0.0078622321576899802381799893961109147549829980144287188794497411    -0.9534361407422757731619500440152397213031276210294853537408052041
0.0085075497786523522795862168958330201343609884086424979341282476    -0.9452507861314756328195815977693782832562942142435316473587353072
0.0091470850707376679922620111794872913243065497410045823495810814    -0.9364229686716758414386482713167512046138315158625034217031628798
0.0097804033464975271758873385288259747628389546171177154199330071    -0.9269586883757736905116007956243083752198830871596282381696578286
0.0104070741481251933137068369456813322965357479191455514388747348    -0.9168643778536237917465679185963964840970308149833992614004403914
0.0110266715384281589113453319946788530465023729437847710512351597    -0.9061468979367375067819003079385085156529498848053740612382147164
0.0116387743894037064206440082402512128656397651600206205958316956    -0.8948135330131572319733311672827184364488705209231075591172612426
0.0122429666679164499818322285949488773166532257902961455883551627    -0.8828719860751700760416297776951526009629233401580541490708490922
0.0128388377181243215456102485767542530183826628875405544593084712    -0.8703303734829441572023265850584611720192317309130602771053097120
0.0134259825403743068522191689792749757869161065854870426143063302    -0.8571972194474828463769442891998567740659263384021367882596836878
0.0140040020663294579833197277691253482230529162683380338864492787    -0.8434814502365489030107438790752094709999471967042418922155702357
0.0145725034301117154814087272613914417894986139125058997164212070    -0.8291923881074364219706371339234194339506571209063710004180457952
0.0151311002352592060667936947783418032892173799970523269909555722    -0.8143397449706763865563858222449983537360095447426283492388563871
0.0156794128173061044195243503352033800394826101066078369548300084    -0.7989336157889579632930230484457800345470902612156103027516947262
0.0162170685018000126255942025853067313725238118888648819756545971    -0.7829844717157359985180935931511605998607371409855183620940118002
0.0167437018575772689449042282515273726255304492541893821186768828    -0.7665031529781774087969423984830611530021562051084918728824951740
0.0172589549451212808457892085953584960597105599227136582159305334    -0.7495008615092763572010432689853773936594107108152188586651303161
0.0177624775598332423270282352186403061378934838485064058678635094    -0.7319891533341408553914348881813250922926078676370072656079687267
0.0182539274700486480168402114332233662298841572984041980856061032    -0.7139799307156220334648442355797980427698470678357171524631496780
0.0187329706496369772228632311208241906195106538700126944833231136    -0.6954854340646219225983898727126672569842467328714796504908559932
0.0191992815050258620816380933838946539949391972404449217784865732    -0.6765182336205762523648739964416617154331042390868538820166272375
0.0196525430964950186439836108756425652967807391619612066599819334    -0.6570912209077654713681098234205638673992094580439187453333636743
0.0200924473535892343709589461607511194783793521240411566501908613    -0.6372175999732599186340064448917298345807318848771056711217654176
0.0205186952845037858309607456855542511942620125335838217214835436    -0.6169108784124537454941903041612762105122343589051000499144029909
0.0209309971792998155623100993026866620039766955461778510128493340    -0.5961848581882867428191812026803374097359359165047054989846967670
0.0213290728068114321265344846593296671914035168162486951721193874    -0.5750536262503935887511126254403632201527027840144874202170464193
0.0217126516051106146755062856275017142719135659643547358937398847    -0.5535315449605561163111121292776483103060774587492854900041352621
0.0220814728654004034810977483291531250344881945761546964677102041    -0.5316332423309659257630176128258452831469874397996975017683623771
0.0224352859092113402426930790252265477401473481161019049341579731    -0.5093736020819319507887539496579494252985807445460166521369833795
0.0227738502587806852074419291129216597027060455571162285597892867    -0.4867677535257903487693216728435845472535986656837677750224049778
0.0230969358004985802647139165133276782489248997544531065642218505    -0.4638310612838922438502792983295068650822008430673816273147504194
0.0234043229413100458680972546397377226157981354076207086271306622    -0.4405791148436583292378317646597305727615514369225762783708497561
0.0236958027579664922661888272357293799908924522166904818362737345    -0.4170277179627980570500325992576620644237875589378362550291760512
0.0239711771390252892441362653132774103035512006363513865808059010    -0.3931928779278950375073217159537972415094560014077643097150878418
0.0242302589195008703850786388294166369283199100115671592810040759    -0.3690907946746592646860907007634731403235912983460575743184530888
0.0244728720080758446204371395832254042192326039445032476125880545    -0.3447378497772408169492056230611140164105837312891919686540841269
0.0246988515067856463144548872582047987247973585753898463872133827    -0.3201505953140886831661388278604421864818888544999183208692524048
0.0249080438230953720018500206789329606561021570736393009817798124    -0.2953457426179222808793964366760513580868500320753081100190004763
0.0251003067742926237783861694802746244201460759499474244438165240    -0.2703401509174620029556820855077477786854613381439842038736644794
0.0252755096841254027835847397165708159834083163258890082627965900    -0.2451508158786387016921478089903848247661411246319204034205440330
0.0254335334716193677124496810598736708018256700868654824435648924    -0.2197948580530703440178203453831172051569549904773948487367317360
0.0255742707320140893040341667051653948606390006500783166831875748    -0.1942895112416571020486073046384895527941101022315465057654689366
0.0256976258097632886948577278152888883945245622032766294889137580    -0.1686521107812038370968566380112308268731782690867724336846704125
0.0258035148635494417759962149800894106088412090632761457897263165    -0.1429000817620312531806415624846609330633263637189367280997710594
0.0258918659232685596051555979731323434631085331381639746020309824    -0.1170509271845839026352455166361276737916556181865299270012095162
0.0259626189389464128235838154316840700108170666838997065294443825    -0.0911222160630846897737878374969265258599275983953691906679109395
0.0260157258215529522134150199819089775658084634308561173230519037    -0.0651315714843215105371350428287512682072898701808673286144835329
0.0260511504756871842850961433845154825391991787846194341854302137    -0.0390966586296821622858895863331255275551246441039482338977386452
0.0260688688241102863710741219735852307368715052937994866690249065    -0.0130351727685786376176546465601940815252475630983648319095077624
0.0260688688241102863710741219735852307368715052937994866690249065    0.0130351727685786376176546465601940815252475630983648319095077624
0.0260511504756871842850961433845154825391991787846194341854302137    0.0390966586296821622858895863331255275551246441039482338977386452
0.0260157258215529522134150199819089775658084634308561173230519037    0.0651315714843215105371350428287512682072898701808673286144835329
0.0259626189389464128235838154316840700108170666838997065294443825    0.0911222160630846897737878374969265258599275983953691906679109395
0.0258918659232685596051555979731323434631085331381639746020309824    0.1170509271845839026352455166361276737916556181865299270012095162
0.0258035148635494417759962149800894106088412090632761457897263165    0.1429000817620312531806415624846609330633263637189367280997710594
0.0256976258097632886948577278152888883945245622032766294889137580    0.1686521107812038370968566380112308268731782690867724336846704125
0.0255742707320140893040341667051653948606390006500783166831875748    0.1942895112416571020486073046384895527941101022315465057654689366
0.0254335334716193677124496810598736708018256700868654824435648924    0.2197948580530703440178203453831172051569549904773948487367317360
0.0252755096841254027835847397165708159834083163258890082627965900    0.2451508158786387016921478089903848247661411246319204034205440330
0.0251003067742926237783861694802746244201460759499474244438165240    0.2703401509174620029556820855077477786854613381439842038736644794
0.0249080438230953720018500206789329606561021570736393009817798124    0.2953457426179222808793964366760513580868500320753081100190004763
0.0246988515067856463144548872582047987247973585753898463872133827    0.3201505953140886831661388278604421864818888544999183208692524048
0.0244728720080758446204371395832254042192326039445032476125880545    0.3447378497772408169492056230611140164105837312891919686540841269
0.0242302589195008703850786388294166369283199100115671592810040759    0.3690907946746592646860907007634731403235912983460575743184530888
0.0239711771390252892441362653132774103035512006363513865808059010    0.3931928779278950375073217159537972415094560014077643097150878418
0.0236958027579664922661888272357293799908924522166904818362737345    0.4170277179627980570500325992576620644237875589378362550291760512
0.0234043229413100458680972546397377226157981354076207086271306622    0.4405791148436583292378317646597305727615514369225762783708497561
0.0230969358004985802647139165133276782489248997544531065642218505    0.4638310612838922438502792983295068650822008430673816273147504194
0.0227738502587806852074419291129216597027060455571162285597892867    0.4867677535257903487693216728435845472535986656837677750224049778
0.0224352859092113402426930790252265477401473481161019049341579731    0.5093736020819319507887539496579494252985807445460166521369833795
0.0220814728654004034810977483291531250344881945761546964677102041    0.5316332423309659257630176128258452831469874397996975017683623771
0.0217126516051106146755062856275017142719135659643547358937398847    0.5535315449605561163111121292776483103060774587492854900041352621
0.0213290728068114321265344846593296671914035168162486951721193874    0.5750536262503935887511126254403632201527027840144874202170464193
0.0209309971792998155623100993026866620039766955461778510128493340    0.5961848581882867428191812026803374097359359165047054989846967670
0.0205186952845037858309607456855542511942620125335838217214835436    0.6169108784124537454941903041612762105122343589051000499144029909
0.0200924473535892343709589461607511194783793521240411566501908613    0.6372175999732599186340064448917298345807318848771056711217654176
0.0196525430964950186439836108756425652967807391619612066599819334    0.6570912209077654713681098234205638673992094580439187453333636743
0.0191992815050258620816380933838946539949391972404449217784865732    0.6765182336205762523648739964416617154331042390868538820166272375
0.0187329706496369772228632311208241906195106538700126944833231136    0.6954854340646219225983898727126672569842467328714796504908559932
0.0182539274700486480168402114332233662298841572984041980856061032    0.7139799307156220334648442355797980427698470678357171524631496780
0.0177624775598332423270282352186403061378934838485064058678635094    0.7319891533341408553914348881813250922926078676370072656079687267
0.0172589549451212808457892085953584960597105599227136582159305334    0.7495008615092763572010432689853773936594107108152188586651303161
0.0167437018575772689449042282515273726255304492541893821186768828    0.7665031529781774087969423984830611530021562051084918728824951740
0.0162170685018000126255942025853067313725238118888648819756545971    0.7829844717157359985180935931511605998607371409855183620940118002
0.0156794128173061044195243503352033800394826101066078369548300084    0.7989336157889579632930230484457800345470902612156103027516947262
0.0151311002352592060667936947783418032892173799970523269909555722    0.8143397449706763865563858222449983537360095447426283492388563871
0.0145725034301117154814087272613914417894986139125058997164212070    0.8291923881074364219706371339234194339506571209063710004180457952
0.0140040020663294579833197277691253482230529162683380338864492787    0.8434814502365489030107438790752094709999471967042418922155702357
0.0134259825403743068522191689792749757869161065854870426143063302    0.8571972194474828463769442891998567740659263384021367882596836878
0.0128388377181243215456102485767542530183826628875405544593084712    0.8703303734829441572023265850584611720192317309130602771053097120
0.0122429666679164499818322285949488773166532257902961455883551627    0.8828719860751700760416297776951526009629233401580541490708490922
0.0116387743894037064206440082402512128656397651600206205958316956    0.8948135330131572319733311672827184364488705209231075591172612426
0.0110266715384281589113453319946788530465023729437847710512351597    0.9061468979367375067819003079385085156529498848053740612382147164
0.0104070741481251933137068369456813322965357479191455514388747348    0.9168643778536237917465679185963964840970308149833992614004403914
0.0097804033464975271758873385288259747628389546171177154199330071    0.9269586883757736905116007956243083752198830871596282381696578286
0.0091470850707376679922620111794872913243065497410045823495810814    0.9364229686716758414386482713167512046138315158625034217031628798
0.0085075497786523522795862168958330201343609884086424979341282476    0.9452507861314756328195815977693782832562942142435316473587353072
0.0078622321576899802381799893961109147549829980144287188794497411    0.9534361407422757731619500440152397213031276210294853537408052041
0.0072115708323796387389333650866982319738756799078709056880233975    0.9609734691715826387895368082075519848178240192111874755090618083
0.0065560080716716139903953937585831563325874606844932471577033342    0.9678576485579722686740496762961874113767229497316028169073125431
0.0058959894992837342112239229797500334756130724205901133608685251    0.9740840000102280099459268487329636009037245581073792720684975533
0.0052319638142955942465056885198408450394616098120685822301277200    0.9796482918210422448808913277316770401011990861641269197569759801
0.0045643825408821160355845932597050082400733679789657120363161094    0.9845467424134105523341490058421800015324271672692479774863446312
0.0038936998629014653082743823640692002162340626793680214855413128    0.9887760230715261245982887077913758499430985866809088768193807180
0.0032203727339262675315037257682457950199134211481917239497876778    0.9923332606161664852619384571879671881549355687776945800399239176
0.0025448620540103064362402451311457195347756809945542666048212091    0.9952160405989081664166305897060163313983217966334580175384411963
0.0018676392307719650543772986721523169733506866277878579050130339    0.9974224136132905258803114902473853875555015095742615012544871066
0.0011892343277931651479338509237930431237062670527090798321745944    0.9989509216740347067380422294900287335450704785559107017693583458
0.0005110260636946121179729661386246413951797153916647879803941486    0.9998008656589589205718346664966735801877399136327118472902526705
