0.0146279952982722006849910980471854451902119491243237309244975914    -0.9942945854823992920730314211612989803930541983960315349770229250
0.0337749015848141547933022468659129013491693144744746604328831946    -0.9700604978354287271239509867652687108059689231378029695597382123
0.0522933351526832859403120512732112561121500935692363161227100833    -0.9269567721871740005206929392590531966353296533720519820445731915
0.0697964684245204880949614189302176573987750529550805273863113718    -0.8658125777203001365364256370193787290847967555884461561270933693
0.0859416062170677274144436813727028661891444053490797832865700110    -0.7878168059792081620042779554083515213881786713315631581216933977
0.1004141444428809649320788378305362823508110887676996257849609143    -0.6944872631866827800506898357622567712673422899774351611217337754
0.1129322960805392183934006074217843191142633321209947042725975462    -0.5876404035069115929588769276386473488776156035737178397700338214
0.1232523768105124242855609861548144719594449990049679724284219719    -0.4693558379867570264063307109664063460953437911307365477961000297
0.1311735047870623707329649925303074458757418941880306531253797034    -0.3419358208920842251581474204273796195591732991706873439968623837
0.1365414983460151713525738312315173965863676529886861681094697349    -0.2078604266882212854788465339195457342156751090979336496686533044
0.1392518728556319933754102483418099578739202174574258581261978771    -0.0697392733197222212138417961186280818222962994802314747066819465
0.1392518728556319933754102483418099578739202174574258581261978771    0.0697392733197222212138417961186280818222962994802314747066819465
0.1365414983460151713525738312315173965863676529886861681094697349    0.2078604266882212854788465339195457342156751090979336496686533044
0.1311735047870623707329649925303074458757418941880306531253797034    0.3419358208920842251581474204273796195591732991706873439968623837
0.1232523768105124242855609861548144719594449990049679724284219719    0.4693558379867570264063307109664063460953437911307365477961000297
0.1129322960805392183934006074217843191142633321209947042725975462    0.5876404035069115929588769276386473488776156035737178397700338214
0.1004141444428809649320788378305362823508110887676996257849609143    0.6944872631866827800506898357622567712673422899774351611217337754
0.0859416062170677274144436813727028661891444053490797832865700110    0.7878168059792081620042779554083515213881786713315631581216933977
0.0697964684245204880949614189302176573987750529550805273863113718    0.8658125777203001365364256370193787290847967555884461561270933693
0.0522933351526832859403120512732112561121500935692363161227100833    0.9269567721871740005206929392590531966353296533720519820445731915
0.0337749015848141547933022468659129013491693144744746604328831946    0.9700604978354287271239509867652687108059689231378029695597382123
0.0146279952982722006849910980471854451902119491243237309244975914    0.9942945854823992920730314211612989803930541983960315349770229250
