0.0005374521340273891998302058907352344657255928366402122595484478    -0.9997905677070753117510568582625180977749801150853570193364836737
0.0012507134262255700350063733644910903100921711642622930918868939    -0.9988966781513892815203906094038242454309495646647993512111064005
0.0019641375889115190833635874263021991346083405595724632740080053    -0.9972891729701383578628740196059706553609776255265568738257504011
0.0026762495662545579669254092711411108589733673178540792783634131    -0.9949688439033461337161375771424316832700050128896937524518594050
0.0033864669428699211764172631237380454586696510968641619163308352    -0.9919373057896208205947108330631324734973039689268798687212470314
0.0040942691238950557513422948437549475643233103910781116434817634    -0.9881967151794647243132197898167620500882367213458021279494781007
0.0047991467312230520469596592927727136819434542702714153755037402    -0.9837497424433745067613994601641582015751061093378504761297154797
0.0055005947376321869034194293018992624506634652893676391007346182    -0.9785995649512291393125280913916128216171739968756102752485594412
0.0061981112634822835213838436824951787125126921834165632183539012    -0.9727498634953962231345341917724674537685836506156010389316976537
0.0068911974950691996290601361759371477358599233816183802396271475    -0.9662048192252964732187266544645336472879187757951164811558924008
0.0075793578923863061170860499987786156507556783474056702055556641    -0.9589691104896513592322876399940281303524814086592932503514941048
0.0082621004858118273770346439301521231745422301875969439169739390    -0.9510479094184467299341429189060468890157857464233476064164713912
0.0089389372030904043938110781465931205556871021260484692611227384    -0.9424468781904597908679964141245081141879410003162228807902498568
0.0096093842067055417652176940239091159038228777864175145140655851    -0.9331721649676531170415998696561960179337405891768710755441705456
0.0102729622339918351914122556132876578721983203211459315679248232    -0.9232303994904324638681305317691360180143198690408784583111330296
0.0109291969366879706377415320653275726975215206053177233570476005    -0.9126286883328902198286816392820622169548494011170328293834837626
0.0115776192183298439366526384113565093072722360018241881009364418    -0.9013746098194810359840141731936447246031863392701107612374969101
0.0122177655686001494920530585400380663263738028621056657851997125    -0.8894762086057696275138793162202048202059445903197301620148651199
0.0128491783940747588389866137044523865573411193934126649721324887    -0.8769419899265920662037703204937141745906345099288377386759055164
0.0134714063449618330428614501163614361510010079513879904917952390    -0.8637809135154447221169729048474577587326339980677465038819870302
0.0140840046375088734254795565884983133764755388265675192109672837    -0.8500023871992752177807201073784379295113781468733273757714698686
0.0146865353717957942030107281732290324560447058262085523863605095    -0.8356162601731510510886522610719916701192765868669525734422643099
0.0152785678446569037004110604868715662622017411422195290835435942    -0.8206328159595500105928183508494598777036457723029587372053604227
0.0158596788574901804634182204959700364411254863312449321249376679    -0.8050627650572653217119608137465573791161052853343614313362590784
0.0164294530187228041935082263534463711084980731939085031650530623    -0.7889172372851544948760454260897420122928030098814184954119044539
0.0169874830407098130573136489066005174213718033023125876849026974    -0.7722077738261877705448455479948193031171467841208386829435781001
0.0175333700308492176837411951595477246400201659212712004571143812    -0.7549463189774718675623358146916095117900397738826523067115845366
0.0180667237767025724346885140545179780902548512044975049971479598    -0.7371452116121385289160407694803242474650141398385814225340633852
0.0185871630249152606670547974297382691195184156830838791924275874    -0.7188171763591957065496861143741451839556172076046426478711293379
0.0190943157537358082571202555355036591337734378953227080935459235    -0.6999753145076424311039271417205548939853368564777828845162859566
0.0195878194389385250088792286200517111111291865700683653676390243    -0.6806330946413466032098798428303001219368867877045984657216033201
0.0200673213129587617990131119520847984574590119000033276893164662    -0.6608043430113781516831576991904499130440227590004566466946205069
0.0205324786170551073528833860141968493218799975444061511670772890    -0.6405032336526782034061551024544967697758225582644936150907567302
0.0209829588463179592328402314893851819755613927952795281685495712    -0.6197442782521280374563331315005509032113565099917606122616255563
0.0214184399873491047136881096463196283357298504746643752350298242    -0.5985423157752595688954811012613894334227279406388817399120963713
0.0218386107484422475774370216956382218111956760630213118822623850    -0.5769125018590218302926268871954437485316489342774588486546838578
0.0222431707820998209532352781258194102216738028463903422128678976    -0.5548702979781852897217208973739995811862636141842356063334124270
0.0226318308997269357961192431413777115018789264700232012770007770    -0.5324314603931277579100169133933137365166413939377062092138238613
0.0230043132783489292098221294557571141658134130833466389944293730    -0.5096120288869019890293948130590131801623480512121383307792994404
0.0233603516592046950903456403416895197876445009488510167583143572    -0.4864283152996357648334105107587312171965794783677612425552401262
0.0236996915380737991553468700127584539393186605193240463647623530    -0.4628968918684601679000473312173361772779859102960666608266477848
0.0240220903472012983855394031280772032285600223896436438282511155    -0.4390345793813007967572064859119815902034300394100492254828218989
0.0243273176286901978637751699776330571774984584473701847731977911    -0.4148584351529997569289451898537392515280930150298288393100511551
0.0246151551992375822650985223473953691665175103215807548988798885    -0.3903857408323632842695069966287681944847856848134668490677695582
0.0248853973060966508992227117126181767495498871462066168073082320    -0.3656339900488507309877099267890647151153980270141613195787086283
0.0251378507741531601247073267512783790753351854291512345485392913    -0.3406208759077352851676828765570933928093838595455803590355021813
0.0253723351440111308857577526731583205287333307541925147060683134    -0.3153642783426751202107248960391886193597616107375621483159733668
0.0255886828009891076946987086947947632193033839106480574943346590    -0.2898822513347356046211990498031927940023416664961400748370919636
0.0257867390949347541252450940601856881091200872052776653592123528    -0.2641930100069986725242451605172166436640340376002127340210178238
0.0259663624507721342412064881526201477581386333163476178835277876    -0.2383149176039843933347201594518827409923211219240924308121549205
0.0261274244697026547396113971547747659430175111296368706279979795    -0.2122664723651921217835937508425566778667201000273700677017213394
0.0262698100209873242531717044537192649979278559282030392845549512    -0.1860662943021442983921219926232311575224884892774536209736476731
0.0263934173242447194984220878863009645136222625366078767133020275    -0.1597331118883849515178463353801597430442350911832683553008600213
0.0264981580222058279904274542498839612506713455486235831068682913    -0.1332857486719471760919079719067916242982762341726823712576233616
0.0265839572438737590498780812125517442014237251746362447656610284    -0.1067431098198592867394251688838241445757557903625331259923384353
0.0266507536580431739456736212961645789984076991668507294235378136    -0.0801241686043079245796610922686891697567468387730499573672188571
0.0266984995171411773572629853992282789563587086671527609884546457    -0.0534479528401181029699443390701064444822643536612556378069055633
0.0267271606913583309916102897176482201724781987922270456434454919    -0.0267335312832449780181488459116885410718311988087469101420042768
0.0267367166930453912135390610588830254097593830400405121260307140    0.0000000000000000000000000000000000000000000000000000000000000000
0.0267271606913583309916102897176482201724781987922270456434454919    0.0267335312832449780181488459116885410718311988087469101420042768
0.0266984995171411773572629853992282789563587086671527609884546457    0.0534479528401181029699443390701064444822643536612556378069055633
0.0266507536580431739456736212961645789984076991668507294235378136    0.0801241686043079245796610922686891697567468387730499573672188571
0.0265839572438737590498780812125517442014237251746362447656610284    0.1067431098198592867394251688838241445757557903625331259923384353
0.0264981580222058279904274542498839612506713455486235831068682913    0.1332857486719471760919079719067916242982762341726823712576233616
0.0263934173242447194984220878863009645136222625366078767133020275    0.1597331118883849515178463353801597430442350911832683553008600213
0.0262698100209873242531717044537192649979278559282030392845549512    0.1860662943021442983921219926232311575224884892774536209736476731
0.0261274244697026547396113971547747659430175111296368706279979795    0.2122664723651921217835937508425566778667201000273700677017213394
0.0259663624507721342412064881526201477581386333163476178835277876    0.2383149176039843933347201594518827409923211219240924308121549205
0.0257867390949347541252450940601856881091200872052776653592123528    0.2641930100069986725242451605172166436640340376002127340210178238
0.0255886828009891076946987086947947632193033839106480574943346590    0.2898822513347356046211990498031927940023416664961400748370919636
0.0253723351440111308857577526731583205287333307541925147060683134    0.3153642783426751202107248960391886193597616107375621483159733668
0.0251378507741531601247073267512783790753351854291512345485392913    0.3406208759077352851676828765570933928093838595455803590355021813
0.0248853973060966508992227117126181767495498871462066168073082320    0.3656339900488507309877099267890647151153980270141613195787086283
0.0246151551992375822650985223473953691665175103215807548988798885    0.3903857408323632842695069966287681944847856848134668490677695582
0.0243273176286901978637751699776330571774984584473701847731977911    0.4148584351529997569289451898537392515280930150298288393100511551
0.0240220903472012983855394031280772032285600223896436438282511155    0.4390345793813007967572064859119815902034300394100492254828218989
0.0236996915380737991553468700127584539393186605193240463647623530    0.4628968918684601679000473312173361772779859102960666608266477848
0.0233603516592046950903456403416895197876445009488510167583143572    0.4864283152996357648334105107587312171965794783677612425552401262
0.0230043132783489292098221294557571141658134130833466389944293730    0.5096120288869019890293948130590131801623480512121383307792994404
0.0226318308997269357961192431413777115018789264700232012770007770    0.5324314603931277579100169133933137365166413939377062092138238613
0.0222431707820998209532352781258194102216738028463903422128678976    0.5548702979781852897217208973739995811862636141842356063334124270
0.0218386107484422475774370216956382218111956760630213118822623850    0.5769125018590218302926268871954437485316489342774588486546838578
0.0214184399873491047136881096463196283357298504746643752350298242    0.5985423157752595688954811012613894334227279406388817399120963713
0.0209829588463179592328402314893851819755613927952795281685495712    0.6197442782521280374563331315005509032113565099917606122616255563
0.0205324786170551073528833860141968493218799975444061511670772890    0.6405032336526782034061551024544967697758225582644936150907567302
0.0200673213129587617990131119520847984574590119000033276893164662    0.6608043430113781516831576991904499130440227590004566466946205069
0.0195878194389385250088792286200517111111291865700683653676390243    0.6806330946413466032098798428303001219368867877045984657216033201
0.0190943157537358082571202555355036591337734378953227080935459235    0.6999753145076424311039271417205548939853368564777828845162859566
0.0185871630249152606670547974297382691195184156830838791924275874    0.7188171763591957065496861143741451839556172076046426478711293379
0.0180667237767025724346885140545179780902548512044975049971479598    0.7371452116121385289160407694803242474650141398385814225340633852
0.0175333700308492176837411951595477246400201659212712004571143812    0.7549463189774718675623358146916095117900397738826523067115845366
0.0169874830407098130573136489066005174213718033023125876849026974    0.7722077738261877705448455479948193031171467841208386829435781001
0.0164294530187228041935082263534463711084980731939085031650530623    0.7889172372851544948760454260897420122928030098814184954119044539
0.0158596788574901804634182204959700364411254863312449321249376679    0.8050627650572653217119608137465573791161052853343614313362590784
0.0152785678446569037004110604868715662622017411422195290835435942    0.8206328159595500105928183508494598777036457723029587372053604227
0.0146865353717957942030107281732290324560447058262085523863605095    0.8356162601731510510886522610719916701192765868669525734422643099
0.0140840046375088734254795565884983133764755388265675192109672837    0.8500023871992752177807201073784379295113781468733273757714698686
0.0134714063449618330428614501163614361510010079513879904917952390    0.8637809135154447221169729048474577587326339980677465038819870302
0.0128491783940747588389866137044523865573411193934126649721324887    0.8769419899265920662037703204937141745906345099288377386759055164
0.0122177655686001494920530585400380663263738028621056657851997125    0.8894762086057696275138793162202048202059445903197301620148651199
0.0115776192183298439366526384113565093072722360018241881009364418    0.9013746098194810359840141731936447246031863392701107612374969101
0.0109291969366879706377415320653275726975215206053177233570476005    0.9126286883328902198286816392820622169548494011170328293834837626
0.0102729622339918351914122556132876578721983203211459315679248232    0.9232303994904324638681305317691360180143198690408784583111330296
0.0096093842067055417652176940239091159038228777864175145140655851    0.9331721649676531170415998696561960179337405891768710755441705456
0.0089389372030904043938110781465931205556871021260484692611227384    0.9424468781904597908679964141245081141879410003162228807902498568
0.0082621004858118273770346439301521231745422301875969439169739390    0.9510479094184467299341429189060468890157857464233476064164713912
0.0075793578923863061170860499987786156507556783474056702055556641    0.9589691104896513592322876399940281303524814086592932503514941048
0.0068911974950691996290601361759371477358599233816183802396271475    0.9662048192252964732187266544645336472879187757951164811558924008
0.0061981112634822835213838436824951787125126921834165632183539012    0.9727498634953962231345341917724674537685836506156010389316976537
0.0055005947376321869034194293018992624506634652893676391007346182    0.9785995649512291393125280913916128216171739968756102752485594412
0.0047991467312230520469596592927727136819434542702714153755037402    0.9837497424433745067613994601641582015751061093378504761297154797
0.0040942691238950557513422948437549475643233103910781116434817634    0.9881967151794647243132197898167620500882367213458021279494781007
0.0033864669428699211764172631237380454586696510968641619163308352    0.9919373057896208205947108330631324734973039689268798687212470314
0.0026762495662545579669254092711411108589733673178540792783634131    0.9949688439033461337161375771424316832700050128896937524518594050
0.0019641375889115190833635874263021991346083405595724632740080053    0.9972891729701383578628740196059706553609776255265568738257504011
0.0012507134262255700350063733644910903100921711642622930918868939    0.9988966781513892815203906094038242454309495646647993512111064005
0.0005374521340273891998302058907352344657255928366402122595484478    0.9997905677070753117510568582625180977749801150853570193364836737
