0.0113937985010262879479029641132347736033205262929096964489480611    -0.9955569697904980979087849468939016172575626494048081712108049311
0.0263549866150321372619018152952991449359632817033224687553661658    -0.9766639214595175114983153864795940677453705553144067446709874273
0.0409391567013063126556234877116459536608457833641043465046984149    -0.9429745712289743394140111696584705319052015706089901419274524971
0.0549046959758351919259368915404733241601099855531113490485084982    -0.8949919978782753688510420067828049541745548497535839030617016830
0.0680383338123569172071871856567079685547094943546365626150712264    -0.8334426287608340014210211086935695694609641138235207860208647155
0.0801407003350010180132349596691113022902257328536758937162014630    -0.7592592630373576305772828652043609763875220188983341209183897354
0.0910282619829636498114972207028916533809925589593343109704837690    -0.6735663684734683644851206332476221758834167280727493170596569618
0.1005359490670506442022068903926858269884660945281419070698690420    -0.5776629302412229677236898416126540673957350392915182566454835078
0.1085196244742636531160939570501166193400775879867220161564943073    -0.4730027314457149605221821150091920413318177384616272909072308277
0.1148582591457116483393255458695558086409361916681801495915149900    -0.3611723058093878377358217301276406674220783470433750697945787778
0.1194557635357847722281781265129010473901767014137264255195878813    -0.2438668837209884320451903627974515864056331563259844764211356533
0.1222424429903100416889595189458515058350592475630590409075800822    -0.1228646926107103963873598188080368055322053460497837384238935379
0.1231760537267154512039028730790501424382336275181516653913521973    0.0000000000000000000000000000000000000000000000000000000000000000
0.1222424429903100416889595189458515058350592475630590409075800822    0.1228646926107103963873598188080368055322053460497837384238935379
0.1194557635357847722281781265129010473901767014137264255195878813    0.2438668837209884320451903627974515864056331563259844764211356533
0.1148582591457116483393255458695558086409361916681801495915149900    0.3611723058093878377358217301276406674220783470433750697945787778
0.1085196244742636531160939570501166193400775879867220161564943073    0.4730027314457149605221821150091920413318177384616272909072308277
0.1005359490670506442022068903926858269884660945281419070698690420    0.5776629302412229677236898416126540673957350392915182566454835078
0.0910282619829636498114972207028916533809925589593343109704837690    0.6735663684734683644851206332476221758834167280727493170596569618
0.0801407003350010180132349596691113022902257328536758937162014630    0.7592592630373576305772828652043609763875220188983341209183897354
0.0680383338123569172071871856567079685547094943546365626150712264    0.8334426287608340014210211086935695694609641138235207860208647155
0.0549046959758351919259368915404733241601099855531113490485084982    0.8949919978782753688510420067828049541745548497535839030617016830
0.0409391567013063126556234877116459536608457833641043465046984149    0.9429745712289743394140111696584705319052015706089901419274524971
0.0263549866150321372619018152952991449359632817033224687553661658    0.9766639214595175114983153864795940677453705553144067446709874273
0.0113937985010262879479029641132347736033205262929096964489480611    0.9955569697904980979087849468939016172575626494048081712108049311
