0.0003457419096305068815686593905607850674070670887602911245857249    -0.9998652742920862239507468457647827700541560531068219834766121306
0.0008046670621035140062038221696939381097433247800107170461938933    -0.9992902063143408035086096244329569330620577143512905559574932186
0.0012639020542459447493624669680058587618430115838295585696888379    -0.9982558924683287590117249550891598440860976370174840030796703676
0.0017226149126600965107786014159685737355922197510979718704544350    -0.9967625785199902423578909482633500394083041737168765436261937931
0.0021805475021340084028876681493933546273416509609245905881487612    -0.9948109229960845895691093705646116007733059679981270727675175049
0.0026374809397236740300394387415589778638064438983956236575254634    -0.9924018166212848493262297704071844585594322483700657925739528316
0.0030932029059200656931948738180758528837208050300206526490446414    -0.9895363649597534316067057311265013519058664346989330775406193214
0.0035475030919708943737220545670118981901949922007062207768263737    -0.9862158847477087252250438973815085729729819477671868208424668000
0.0040001722904995648632550032037968537961808925872695570110951522    -0.9824419024482845997541209123423071640002719579361086305410341200
0.0044510022084857489526849999689536006323952971353710111674368769    -0.9782161532703205899626690099057734412358647319725492615394664774
0.0048997854673616473818983439046043131008390422376520228650017921    -0.9735405802618021924958538264124431350607995912015257347830215393
0.0053463156613793359838719621967734310081649085654595340951492776    -0.9684173333688947719756301426090831018579867826948731873901660809
0.0057903874366519590386118843684940244887315933906670073759743211    -0.9628487684246091506013983864811765694291185118367123909744420122
0.0062317965781835114887174813535307968454429860547470313548463213    -0.9568374460538265605688396598674125606394548195793461713862135037
0.0066703401000824489863419875115900771369809861544411528892847964    -0.9503861304894582408404792267275305359495684815986410170189348647
0.0071058163369528072925949473149218220341590579403655309473212407    -0.9434977882976953610891158901416718675522518506384645602511284360
0.0075380250355477799231430431083271404284408115421915367231029052    -0.9361755870116851343522736741423588595081396573929320127573521198
0.0079667674462305952046525335984218847045178817286538557517760693    -0.9284228936736227553882878327429121720194248946994160508206620953
0.0083918464139945096538608062646831765323822096885597836901813105    -0.9202432732855873798822098076951918350260719643469935401617591583
0.0088130664688923251131531330678074151451965339608646108507843766    -0.9116404871696434322813618669018883200688999160280829979129934785
0.0092302339157752158493087487252646059792190817339029226838992462    -0.9026184912378507107555997093177964286107975054778284392293518985
0.0096431569232665390343124722276297753231959538694656114926117698    -0.8931814341729126935231795803423569289288932481563518228218620922
0.0100516456119104743638343896210009305334816772627778784053666013    -0.8833336555202590102305842405630395324965482042659075475140364866
0.0104555121414434405839979193346591392796637183389852389609248286    -0.8730796836924137852964494221575630799036242955576340756322569436
0.0108545707971410856753652242536633313905398985179727801527623914    -0.8624242338865509915426519306476213842085668748521025733386568655
0.0112486380751967013059562241800070520900481747801826352900889253    -0.8513722059161835187800409091968402479548718394734865831061159382
0.0116375327670889502689928852395980218085895512289728447499692052    -0.8399286819579757293407380312429671488182662311756249819138120056
0.0120210760428982469689000847976051027672393492247354166844691015    -0.8280989242147106214030724985543593186674484446907457603091776122
0.0123990915335322381084430792320907788736724695413022603767319254    -0.8158883724954828056413043018128561267995092222824812673685531195
0.0127714054118217339757359584304463243727490432746880977673620984    -0.8033026417142275890766679367174443065694942089692542417624861314
0.0131378464724492232344861385850006845726920516629161080022255903    -0.7903475193077347107589163063077528211239027698719859652167790469
0.0134982462106728160491982407612431507525322443159678949920276461    -0.7770289625743327806659840649488967910893655008747400094687481307
0.0138524388998091325533075826191334949274140995041015690645956073    -0.7633530959344672899135388889445814791012135157484302540448236553
0.0142002616674393053309373472564724844754496018963462383334958179    -0.7493262081144312164076952827881226579044863111766660229156659447
0.0145415545703029079008806532278487395553991087578415064253260683    -0.7349547492545427594254420116099879995632322298493246711516501077
0.0148761606678452639435629425247600284814241409266587065769271474    -0.7202453279430996034374503757164439216974873160162193416491365701
0.0152039260943842392070083803933727799301392895449721787282177795    -0.7052047081774733336760151561710501039515942246885820842206190104
0.0155247001298632728998047034734135861179382834468009134894946194    -0.6898398062537411973193098662482783332355297847657804837799079498
0.0158383352691580700068746896022310678328368287168396766950779832    -0.6741576875862853159184917691631748798251374437675970255412055434
0.0161446872899050516653169288630602465516782605092639559495798950    -0.6581655634588216963704657799703002412578234324326920645004004842
0.0164436153188203483214887308638628184864535107515952096896912116    -0.6418707877083529478237388433324702559280575327299702232690548283
0.0167349818964788203208265537409164816527980392018540902376716544    -0.6252808533435694782597726496380801293365337844452798628608554957
0.0170186530405233030857950255672599314569004522119709294168399022    -0.6084033890992541046412834478648017064177404459675643443234943779
0.0172944983072749991771769002251105534852673041470002302952888384    -0.5912461559282744518458670321642500894345470525118186263270084163
0.0175623908517166772557033151749795331897128255648227283936863080    -0.5738170434327762254910722411692964199171583637171849641120111557
0.0178222074858210881275286186208200545271964702383794003200954004    -0.5561240662362184096863990316423825738222688431538159974957932436
0.0180738287351977704704656219867342220294765887400206881331768947    -0.5381753602979186503685423885992876146327802705673417839520020242
0.0183171388940321932556393380209558722509773376609141150728838126    -0.5199791791718035260597129454127192904432664656091336685169537203
0.0185520260782919680250445444623351498910309823939900133298041983    -0.5015438902110840687663940164404837158683936947475055573757156900
0.0187783822771756617573625428532944168934428976058835279428017431    -0.4828779707206017667284924222962479980233194923889023210495991354
0.0189961034027805497301111600131548541172936655112157714726247671    -0.4639900040586143465700721649852626209749856952597366081057519756
0.0192050893379664672275158557974489744792479005221647310818909754    -0.4448886756898138841568044412756699063555082798351529055567486542
0.0194052439823937487990875149965513177170779100917485038530466045    -0.4255827691913922205409997621161834389924508100931352073704045639
0.0195964752967140836816349034143410034687576522541307008354730504    -0.4060811622139902515385684790362089890286918168226555985892947750
0.0197786953448939655860392464886800403276710094407566798712264072    -0.3863928223993884068662801637766847347529616465340604062613195358
0.0199518203346512739404237099921104691597316437775132407492721971    -0.3665268032568155278803686148574685869343144819583667464155390533
0.0201157706559863914873465765790959076902902189491459648094763545    -0.3464922399997723826896232187637837584391226037392621993543402894
0.0202704709177901394622471784502873616273776616153352092212706411    -0.3262983453452842150474942466803652851248458393107779912395863802
0.0204158499825116960360617967420093077411065977469310547474267598    -0.3059544052775140006331443991401616174699293041293607050415036978
0.0205518409988705558842867760868241100309131514727700703581518002    -0.2854697747776844731855330831366164040786490148885239353142118632
0.0206783814325974882409307658244121393297987756356805442277608900    -0.2648538735222724759369312697241216586236741000967414360137822158
0.0207954130951903571978364073732123351706820785341411929721230198    -0.2441161815514537837910703767697371388343579782022060738876063360
0.0209028821706715809031119265744566847041700774499676475505328986    -0.2232662349097902220075839265935402064719145669723301845578903339
0.0210007392403349252788305851822219888014271784154353894482458602    -0.2023136212611636715060439801603742345863432546914414907764776108
0.0210889393054702524965375935485221140132628850147520094364156752    -0.1812679754799733934269153321291512701717810712188964121001910466
0.0211674418080557742953924470114898702986793861595602376307534144    -0.1601389752206240208429856642939716528454209983876609114113982214
0.0212362106494082948752983957610828692914384949200586080776023624    -0.1389363364673415484885005510291448697424416587494161813607906917
0.0212952142067828671170843097846780286907297510494772244612397849    -0.1176698090663636974774376933422149208626103486017655679475571894
0.0213444253479142288425192719384887071795429212774184993158523986    -0.0963491722425591370603302821546229362760729708881195451648727652
0.0213838214434933322955513078863915468472930597161407379468048713    -0.0749842301025372057961956895851608050526784550874680544585276470
0.0214133843775732295678668938098601487885297706003414782574623826    -0.0535848071263159868018154240508554347402634869157421209051522627
0.0214331005558995288703865571537733770496696041862419929203509698    -0.0321607436496218531297774105225393957084082283669158443812467354
0.0214429609121615909300993236439627089030676538079588820974791327    -0.0107218913388979074011946377999224871723481830035580537016734523
0.0214429609121615909300993236439627089030676538079588820974791327    0.0107218913388979074011946377999224871723481830035580537016734523
0.0214331005558995288703865571537733770496696041862419929203509698    0.0321607436496218531297774105225393957084082283669158443812467354
0.0214133843775732295678668938098601487885297706003414782574623826    0.0535848071263159868018154240508554347402634869157421209051522627
0.0213838214434933322955513078863915468472930597161407379468048713    0.0749842301025372057961956895851608050526784550874680544585276470
0.0213444253479142288425192719384887071795429212774184993158523986    0.0963491722425591370603302821546229362760729708881195451648727652
0.0212952142067828671170843097846780286907297510494772244612397849    0.1176698090663636974774376933422149208626103486017655679475571894
0.0212362106494082948752983957610828692914384949200586080776023624    0.1389363364673415484885005510291448697424416587494161813607906917
0.0211674418080557742953924470114898702986793861595602376307534144    0.1601389752206240208429856642939716528454209983876609114113982214
0.0210889393054702524965375935485221140132628850147520094364156752    0.1812679754799733934269153321291512701717810712188964121001910466
0.0210007392403349252788305851822219888014271784154353894482458602    0.2023136212611636715060439801603742345863432546914414907764776108
0.0209028821706715809031119265744566847041700774499676475505328986    0.2232662349097902220075839265935402064719145669723301845578903339
0.0207954130951903571978364073732123351706820785341411929721230198    0.2441161815514537837910703767697371388343579782022060738876063360
0.0206783814325974882409307658244121393297987756356805442277608900    0.2648538735222724759369312697241216586236741000967414360137822158
0.0205518409988705558842867760868241100309131514727700703581518002    0.2854697747776844731855330831366164040786490148885239353142118632
0.0204158499825116960360617967420093077411065977469310547474267598    0.3059544052775140006331443991401616174699293041293607050415036978
0.0202704709177901394622471784502873616273776616153352092212706411    0.3262983453452842150474942466803652851248458393107779912395863802
0.0201157706559863914873465765790959076902902189491459648094763545    0.3464922399997723826896232187637837584391226037392621993543402894
0.0199518203346512739404237099921104691597316437775132407492721971    0.3665268032568155278803686148574685869343144819583667464155390533
0.0197786953448939655860392464886800403276710094407566798712264072    0.3863928223993884068662801637766847347529616465340604062613195358
0.0195964752967140836816349034143410034687576522541307008354730504    0.4060811622139902515385684790362089890286918168226555985892947750
0.0194052439823937487990875149965513177170779100917485038530466045    0.4255827691913922205409997621161834389924508100931352073704045639
0.0192050893379664672275158557974489744792479005221647310818909754    0.4448886756898138841568044412756699063555082798351529055567486542
0.0189961034027805497301111600131548541172936655112157714726247671    0.4639900040586143465700721649852626209749856952597366081057519756
0.0187783822771756617573625428532944168934428976058835279428017431    0.4828779707206017667284924222962479980233194923889023210495991354
0.0185520260782919680250445444623351498910309823939900133298041983    0.5015438902110840687663940164404837158683936947475055573757156900
0.0183171388940321932556393380209558722509773376609141150728838126    0.5199791791718035260597129454127192904432664656091336685169537203
0.0180738287351977704704656219867342220294765887400206881331768947    0.5381753602979186503685423885992876146327802705673417839520020242
0.0178222074858210881275286186208200545271964702383794003200954004    0.5561240662362184096863990316423825738222688431538159974957932436
0.0175623908517166772557033151749795331897128255648227283936863080    0.5738170434327762254910722411692964199171583637171849641120111557
0.0172944983072749991771769002251105534852673041470002302952888384    0.5912461559282744518458670321642500894345470525118186263270084163
0.0170186530405233030857950255672599314569004522119709294168399022    0.6084033890992541046412834478648017064177404459675643443234943779
0.0167349818964788203208265537409164816527980392018540902376716544    0.6252808533435694782597726496380801293365337844452798628608554957
0.0164436153188203483214887308638628184864535107515952096896912116    0.6418707877083529478237388433324702559280575327299702232690548283
0.0161446872899050516653169288630602465516782605092639559495798950    0.6581655634588216963704657799703002412578234324326920645004004842
0.0158383352691580700068746896022310678328368287168396766950779832    0.6741576875862853159184917691631748798251374437675970255412055434
0.0155247001298632728998047034734135861179382834468009134894946194    0.6898398062537411973193098662482783332355297847657804837799079498
0.0152039260943842392070083803933727799301392895449721787282177795    0.7052047081774733336760151561710501039515942246885820842206190104
0.0148761606678452639435629425247600284814241409266587065769271474    0.7202453279430996034374503757164439216974873160162193416491365701
0.0145415545703029079008806532278487395553991087578415064253260683    0.7349547492545427594254420116099879995632322298493246711516501077
0.0142002616674393053309373472564724844754496018963462383334958179    0.7493262081144312164076952827881226579044863111766660229156659447
0.0138524388998091325533075826191334949274140995041015690645956073    0.7633530959344672899135388889445814791012135157484302540448236553
0.0134982462106728160491982407612431507525322443159678949920276461    0.7770289625743327806659840649488967910893655008747400094687481307
0.0131378464724492232344861385850006845726920516629161080022255903    0.7903475193077347107589163063077528211239027698719859652167790469
0.0127714054118217339757359584304463243727490432746880977673620984    0.8033026417142275890766679367174443065694942089692542417624861314
0.0123990915335322381084430792320907788736724695413022603767319254    0.8158883724954828056413043018128561267995092222824812673685531195
0.0120210760428982469689000847976051027672393492247354166844691015    0.8280989242147106214030724985543593186674484446907457603091776122
0.0116375327670889502689928852395980218085895512289728447499692052    0.8399286819579757293407380312429671488182662311756249819138120056
0.0112486380751967013059562241800070520900481747801826352900889253    0.8513722059161835187800409091968402479548718394734865831061159382
0.0108545707971410856753652242536633313905398985179727801527623914    0.8624242338865509915426519306476213842085668748521025733386568655
0.0104555121414434405839979193346591392796637183389852389609248286    0.8730796836924137852964494221575630799036242955576340756322569436
0.0100516456119104743638343896210009305334816772627778784053666013    0.8833336555202590102305842405630395324965482042659075475140364866
0.0096431569232665390343124722276297753231959538694656114926117698    0.8931814341729126935231795803423569289288932481563518228218620922
0.0092302339157752158493087487252646059792190817339029226838992462    0.9026184912378507107555997093177964286107975054778284392293518985
0.0088130664688923251131531330678074151451965339608646108507843766    0.9116404871696434322813618669018883200688999160280829979129934785
0.0083918464139945096538608062646831765323822096885597836901813105    0.9202432732855873798822098076951918350260719643469935401617591583
0.0079667674462305952046525335984218847045178817286538557517760693    0.9284228936736227553882878327429121720194248946994160508206620953
0.0075380250355477799231430431083271404284408115421915367231029052    0.9361755870116851343522736741423588595081396573929320127573521198
0.0071058163369528072925949473149218220341590579403655309473212407    0.9434977882976953610891158901416718675522518506384645602511284360
0.0066703401000824489863419875115900771369809861544411528892847964    0.9503861304894582408404792267275305359495684815986410170189348647
0.0062317965781835114887174813535307968454429860547470313548463213    0.9568374460538265605688396598674125606394548195793461713862135037
0.0057903874366519590386118843684940244887315933906670073759743211    0.9628487684246091506013983864811765694291185118367123909744420122
0.0053463156613793359838719621967734310081649085654595340951492776    0.9684173333688947719756301426090831018579867826948731873901660809
0.0048997854673616473818983439046043131008390422376520228650017921    0.9735405802618021924958538264124431350607995912015257347830215393
0.0044510022084857489526849999689536006323952971353710111674368769    0.9782161532703205899626690099057734412358647319725492615394664774
0.0040001722904995648632550032037968537961808925872695570110951522    0.9824419024482845997541209123423071640002719579361086305410341200
0.0035475030919708943737220545670118981901949922007062207768263737    0.9862158847477087252250438973815085729729819477671868208424668000
0.0030932029059200656931948738180758528837208050300206526490446414    0.9895363649597534316067057311265013519058664346989330775406193214
0.0026374809397236740300394387415589778638064438983956236575254634    0.9924018166212848493262297704071844585594322483700657925739528316
0.0021805475021340084028876681493933546273416509609245905881487612    0.9948109229960845895691093705646116007733059679981270727675175049
0.0017226149126600965107786014159685737355922197510979718704544350    0.9967625785199902423578909482633500394083041737168765436261937931
0.0012639020542459447493624669680058587618430115838295585696888379    0.9982558924683287590117249550891598440860976370174840030796703676
0.0008046670621035140062038221696939381097433247800107170461938933    0.9992902063143408035086096244329569330620577143512905559574932186
0.0003457419096305068815686593905607850674070670887602911245857249    0.9998652742920862239507468457647827700541560531068219834766121306
