0.0003276086705537684151617138279253159527141275916097655124563216    -0.9998723404457333527514820430158799595254451455851938748980997684
0.0007624720932121181541708683265022000425492931493288042365370848    -0.9993274305065947064726433542111529720405247974338393409729919098
0.0011976474864696246183292062426811891700924260497983918028998456    -0.9983473449340833680939698218079536204312406736518150285801215962
0.0016323569986105090736856112384964364013997695271563239899567685    -0.9969322929775996298568966554439048305334588897201019638015099722
0.0020663664924138198104069102485873855964182383739174816485543406    -0.9950828645255289539531237506454757981890171751849704925411595577
0.0024994789888944518647342630399239172212363848201200109948761476    -0.9927998590434372505169784414225683294007061531463017368916079721
0.0029315036836558629332614203612886131909969869853049323523593560    -0.9900842691660191885722841828255165351145080908380456107099308919
0.0033622516236778313176468117673260056133347689694773611693179265    -0.9869372772712794385367117745924468520350227831451695442596148164
0.0037915348363451047247655558214931821014590113078322280279473190    -0.9833602541697529165760107898951580358516096130793628094567551446
0.0042191661429919113272123320023388666154951191102748824605431637    -0.9793547582425893941518381971942562760155108017359480660900528330
0.0046449591497965453953481911432157419306291012559567943266227534    -0.9749225346595942782763301496265651341112561889859839993104021313
0.0050687282939455883695925173189947896601426915541384945039841527    -0.9700655145738373268390251071872967966008748786803360524753256884
0.0054902889094486873668247456901481376829995388053335129381293569    -0.9647858142586956096698873066377326092732030300875769915106114338
0.0059094573005901076393151338423991600655428475588408959419590042    -0.9590857341746904040101909872283649689334458595389259426014670185
0.0063260508184703958373964588530628296169315306760631362076959584    -0.9529677579610971080279493027211943184840327274150654669855107847
0.0067398879387431096233484663205703593009729201125555878032849807    -0.9464345513503147796941628043408610299298929696238944933816812469
0.0071507883396855514632566727018006935975583305726250800717381351    -0.9394889610042836778665925414905308259686863311117386415820369338
0.0075585729801781640279576514886575204104725492148777858197868390    -0.9321340132728526982353619279690248667844883578267316488733561098
0.0079630641773633097839447031689031849123171600069546561498184686    -0.9243729128743135004047536439250061234263481097164226890848837003
0.0083640856838475186217539436115358756983456628831367550921941486    -0.9162090414984952086935328473674757882536280406463902618030398615
0.0087614627643580145744650397334269797788111368426130949989520960    -0.9076459563329235418262880757875897291606872784204276516646633340
0.0091550222717887970052148404239451099611514792140619299181920358    -0.8986873885126239187361129773460671281404108257317761522486102584
0.0095445927225849121166999789114556418838775576289168120232043180    -0.8893372414942054865505714139595319004615828974570459792952275437
0.0099300043714211557892119150031531380648491938336757430861297181    -0.8795995893549102369901077559490483133246177314411642656206686641
0.0103110892851359681436419855801069133977603430954708568306667013    -0.8694786750173526903992538659701377790090747195800765149071371483
0.0106876814158840953466738686543503442849784292072326798534680503    -0.8589789084007133541933065263775874404538430942588304180773221003
0.0110596166734734435497717271248511806320630066924618382366520192    -0.8481048644991846023217796604896917593541636373931791389457443227
0.0114267329968528400289788317989496131171195727598925006789889800    -0.8368612813885015172760025149674206141587604580426144070603742493
0.0117888704247183773950880764083077116001397150985751994071930023    -0.8252530581614230198705090459279792930445006862684489852655816699
0.0121458711652067812730968207847327767307418489706897232853672473    -0.8132852527930605414313589842777090180189427055190955246093378210
0.0124975796646448889008066512929781223283868018698250926149806249    -0.8009630799369827216486113694756279038803972550484346525620165017
0.0128438426753249032557672861635929986328136356171036033537674801    -0.7882919086530552349268741520535813092249228474216315966940176587
0.0131845093222756238496402068174620560618863491922538508323276878    -0.7752772600680049126977955135524937101026423063236047227708034089
0.0135194311690003695153945815958513215592579551830180616092139742    -0.7619248049697268696258880025152479211330754565414707037962104825
0.0138484622821528119440533788408643970247197576931645922325754589    -0.7482403613363823740608076671801145532106092962126425017596115743
0.0141714592951224388347014071581622028699170048807956077348082988    -0.7342298918013637342337486015244389337554938468818046411541890449
0.0144882814705018671115547566662409190173163054378494023389098240    -0.7198995010552305023110634994175198481444806556044129933157132950
0.0147987907614087328618641679627199696446262414871232258899070119    -0.7052554331857488253466803174403250256215930117890234942289239596
0.0151028518716353974926946202375361884939071410097545207065419761    -0.6903040689571927897162859316753863502883417167295012940496642692
0.0154003323146002304076730371497152087500677665366483301999083756    -0.6750519230300931064205998917388210891188634525299540405456857196
0.0156911024710747581002682265810755065201111986888902111268190314    -0.6595056411226444603041707407309938000831388061937665931428200900
0.0159750356456615084563444116782009782206183675870235566639228084    -0.6436719971150082876812208038659916031715974571238063229675098873
0.0162520081219979275408911647833708253653326886195171629056359055    -0.6275578900977726446324694085354493347989771091218982767957942109
0.0165218992166623043424282868073083708554742457113185722736693161    -0.6111703413658551726746520862443723054748782569713453909425423450
0.0167845913317582068851489333751726066230158026740550889675286208    -0.5945164913591589498728286186759984133850773397013117649223643377
0.0170399700061545107372703541672840062484665013958300060347548593    -0.5776035965513142240491748023882980055670758439874232204141433259
0.0172879239653586881320116596942056227039922338824594976941614226    -0.5604390262878616509111115977416668452450994647404651436548543888
0.0175283451700016225215743082632875528441467240855618513969872618    -0.5430302595752546941806210451172611950480809014036849431189993609
0.0177611288629128192201575337259668117960641289446254984610175647    -0.5253848818220802778293610969519490504238292307100755055861341217
0.0179861736147654976517413755996715329541048163260170896340453126    -0.5075105815339176031811510888208350460951232969915341845909257105
0.0182033813682716743764140743969515701782316014465902296182434091    -0.4894151469632752470220369151525498625583303106338529363848796754
0.0184126574809079782854988404256482007753079519600717269993139985    -0.4711064627160662322790169130114347339379544894888481589111625767
0.0186139107661535798793292267873004308563837270134654871469378477    -0.4525925063160997018579857439934406218358786123179420200825766388
0.0188070535332222651115743628856453342211346652110289071288767968    -0.4338813447290861206920401108535284306428795875916904303764959712
0.0189920016252713406320737496382246719906768743093298583604985191    -0.4149811308476705730301590653230098187327761823383868495196335549
0.0191686744560707211111338125327159558856854025081385856533795767    -0.3959000999390257038524420322766420112733607058849862742488242689
0.0193369950451162204013732327495037842621130331299388067062721308    -0.3766465660565521676685766099164354515700038733008745380847916740
0.0194968900511717463026751282529845871548560267983280958375178155    -0.3572289184172500877613838129213718788154730496837930131364321678
0.0196482898042257833513521752487846776779463777967126676306455696    -0.3376556177463399873855933697038399425281594865674513054803906095
0.0197911283358482390619989108817722269762904445912704419161890230    -0.3179351925907259250241710358304320880330273514478029005771048139
0.0199253434079344261118169021046794959252648598900200747098234455    -0.2980762356029071423373843412541994322254117640445856523716907261
0.0200508765398236557712760511165726412397724728207394248915066423    -0.2780873997969574100097350946592797215372153117571902633851048216
0.0201676730337806261476181355680683995182479365603543534354398625    -0.2579773947782034277059992567049679766689897640719672970798345398
0.0202756819988285022119364233747911720251762201116351108953635369    -0.2377549829482450944946002581367078093055670263168243468141392974
0.0203748563729233028168382193647190840583850675643684098766829174    -0.2174289756869712103973807609186989413569714539594589863795232339
0.0204651529434599326681184578816110487544481768713726901773285074    -0.1970082295132341935032450551816164973568490241815242833504842673
0.0205465323661009241763756954969234908340836901166177268509454408    -0.1765016422258566959758314175628208764030493674329929183546170350
0.0206189591819196849670294052978242160649045012850491889273011386    -0.1559181490266515722441289155490548145545808320279187020197736487
0.0206824018328507812518701832378125991336260550476957003168036208    -0.1352667186271444899585467161853694257440810890309845354876225090
0.0207368326754405249425557389334589569780297610833296284951256023    -0.1145563493406955755108676723261691199800597021485053415392210655
0.0207822279928918729953207937817213990282885398484940664770849282    -0.0937960651617228479625622644078154552585283866867255274294933746
0.0208185680053983906942218341695252987525552171017791839306571287    -0.0729949118337358153316126994210902209485324488509783813330036810
0.0208458368787627760839233401119471875010303092571527512357808513    -0.0521619529078924829057922165469595687047844260646560039364017534
0.0208640227312961902277491954296640372085493424011057740843438742    -0.0313062657937971524568491735760697793373910179133133471475952437
0.0208731176389953870669835003313515202516853365836830266569787612    -0.0104369378042597721269042153180400472932826668885412714780761044
0.0208731176389953870669835003313515202516853365836830266569787612    0.0104369378042597721269042153180400472932826668885412714780761044
0.0208640227312961902277491954296640372085493424011057740843438742    0.0313062657937971524568491735760697793373910179133133471475952437
0.0208458368787627760839233401119471875010303092571527512357808513    0.0521619529078924829057922165469595687047844260646560039364017534
0.0208185680053983906942218341695252987525552171017791839306571287    0.0729949118337358153316126994210902209485324488509783813330036810
0.0207822279928918729953207937817213990282885398484940664770849282    0.0937960651617228479625622644078154552585283866867255274294933746
0.0207368326754405249425557389334589569780297610833296284951256023    0.1145563493406955755108676723261691199800597021485053415392210655
0.0206824018328507812518701832378125991336260550476957003168036208    0.1352667186271444899585467161853694257440810890309845354876225090
0.0206189591819196849670294052978242160649045012850491889273011386    0.1559181490266515722441289155490548145545808320279187020197736487
0.0205465323661009241763756954969234908340836901166177268509454408    0.1765016422258566959758314175628208764030493674329929183546170350
0.0204651529434599326681184578816110487544481768713726901773285074    0.1970082295132341935032450551816164973568490241815242833504842673
0.0203748563729233028168382193647190840583850675643684098766829174    0.2174289756869712103973807609186989413569714539594589863795232339
0.0202756819988285022119364233747911720251762201116351108953635369    0.2377549829482450944946002581367078093055670263168243468141392974
0.0201676730337806261476181355680683995182479365603543534354398625    0.2579773947782034277059992567049679766689897640719672970798345398
0.0200508765398236557712760511165726412397724728207394248915066423    0.2780873997969574100097350946592797215372153117571902633851048216
0.0199253434079344261118169021046794959252648598900200747098234455    0.2980762356029071423373843412541994322254117640445856523716907261
0.0197911283358482390619989108817722269762904445912704419161890230    0.3179351925907259250241710358304320880330273514478029005771048139
0.0196482898042257833513521752487846776779463777967126676306455696    0.3376556177463399873855933697038399425281594865674513054803906095
0.0194968900511717463026751282529845871548560267983280958375178155    0.3572289184172500877613838129213718788154730496837930131364321678
0.0193369950451162204013732327495037842621130331299388067062721308    0.3766465660565521676685766099164354515700038733008745380847916740
0.0191686744560707211111338125327159558856854025081385856533795767    0.3959000999390257038524420322766420112733607058849862742488242689
0.0189920016252713406320737496382246719906768743093298583604985191    0.4149811308476705730301590653230098187327761823383868495196335549
0.0188070535332222651115743628856453342211346652110289071288767968    0.4338813447290861206920401108535284306428795875916904303764959712
0.0186139107661535798793292267873004308563837270134654871469378477    0.4525925063160997018579857439934406218358786123179420200825766388
0.0184126574809079782854988404256482007753079519600717269993139985    0.4711064627160662322790169130114347339379544894888481589111625767
0.0182033813682716743764140743969515701782316014465902296182434091    0.4894151469632752470220369151525498625583303106338529363848796754
0.0179861736147654976517413755996715329541048163260170896340453126    0.5075105815339176031811510888208350460951232969915341845909257105
0.0177611288629128192201575337259668117960641289446254984610175647    0.5253848818220802778293610969519490504238292307100755055861341217
0.0175283451700016225215743082632875528441467240855618513969872618    0.5430302595752546941806210451172611950480809014036849431189993609
0.0172879239653586881320116596942056227039922338824594976941614226    0.5604390262878616509111115977416668452450994647404651436548543888
0.0170399700061545107372703541672840062484665013958300060347548593    0.5776035965513142240491748023882980055670758439874232204141433259
0.0167845913317582068851489333751726066230158026740550889675286208    0.5945164913591589498728286186759984133850773397013117649223643377
0.0165218992166623043424282868073083708554742457113185722736693161    0.6111703413658551726746520862443723054748782569713453909425423450
0.0162520081219979275408911647833708253653326886195171629056359055    0.6275578900977726446324694085354493347989771091218982767957942109
0.0159750356456615084563444116782009782206183675870235566639228084    0.6436719971150082876812208038659916031715974571238063229675098873
0.0156911024710747581002682265810755065201111986888902111268190314    0.6595056411226444603041707407309938000831388061937665931428200900
0.0154003323146002304076730371497152087500677665366483301999083756    0.6750519230300931064205998917388210891188634525299540405456857196
0.0151028518716353974926946202375361884939071410097545207065419761    0.6903040689571927897162859316753863502883417167295012940496642692
0.0147987907614087328618641679627199696446262414871232258899070119    0.7052554331857488253466803174403250256215930117890234942289239596
0.0144882814705018671115547566662409190173163054378494023389098240    0.7198995010552305023110634994175198481444806556044129933157132950
0.0141714592951224388347014071581622028699170048807956077348082988    0.7342298918013637342337486015244389337554938468818046411541890449
0.0138484622821528119440533788408643970247197576931645922325754589    0.7482403613363823740608076671801145532106092962126425017596115743
0.0135194311690003695153945815958513215592579551830180616092139742    0.7619248049697268696258880025152479211330754565414707037962104825
0.0131845093222756238496402068174620560618863491922538508323276878    0.7752772600680049126977955135524937101026423063236047227708034089
0.0128438426753249032557672861635929986328136356171036033537674801    0.7882919086530552349268741520535813092249228474216315966940176587
0.0124975796646448889008066512929781223283868018698250926149806249    0.8009630799369827216486113694756279038803972550484346525620165017
0.0121458711652067812730968207847327767307418489706897232853672473    0.8132852527930605414313589842777090180189427055190955246093378210
0.0117888704247183773950880764083077116001397150985751994071930023    0.8252530581614230198705090459279792930445006862684489852655816699
0.0114267329968528400289788317989496131171195727598925006789889800    0.8368612813885015172760025149674206141587604580426144070603742493
0.0110596166734734435497717271248511806320630066924618382366520192    0.8481048644991846023217796604896917593541636373931791389457443227
0.0106876814158840953466738686543503442849784292072326798534680503    0.8589789084007133541933065263775874404538430942588304180773221003
0.0103110892851359681436419855801069133977603430954708568306667013    0.8694786750173526903992538659701377790090747195800765149071371483
0.0099300043714211557892119150031531380648491938336757430861297181    0.8795995893549102369901077559490483133246177314411642656206686641
0.0095445927225849121166999789114556418838775576289168120232043180    0.8893372414942054865505714139595319004615828974570459792952275437
0.0091550222717887970052148404239451099611514792140619299181920358    0.8986873885126239187361129773460671281404108257317761522486102584
0.0087614627643580145744650397334269797788111368426130949989520960    0.9076459563329235418262880757875897291606872784204276516646633340
0.0083640856838475186217539436115358756983456628831367550921941486    0.9162090414984952086935328473674757882536280406463902618030398615
0.0079630641773633097839447031689031849123171600069546561498184686    0.9243729128743135004047536439250061234263481097164226890848837003
0.0075585729801781640279576514886575204104725492148777858197868390    0.9321340132728526982353619279690248667844883578267316488733561098
0.0071507883396855514632566727018006935975583305726250800717381351    0.9394889610042836778665925414905308259686863311117386415820369338
0.0067398879387431096233484663205703593009729201125555878032849807    0.9464345513503147796941628043408610299298929696238944933816812469
0.0063260508184703958373964588530628296169315306760631362076959584    0.9529677579610971080279493027211943184840327274150654669855107847
0.0059094573005901076393151338423991600655428475588408959419590042    0.9590857341746904040101909872283649689334458595389259426014670185
0.0054902889094486873668247456901481376829995388053335129381293569    0.9647858142586956096698873066377326092732030300875769915106114338
0.0050687282939455883695925173189947896601426915541384945039841527    0.9700655145738373268390251071872967966008748786803360524753256884
0.0046449591497965453953481911432157419306291012559567943266227534    0.9749225346595942782763301496265651341112561889859839993104021313
0.0042191661429919113272123320023388666154951191102748824605431637    0.9793547582425893941518381971942562760155108017359480660900528330
0.0037915348363451047247655558214931821014590113078322280279473190    0.9833602541697529165760107898951580358516096130793628094567551446
0.0033622516236778313176468117673260056133347689694773611693179265    0.9869372772712794385367117745924468520350227831451695442596148164
0.0029315036836558629332614203612886131909969869853049323523593560    0.9900842691660191885722841828255165351145080908380456107099308919
0.0024994789888944518647342630399239172212363848201200109948761476    0.9927998590434372505169784414225683294007061531463017368916079721
0.0020663664924138198104069102485873855964182383739174816485543406    0.9950828645255289539531237506454757981890171751849704925411595577
0.0016323569986105090736856112384964364013997695271563239899567685    0.9969322929775996298568966554439048305334588897201019638015099722
0.0011976474864696246183292062426811891700924260497983918028998456    0.9983473449340833680939698218079536204312406736518150285801215962
0.0007624720932121181541708683265022000425492931493288042365370848    0.9993274305065947064726433542111529720405247974338393409729919098
0.0003276086705537684151617138279253159527141275916097655124563216    0.9998723404457333527514820430158799595254451455851938748980997684
