0.0007202317064018637017655461330876396241825685612696595485780888    -0.9997193395297702757683986050563611111203918983533624705926719283
0.0016758927604990288799108316775390269285316866906037599060118655    -0.9985215119897575082538952412608372000111089933678021578203358878
0.0026313648731823432234770905911015045155919578776812121668350061    -0.9963677327909441389051673018377433914246267415871271836476328479
0.0035844393988022487608826112243356015423172900333629509072616899    -0.9932595861878674385807418442425916509191685356588696891572438175
0.0045341050100930234129347309039255639503153598650210921390079472    -0.9891999908750336037676609229634911394759257324935858427622219872
0.0054794346837820815669589201263511514931116506158684451128912152    -0.9841928216302206350644653988292378709155867103262096101643176770
0.0064195182701775452950355731934239924332777953586781351045376912    -0.9782428702864434653361253211150527757242235327261216400944905345
0.0073534536747912780368695013323297283920019710929957410884471745    -0.9713558345581712201827084156207986226592895609829747574262072705
0.0082803456257233619747267412998197825809841141580947495634274182    -0.9635383108331344355899233199563694442221859143426261118773548400
0.0091993059409214338110062270213768417814482398368100174739960992    -0.9547977872711913440737160929740608155801079844743516696036727036
0.0101094541795120865759187511605832711673337622971696691066001671    -0.9451426364046484538800647159331751672942399225221487497219586735
0.0110099184080599701173852836462987453087608367227243950528397854    -0.9345821070189456904663370607569359013337471734575454248388290525
0.0118998360027119393180997347932425856588189936507075850267491642    -0.9231263152456137990109994695520111737213045325845878733245813302
0.0127783544600899533506145094724914225950049569197796854112054779    -0.9107862348473937471810996902441131033716020266175898118707847885
0.0136446322062219022582188806662637268524880143264390478382482018    -0.8975736866928785813147167110715998389179830424884310255080547548
0.0144978393986382994411102589906107613736665387129039352401018403    -0.8835013274253606607755262509244054706535966892116439510710317792
0.0153371587190456951261498213648825185077551051221844543912136447    -0.8685826373341301388845694865804256490828957662209902571204586573
0.0161617861549559384164105941930782641915607779274357187829798397    -0.8528319074385103565682025469052422916434686425559515065199184419
0.0169709317690924759473672806204083445786994265844508980376785375    -0.8362642257962884377695202681397240322612756744400513183292059438
0.0177638204556118146252692025604262186227924555801444776079157333    -0.8188954630492576591506237283372232766408370751648163715750438268
0.0185396926822933590364095654939777190651176980083349861531725598    -0.8007422572194868809193279785535881076953158324675129862453043558
0.0192978052179176316959047239153194981635989201917636401668545156    -0.7818219977707429902102759805225092928278781145861854165195703910
0.0200374318440959180193069607751518857286050574705912092263821560    -0.7621528089502494177015173957840675293515995748539904864167851119
0.0207578640508453937186257559094190318427784323155967861613362366    -0.7417535324266845401308674373974668095423671488338624757969909821
0.0214584117152286455451826413724675837936601146080572533362912386    -0.7206437092410169386627595940811905857520092181718468049775045039
0.0221384037623982096540703534123633043259412260992766554331202714    -0.6988435610874445357152604665544110791602750592210989188210681043
0.0227971888084069338296509101980355925597265524068831673835303343    -0.6763739709423538344091663579010234797888844527186838339399072094
0.0234341357841644983988488869801062075786169555417141674328393132    -0.6532564630598448844408579610786371180406114470143859316677973302
0.0240486345399397947686755025308373869893497208945739556687141223    -0.6295131823529775814456057267375756938032818319918949269600292012
0.0246400964298283358395658669755125264222318704583832018376678669    -0.6051668731804854874315773482286052125813389886700119451417394881
0.0252079548756236148186046350867173626826104682308319931380742084    -0.5802408575592743411220444199798882886196088626828894942287040333
0.0257516659095514248053878766302074001008041804213697504470249818    -0.5547590128235734944411285747776599458079566562250046939505840117
0.0262707086953466467769578394776350023238247383762121619185788452    -0.5287457487521392858350337177674167234441802638345648644512253538
0.0267645860271729294701195771862772316891023138472539698372015269    -0.5022259841854194310412046319954226061486181801594684426632055216
0.0272328248059070271728889159799636282846324322215261891139722537    -0.4752251231550764526831485928370949625951634231548219426176419462
0.0276749764923313270279740353352988073817312603656551370546304314    -0.4477690305487355561867792915635962505133657960884282454367002682
0.0280906175368002763619851969674944188672550621534467370621818945    -0.4198840073332677723724146849653236327208179694224123676877067374
0.0284793497849689989245688662598753902884212541931553745436820506    -0.3915967653603422200072831909580603531004943436462221609641773255
0.0288408008591953501035075438790412303539749066610400282494949990    -0.3629344017783816032792135922387023740609634880908468578548392745
0.0291746245152499865775918963598741920624627880427738567228658774    -0.3339243730754321759242911881296651750671845956948036759970205620
0.0294805009739926954788018593292343887842179869986326500740688304    -0.3045944687778130212961534154291420071039363661193786859217003291
0.0297581372276972209195873407427408076253941394775663837132958586    -0.2749727848297392822330787341255183763379335211466938511698749345
0.0300072673207311198674654295323634106002745130610549260637693443    -0.2450876966794196138447304305829798330550014411917899980005985630
0.0302276526043217523642141024353852872625466242112754068281885594    -0.2149678320974093361419029539405763027725587314977838583737333846
0.0304190819651643400389970253347216948757857698081624092927273751    -0.1846420437532572643197470716389370897166774334425869755839238472
0.0305813720276530883951579213571288042131585638611681871434539991    -0.1541393815767157481893087440247224464497913182561420281452747338
0.0307143673295416387634480194607797337526427298735579559112627911    -0.1234890649299898379777267656031744854554269758840917959669361899
0.0308179404708645711330048554358770134028035839467553619025614291    -0.0927204546176825145686154263893461760766297313986678499872206533
0.0308919922359772950831842565587769412711278251889591314325669458    -0.0618630247612484054137640515069193268753639378432195954623552461
0.0309364516885974183365096307954456286810379920332483111665140805    -0.0309463345648982043112390737786277901755600192576462154815281468
0.0309512762397565464673798346407883938558416341937068521548970302    0.0000000000000000000000000000000000000000000000000000000000000000
0.0309364516885974183365096307954456286810379920332483111665140805    0.0309463345648982043112390737786277901755600192576462154815281468
0.0308919922359772950831842565587769412711278251889591314325669458    0.0618630247612484054137640515069193268753639378432195954623552461
0.0308179404708645711330048554358770134028035839467553619025614291    0.0927204546176825145686154263893461760766297313986678499872206533
0.0307143673295416387634480194607797337526427298735579559112627911    0.1234890649299898379777267656031744854554269758840917959669361899
0.0305813720276530883951579213571288042131585638611681871434539991    0.1541393815767157481893087440247224464497913182561420281452747338
0.0304190819651643400389970253347216948757857698081624092927273751    0.1846420437532572643197470716389370897166774334425869755839238472
0.0302276526043217523642141024353852872625466242112754068281885594    0.2149678320974093361419029539405763027725587314977838583737333846
0.0300072673207311198674654295323634106002745130610549260637693443    0.2450876966794196138447304305829798330550014411917899980005985630
0.0297581372276972209195873407427408076253941394775663837132958586    0.2749727848297392822330787341255183763379335211466938511698749345
0.0294805009739926954788018593292343887842179869986326500740688304    0.3045944687778130212961534154291420071039363661193786859217003291
0.0291746245152499865775918963598741920624627880427738567228658774    0.3339243730754321759242911881296651750671845956948036759970205620
0.0288408008591953501035075438790412303539749066610400282494949990    0.3629344017783816032792135922387023740609634880908468578548392745
0.0284793497849689989245688662598753902884212541931553745436820506    0.3915967653603422200072831909580603531004943436462221609641773255
0.0280906175368002763619851969674944188672550621534467370621818945    0.4198840073332677723724146849653236327208179694224123676877067374
0.0276749764923313270279740353352988073817312603656551370546304314    0.4477690305487355561867792915635962505133657960884282454367002682
0.0272328248059070271728889159799636282846324322215261891139722537    0.4752251231550764526831485928370949625951634231548219426176419462
0.0267645860271729294701195771862772316891023138472539698372015269    0.5022259841854194310412046319954226061486181801594684426632055216
0.0262707086953466467769578394776350023238247383762121619185788452    0.5287457487521392858350337177674167234441802638345648644512253538
0.0257516659095514248053878766302074001008041804213697504470249818    0.5547590128235734944411285747776599458079566562250046939505840117
0.0252079548756236148186046350867173626826104682308319931380742084    0.5802408575592743411220444199798882886196088626828894942287040333
0.0246400964298283358395658669755125264222318704583832018376678669    0.6051668731804854874315773482286052125813389886700119451417394881
0.0240486345399397947686755025308373869893497208945739556687141223    0.6295131823529775814456057267375756938032818319918949269600292012
0.0234341357841644983988488869801062075786169555417141674328393132    0.6532564630598448844408579610786371180406114470143859316677973302
0.0227971888084069338296509101980355925597265524068831673835303343    0.6763739709423538344091663579010234797888844527186838339399072094
0.0221384037623982096540703534123633043259412260992766554331202714    0.6988435610874445357152604665544110791602750592210989188210681043
0.0214584117152286455451826413724675837936601146080572533362912386    0.7206437092410169386627595940811905857520092181718468049775045039
0.0207578640508453937186257559094190318427784323155967861613362366    0.7417535324266845401308674373974668095423671488338624757969909821
0.0200374318440959180193069607751518857286050574705912092263821560    0.7621528089502494177015173957840675293515995748539904864167851119
0.0192978052179176316959047239153194981635989201917636401668545156    0.7818219977707429902102759805225092928278781145861854165195703910
0.0185396926822933590364095654939777190651176980083349861531725598    0.8007422572194868809193279785535881076953158324675129862453043558
0.0177638204556118146252692025604262186227924555801444776079157333    0.8188954630492576591506237283372232766408370751648163715750438268
0.0169709317690924759473672806204083445786994265844508980376785375    0.8362642257962884377695202681397240322612756744400513183292059438
0.0161617861549559384164105941930782641915607779274357187829798397    0.8528319074385103565682025469052422916434686425559515065199184419
0.0153371587190456951261498213648825185077551051221844543912136447    0.8685826373341301388845694865804256490828957662209902571204586573
0.0144978393986382994411102589906107613736665387129039352401018403    0.8835013274253606607755262509244054706535966892116439510710317792
0.0136446322062219022582188806662637268524880143264390478382482018    0.8975736866928785813147167110715998389179830424884310255080547548
0.0127783544600899533506145094724914225950049569197796854112054779    0.9107862348473937471810996902441131033716020266175898118707847885
0.0118998360027119393180997347932425856588189936507075850267491642    0.9231263152456137990109994695520111737213045325845878733245813302
0.0110099184080599701173852836462987453087608367227243950528397854    0.9345821070189456904663370607569359013337471734575454248388290525
0.0101094541795120865759187511605832711673337622971696691066001671    0.9451426364046484538800647159331751672942399225221487497219586735
0.0091993059409214338110062270213768417814482398368100174739960992    0.9547977872711913440737160929740608155801079844743516696036727036
0.0082803456257233619747267412998197825809841141580947495634274182    0.9635383108331344355899233199563694442221859143426261118773548400
0.0073534536747912780368695013323297283920019710929957410884471745    0.9713558345581712201827084156207986226592895609829747574262072705
0.0064195182701775452950355731934239924332777953586781351045376912    0.9782428702864434653361253211150527757242235327261216400944905345
0.0054794346837820815669589201263511514931116506158684451128912152    0.9841928216302206350644653988292378709155867103262096101643176770
0.0045341050100930234129347309039255639503153598650210921390079472    0.9891999908750336037676609229634911394759257324935858427622219872
0.0035844393988022487608826112243356015423172900333629509072616899    0.9932595861878674385807418442425916509191685356588696891572438175
0.0026313648731823432234770905911015045155919578776812121668350061    0.9963677327909441389051673018377433914246267415871271836476328479
0.0016758927604990288799108316775390269285316866906037599060118655    0.9985215119897575082538952412608372000111089933678021578203358878
0.0007202317064018637017655461330876396241825685612696595485780888    0.9997193395297702757683986050563611111203918983533624705926719283
