0.0050028807496393456758995420918993704638392718626217059140341377    -0.9980499305356876198128470765515809974904653702745880901607443940
0.0116134447164686741776683012004374273572367478601123296850107011    -0.9897394542663855719444258911056793473243812469080222063838314991
0.0181565777096132368988761257547822022629123390397971224250378538    -0.9748463285901535076408855409463886425919753587660735159915535795
0.0245797397382323758952012054467062874459591622272020466960350763    -0.9534663309335295956705421531174412173857789707229287097440327860
0.0308395005451750546587310863133086889204118954971985188475210983    -0.9257413320485843968251095622130509114809178764811055207211366608
0.0368940815940247381649401623368149503473561172405834899659696121    -0.8918557390046322167949370319739175115798990532345153609620889011
0.0427031585046744342358784343588077086784174845681521442437553171    -0.8520350219323621888596497112472762804403850373276309688815571124
0.0482280618607586833743521799114202241893610027852761322899681711    -0.8065441676053168155515653759796983257317729813293196212055083881
0.0534320199103323199737569906312487560769153103387560856157033624    -0.7556859037539706807377380967793874135038375707467039273016863592
0.0582803991469972060223058682581400559151277021585559865019694201    -0.6997986803791843559128258406274158756382070153005904377307189525
0.0627409333921330540529696715251370643209038889969087583411300450    -0.6392544158296817071803448695002602717011703954096614288962355932
0.0667839379791404119350461515290192599559521560352792417304765875    -0.5744560210478070811329275009244725102101995978537987646070776761
0.0703825070668989547392829675936588408392617017624612064593790163    -0.5058347179279311032405337164676520027938465506371876450162200590
0.0735126925847434571452064448483364785766371950924317553565023047    -0.4338471694323764843732561625178422040059238004068391237024189550
0.0761536635484463960659935411044725279963452188325545187924837214    -0.3589724404794350132567176214565342917960629492113680737882096505
0.0782878446582109480753754033357362625649037448578418255747512468    -0.2817088097901652613601140714187000767696705087836113318001762861
0.0799010332435278215860276839251856965503012395896815789806037027    -0.2025704538921167032039777815146070573716550857537035172476667223
0.0809824937705971006232694699490581419365151697840887541415660286    -0.1220840253378674198696123813294071165681181414993000088037745511
0.0815250292803857866992187698858300556016426514704967984381025970    -0.0407851479045782399133164323297849207847736426836548116935974778
0.0815250292803857866992187698858300556016426514704967984381025970    0.0407851479045782399133164323297849207847736426836548116935974778
0.0809824937705971006232694699490581419365151697840887541415660286    0.1220840253378674198696123813294071165681181414993000088037745511
0.0799010332435278215860276839251856965503012395896815789806037027    0.2025704538921167032039777815146070573716550857537035172476667223
0.0782878446582109480753754033357362625649037448578418255747512468    0.2817088097901652613601140714187000767696705087836113318001762861
0.0761536635484463960659935411044725279963452188325545187924837214    0.3589724404794350132567176214565342917960629492113680737882096505
0.0735126925847434571452064448483364785766371950924317553565023047    0.4338471694323764843732561625178422040059238004068391237024189550
0.0703825070668989547392829675936588408392617017624612064593790163    0.5058347179279311032405337164676520027938465506371876450162200590
0.0667839379791404119350461515290192599559521560352792417304765875    0.5744560210478070811329275009244725102101995978537987646070776761
0.0627409333921330540529696715251370643209038889969087583411300450    0.6392544158296817071803448695002602717011703954096614288962355932
0.0582803991469972060223058682581400559151277021585559865019694201    0.6997986803791843559128258406274158756382070153005904377307189525
0.0534320199103323199737569906312487560769153103387560856157033624    0.7556859037539706807377380967793874135038375707467039273016863592
0.0482280618607586833743521799114202241893610027852761322899681711    0.8065441676053168155515653759796983257317729813293196212055083881
0.0427031585046744342358784343588077086784174845681521442437553171    0.8520350219323621888596497112472762804403850373276309688815571124
0.0368940815940247381649401623368149503473561172405834899659696121    0.8918557390046322167949370319739175115798990532345153609620889011
0.0308395005451750546587310863133086889204118954971985188475210983    0.9257413320485843968251095622130509114809178764811055207211366608
0.0245797397382323758952012054467062874459591622272020466960350763    0.9534663309335295956705421531174412173857789707229287097440327860
0.0181565777096132368988761257547822022629123390397971224250378538    0.9748463285901535076408855409463886425919753587660735159915535795
0.0116134447164686741776683012004374273572367478601123296850107011    0.9897394542663855719444258911056793473243812469080222063838314991
0.0050028807496393456758995420918993704638392718626217059140341377    0.9980499305356876198128470765515809974904653702745880901607443940
