0.0062291405559086847186064610714377861245273284298048459413498384    -0.9975717537908419192433724374546292314005098826849297729399442966
0.0144501627485950354152022103287469906875404335846560601417340339    -0.9872278164063094850497504310996849729487701486601322192344089007
0.0225637219854949700840940887149542612490345883881878337714684558    -0.9687082625333442817646465730559935109678087453534733359920669232
0.0304913806384461318094423876813175910306268453895807874799121398    -0.9421623974051070916316760254605729030062056923371175582135024017
0.0381665937963875163217659202899765588239470061266673516133766856    -0.9078096777183244688008998890192874601623975728031520940414631975
0.0455256115233532724538225633952706029982384189963153820946222788    -0.8659346383345644692635720906712998446966353017367830686595942077
0.0525074145726781061682459748424675996587196809469698659248224988    -0.8168842279009336645915789065869732583931499109742539021193640919
0.0590541358275244931939609723505261908284861823465044830331110989    -0.7610648766298730141874089689787368336044993667261969216800161004
0.0651115215540764113785444300648937735836372460728131918847517351    -0.6989391132162629079330001065757771826377640314557563104234454084
0.0706293758142557249990387965676853550011627204909059651184865544    -0.6310217270805285453177757555190082778108972540734435310451954450
0.0755619746600319312708339742284357240588192694813414625282933671    -0.5578755006697466427364598862162745813374413780453538954770176284
0.0798684443397718447388188328064379935505558719721942995949004704    -0.4801065451903270341941026805073971085873549489039057841341092631
0.0835130996998456551870202280461493905807155938575466916012288621    -0.3983592777586459406314947529323515293424621296556482146472807908
0.0864657397470357497842468562807475803140706909018175724950227650    -0.3133110813394632474583167656509779947712298655844929405715060663
0.0887018978356938692870764573648807127442830067038041309663205250    -0.2256666916164494838686411809343472443521897210479805529953532564
0.0902030443706407295739422420174939288410295000506306356949861228    -0.1361523572591829758944288243311178314972806177645362821058074024
0.0909567403302598736153376039485779599246056162602594401156125681    -0.0455098219531025427490756708519301638310841501872054020244250949
0.0909567403302598736153376039485779599246056162602594401156125681    0.0455098219531025427490756708519301638310841501872054020244250949
0.0902030443706407295739422420174939288410295000506306356949861228    0.1361523572591829758944288243311178314972806177645362821058074024
0.0887018978356938692870764573648807127442830067038041309663205250    0.2256666916164494838686411809343472443521897210479805529953532564
0.0864657397470357497842468562807475803140706909018175724950227650    0.3133110813394632474583167656509779947712298655844929405715060663
0.0835130996998456551870202280461493905807155938575466916012288621    0.3983592777586459406314947529323515293424621296556482146472807908
0.0798684443397718447388188328064379935505558719721942995949004704    0.4801065451903270341941026805073971085873549489039057841341092631
0.0755619746600319312708339742284357240588192694813414625282933671    0.5578755006697466427364598862162745813374413780453538954770176284
0.0706293758142557249990387965676853550011627204909059651184865544    0.6310217270805285453177757555190082778108972540734435310451954450
0.0651115215540764113785444300648937735836372460728131918847517351    0.6989391132162629079330001065757771826377640314557563104234454084
0.0590541358275244931939609723505261908284861823465044830331110989    0.7610648766298730141874089689787368336044993667261969216800161004
0.0525074145726781061682459748424675996587196809469698659248224988    0.8168842279009336645915789065869732583931499109742539021193640919
0.0455256115233532724538225633952706029982384189963153820946222788    0.8659346383345644692635720906712998446966353017367830686595942077
0.0381665937963875163217659202899765588239470061266673516133766856    0.9078096777183244688008998890192874601623975728031520940414631975
0.0304913806384461318094423876813175910306268453895807874799121398    0.9421623974051070916316760254605729030062056923371175582135024017
0.0225637219854949700840940887149542612490345883881878337714684558    0.9687082625333442817646465730559935109678087453534733359920669232
0.0144501627485950354152022103287469906875404335846560601417340339    0.9872278164063094850497504310996849729487701486601322192344089007
0.0062291405559086847186064610714377861245273284298048459413498384    0.9975717537908419192433724374546292314005098826849297729399442966
