0.0005862832501240336446080899041390078193273844518092857555300548    -0.9997715386597716216934865339959419887418813583533174975311643088
0.0013643121415755367741571774107231033690924456448459165997990492    -0.9987964464716549335722211674369818559047056085224605678178031471
0.0021424301399977385719957988172429423791257370812455030220614566    -0.9970429789326632298675265683768389961248002977694846879806918901
0.0029189777070867291244996181779912589015012368049358769650512815    -0.9945121135269260341099489218024517656720526784098055794819768181
0.0036932692626873776124511049169730136823605381451383955760962366    -0.9912057759819008898069179858968220467709463663557457290281759713
0.0044646869476650487471404823739242182511545619225867763355059867    -0.9871265330678493398746882480504076227316428508939710496427702822
0.0052326254969056536730303115331754820636341515342907249977448251    -0.9822775618509006395689241216144701278990980985207695850036488246
0.0059964848240926794369972106663215278301293423794820203789640132    -0.9766626418573372054420554016854448922172462394380942537004300861
0.0067556687831021833925574526272510316577275977858139439346523746    -0.9702861507020551987852458724580285880033440550872961270176228874
0.0075095851524083796730923222043276927502021067501459735029565947    -0.9631530602011964935509369973000520167834384446428058565661842666
0.0082576459345422289979027942307225049176006230574287067432502976    -0.9552689323109241777147532531781332393480918304527266941843666181
0.0089992677518228150324440935253935996930641571109192244792283759    -0.9466399147098043074472830133345460756636809352085834093825219484
0.0097338722743208989288211786333948370734154580317667300708867095    -0.9372727359664948052013848625833491882902693919087686409007433707
0.0104608866582622722248545689483708416805839407253662147992365355    -0.9271747002732014077878862446013365329883586922221115547011017952
0.0111797439864449796725462457427484119126408205763745130554419168    -0.9163536817392870794813791830439849406143681044274334160707932977
0.0118898837069930135019988758139070338155268811323945370581152637    -0.9048181182450911981154985275062163212346609416604776446226746350
0.0125907520686228155277938042821519754662380619900750220545014181    -0.8925770048586288504201963546895012482102320516578262156984501050
0.0132818025513822056389248957616848626482266336810394670574775900    -0.8796398868192194861641304282130675782466258256480322861752451013
0.0139624962921759730772647015578003611260565019903287449576403066    -0.8660168520929350696187862069049439867073233267836091110895236503
0.0146323025045634142063781990291994574738671139646972968207111296    -0.8517185235053482643729625575520003566198288684110264685933214810
0.0152906988924009206288715369841034057817948166439928840132481335    -0.8367560504575273957043122176537991470782241398687011608320699764
0.0159371720569509275590373276747147051863202921264823754668497605    -0.8211411002316254833172548022053624753504278953575301487483483383
0.0165712178971070916989396255278955866171133310300018833108559403    -0.8048858488927739110282350136104685491109303183553022753368756902
0.0171923420024040488264554323098589457068410879006534280217737653    -0.7880029717943315975502877577282752880878166159779719231480355007
0.0178000600384932775364809309105164076404000451393274977498838125    -0.7705056336938652787525550940044159542340676679147647133789287125
0.0183938981247769353447301036923650202853155862934407201639068276    -0.7524074784875496460821687456263246112680761063392020188799527475
0.0189733932039003540451956994616219523814176493737343601172533170    -0.7337226185709797192015762441051241222376285518476142494741521163
0.0195380934028119058858114663057904248793347039314251684158023636    -0.7144656238346830857309545648280541488901031134362855573233412416
0.0200875583851065874287991188349233090553176820911000607598452811    -0.6946515103029070909675635499214242248544466683546647799258195839
0.0206213596943771472559032789424272872503275403335694289944683151    -0.6742957284245359677025451249921401085795593887881074470903566505
0.0211390810883040429788625650070081731982829104301302479337039560    -0.6534141510252653427515272854943910709683512037907246329812728751
0.0216403188632230323279189653669496345359222184659681220773083236    -0.6320230609304265190410182044147772444085429570340771722347916512
0.0221246821689168294741859971212079650608475011042660486133605073    -0.6101391382681103244181300861657747651843648888560048564222208140
0.0225917933133850184614414279934212096314374207884844145810192902    -0.5877794474624900188042053926127842157451129738088556814028079994
0.0230412880573543258154997875103207978320601944546341204880365785    -0.5649614239274846172025153988284722266272891477608214350654767804
0.0234728158982994216204203491517827085744406563641637563633061121    -0.5417028604711378636491342686260193929171659564403313354266408218
0.0238860403437526453264411580618262246611605076933986413554729540    -0.5180218934213138217530764761635023585659446526516968513600760291
0.0242806391736894388729155221834830829897155395260756274207783922    -0.4939369884835274712481468131651852000746618969273462309889341674
0.0246563046917848128786348699668670898296976255323964992288967290    -0.4694669263419376587371154914387781716404333567018765645895807744
0.0250127439653448677709583219468581680579643662382006768565661536    -0.4446307880147300895519383556724961352613454828429814501072862171
0.0253496790537262359174806035588154414703448075821379092091495989    -0.4194479399753096158024629703604359137780033796167980877106894390
0.0256668472250652975204050227338511737110527050742461060683698170    -0.3939380190509037279029798231047822024917071023949786599655531725
0.0259640011611481461610807120849626850924429442772777551522042131    -0.3681209171103527536476376417298918256477139610053944880161240215
0.0262409091502615329902219553415558050627264965328796339612059726    -0.3420167655530266770190609355371321859355151055435680792348884980
0.0264973552678743949087697274978845849398616830403309791384897834    -0.3156459196109635817271818735778169853917284769136090008333550862
0.0267331395450090647078807406997002708770262679994285843101919795    -0.2890289424764703822126480301913315019508308575451541917200668336
0.0269480781241708628828973449105805446889152617853497768660766704    -0.2621865892675626147988919217431087214046394632737202251242836117
0.0271420034027144744024854808375156492323868801644060126944449219    -0.2351397908437465183561217116167209707421025714519442288119805585
0.0273147641635353116703043509152220464723877346442193942092392891    -0.2079096374847633391344656708917229878844721386079202410111520931
0.0274662256929839497242078978711848134810869754222875855052133514    -0.1805173624450226577032858658162380426354902679803951741823387744
0.0275962698859116837456981656834736275939360187416910012648056737    -0.1529843253965484741563089857133776973767627497518764452708833412
0.0277047953377652944884701549461561859649588260917956146233694179    -0.1253319957733487255372467401419676541799271778763354367078795483
0.0277917174236592064983017547114527943261812358205415637365017506    -0.0975819360301957791847797834121892055300417941678903018928727316
0.0278569683643633791463489698306978589574284616868333354565085545    -0.0697557848288721875777063476236090438105405067754560448641228930
0.0279004972791554736421434080462778555925678336070703395368445213    -0.0418752401649925523363890649971841646353114495356913251611899270
0.0279222702254960823963412992192833988695088973073735721701965555    -0.0139620424485586832751437213321379394055263504067966560926867071
0.0279222702254960823963412992192833988695088973073735721701965555    0.0139620424485586832751437213321379394055263504067966560926867071
0.0279004972791554736421434080462778555925678336070703395368445213    0.0418752401649925523363890649971841646353114495356913251611899270
0.0278569683643633791463489698306978589574284616868333354565085545    0.0697557848288721875777063476236090438105405067754560448641228930
0.0277917174236592064983017547114527943261812358205415637365017506    0.0975819360301957791847797834121892055300417941678903018928727316
0.0277047953377652944884701549461561859649588260917956146233694179    0.1253319957733487255372467401419676541799271778763354367078795483
0.0275962698859116837456981656834736275939360187416910012648056737    0.1529843253965484741563089857133776973767627497518764452708833412
0.0274662256929839497242078978711848134810869754222875855052133514    0.1805173624450226577032858658162380426354902679803951741823387744
0.0273147641635353116703043509152220464723877346442193942092392891    0.2079096374847633391344656708917229878844721386079202410111520931
0.0271420034027144744024854808375156492323868801644060126944449219    0.2351397908437465183561217116167209707421025714519442288119805585
0.0269480781241708628828973449105805446889152617853497768660766704    0.2621865892675626147988919217431087214046394632737202251242836117
0.0267331395450090647078807406997002708770262679994285843101919795    0.2890289424764703822126480301913315019508308575451541917200668336
0.0264973552678743949087697274978845849398616830403309791384897834    0.3156459196109635817271818735778169853917284769136090008333550862
0.0262409091502615329902219553415558050627264965328796339612059726    0.3420167655530266770190609355371321859355151055435680792348884980
0.0259640011611481461610807120849626850924429442772777551522042131    0.3681209171103527536476376417298918256477139610053944880161240215
0.0256668472250652975204050227338511737110527050742461060683698170    0.3939380190509037279029798231047822024917071023949786599655531725
0.0253496790537262359174806035588154414703448075821379092091495989    0.4194479399753096158024629703604359137780033796167980877106894390
0.0250127439653448677709583219468581680579643662382006768565661536    0.4446307880147300895519383556724961352613454828429814501072862171
0.0246563046917848128786348699668670898296976255323964992288967290    0.4694669263419376587371154914387781716404333567018765645895807744
0.0242806391736894388729155221834830829897155395260756274207783922    0.4939369884835274712481468131651852000746618969273462309889341674
0.0238860403437526453264411580618262246611605076933986413554729540    0.5180218934213138217530764761635023585659446526516968513600760291
0.0234728158982994216204203491517827085744406563641637563633061121    0.5417028604711378636491342686260193929171659564403313354266408218
0.0230412880573543258154997875103207978320601944546341204880365785    0.5649614239274846172025153988284722266272891477608214350654767804
0.0225917933133850184614414279934212096314374207884844145810192902    0.5877794474624900188042053926127842157451129738088556814028079994
0.0221246821689168294741859971212079650608475011042660486133605073    0.6101391382681103244181300861657747651843648888560048564222208140
0.0216403188632230323279189653669496345359222184659681220773083236    0.6320230609304265190410182044147772444085429570340771722347916512
0.0211390810883040429788625650070081731982829104301302479337039560    0.6534141510252653427515272854943910709683512037907246329812728751
0.0206213596943771472559032789424272872503275403335694289944683151    0.6742957284245359677025451249921401085795593887881074470903566505
0.0200875583851065874287991188349233090553176820911000607598452811    0.6946515103029070909675635499214242248544466683546647799258195839
0.0195380934028119058858114663057904248793347039314251684158023636    0.7144656238346830857309545648280541488901031134362855573233412416
0.0189733932039003540451956994616219523814176493737343601172533170    0.7337226185709797192015762441051241222376285518476142494741521163
0.0183938981247769353447301036923650202853155862934407201639068276    0.7524074784875496460821687456263246112680761063392020188799527475
0.0178000600384932775364809309105164076404000451393274977498838125    0.7705056336938652787525550940044159542340676679147647133789287125
0.0171923420024040488264554323098589457068410879006534280217737653    0.7880029717943315975502877577282752880878166159779719231480355007
0.0165712178971070916989396255278955866171133310300018833108559403    0.8048858488927739110282350136104685491109303183553022753368756902
0.0159371720569509275590373276747147051863202921264823754668497605    0.8211411002316254833172548022053624753504278953575301487483483383
0.0152906988924009206288715369841034057817948166439928840132481335    0.8367560504575273957043122176537991470782241398687011608320699764
0.0146323025045634142063781990291994574738671139646972968207111296    0.8517185235053482643729625575520003566198288684110264685933214810
0.0139624962921759730772647015578003611260565019903287449576403066    0.8660168520929350696187862069049439867073233267836091110895236503
0.0132818025513822056389248957616848626482266336810394670574775900    0.8796398868192194861641304282130675782466258256480322861752451013
0.0125907520686228155277938042821519754662380619900750220545014181    0.8925770048586288504201963546895012482102320516578262156984501050
0.0118898837069930135019988758139070338155268811323945370581152637    0.9048181182450911981154985275062163212346609416604776446226746350
0.0111797439864449796725462457427484119126408205763745130554419168    0.9163536817392870794813791830439849406143681044274334160707932977
0.0104608866582622722248545689483708416805839407253662147992365355    0.9271747002732014077878862446013365329883586922221115547011017952
0.0097338722743208989288211786333948370734154580317667300708867095    0.9372727359664948052013848625833491882902693919087686409007433707
0.0089992677518228150324440935253935996930641571109192244792283759    0.9466399147098043074472830133345460756636809352085834093825219484
0.0082576459345422289979027942307225049176006230574287067432502976    0.9552689323109241777147532531781332393480918304527266941843666181
0.0075095851524083796730923222043276927502021067501459735029565947    0.9631530602011964935509369973000520167834384446428058565661842666
0.0067556687831021833925574526272510316577275977858139439346523746    0.9702861507020551987852458724580285880033440550872961270176228874
0.0059964848240926794369972106663215278301293423794820203789640132    0.9766626418573372054420554016854448922172462394380942537004300861
0.0052326254969056536730303115331754820636341515342907249977448251    0.9822775618509006395689241216144701278990980985207695850036488246
0.0044646869476650487471404823739242182511545619225867763355059867    0.9871265330678493398746882480504076227316428508939710496427702822
0.0036932692626873776124511049169730136823605381451383955760962366    0.9912057759819008898069179858968220467709463663557457290281759713
0.0029189777070867291244996181779912589015012368049358769650512815    0.9945121135269260341099489218024517656720526784098055794819768181
0.0021424301399977385719957988172429423791257370812455030220614566    0.9970429789326632298675265683768389961248002977694846879806918901
0.0013643121415755367741571774107231033690924456448459165997990492    0.9987964464716549335722211674369818559047056085224605678178031471
0.0005862832501240336446080899041390078193273844518092857555300548    0.9997715386597716216934865339959419887418813583533174975311643088
