0.0005196139568495561501404155025000942268944230331614372269611915    -0.9997975190543788040314235186770809838874906495707368171352695900
0.0012092138838668839597359178674485845601606260337240104386340699    -0.9989332936523244086475999222262285287249876689473532580236483589
0.0018989999495570068710840724711079436767221573364132054150461423    -0.9973791127776005128024820958383263354283959565485810291724978706
0.0025875623974566360985227874864937491494949296754748479966654053    -0.9951357050424424266961774624741270065574693855615272393629006247
0.0032743544188419284412575341509700190217486547353010742955287823    -0.9922045785284274531208751292318376649129767304683506209786557271
0.0039588888872488875758425990981455191570356091083435493941897593    -0.9885877488146591457358593720164523541001637963747894425102099411
0.0046406894115782001807256195017745391607728913665855169635843724    -0.9842877121093537834089531547574674158594043064137463145902343077
0.0053192836754086555212486220579961624816413399597995466061329322    -0.9793074387760658177820519711597280141295285401037995969820425479
0.0059942022510566758957624942506092876166944403944125646120124431    -0.9736503700186117293438740172073002774947476460146270423529410757
0.0066649784982251841202180702995557191028063211473076984992733227    -0.9673204150829741390050375355862604255242332315064243649447776676
0.0073311487426396689826413575163114360682512746804157633944625110    -0.9603219483922777661007037528961904510026340727586628119003799652
0.0079922525408685281465553556254642982277953392344485354443777328    -0.9526598064522470556271817657753328610513870205834754673004673556
0.0086478329746655815114541440918000022171176981429819478993787107    -0.9443392844745684946864742622231448096292820056740815550909948529
0.0092974369556152003391011767913137398613710323469012325391501827    -0.9353661326998367965387767250655827764243438939227952527130443890
0.0099406155327057967924401776853595851831047238277081417415413680    -0.9257465524140128807250464532427500953984865249555674194380435137
0.0105769241996647892491437082051177229163755049400073316269480377    -0.9154871916572537869329344449035843122128652015438203173258547404
0.0112059232005298580426642939640883295889593793146274144307468709    -0.9045951406261997089488264481444241466562363231579206788040993821
0.0118271778326242016252099420676713610198425011216525587891378647    -0.8930779267719349959727904088807556606045739438508912479925480309
0.0124402587464163958983606424773483620293337998503708972064440735    -0.8809435095964961441415797096216499879080784168754869797232453707
0.0130447422418955709562996280018607915238811469036991149983317085    -0.8682002751512354122825546234246638057130743585914596569835218860
0.0136402105611688828184622181036193882715958760319019074810438046    -0.8548570302406757677669477638167430795460248471113684339526996101
0.0142262521770293274145372382388056130601564594924625259018306438    -0.8409229963357633596600517225852964614265343540174386552070779593
0.0148024620772655182300193247183728299533642491874484108675845698    -0.8264078032006628677803942380133261385927358099183385535871476525
0.0153684420444996093838721784532870917635771933200228778622046761    -0.8113214822374616426657612788764447668278727593628796220135439080
0.0159238009313493249351803425696216960807899263979814742650524738    -0.7956744595533571939972809394379589012535578291662898287552485865
0.0164681549307172422152833277065973388005027845466323201425163436    -0.7794775487551028741974739461843308302916843384174600747186060205
0.0170011278410162413419442281876728546471550760829587203153189186    -0.7627419434756804878211691929883555093728637523521685281193390326
0.0175223513261450175381163606163178130132239763911148907210191557    -0.7454792096383571061370287044681941915111597594685665729432869700
0.0180314651700321198109327883903536857819619017839904578341857920    -0.7277012774634671618187590317324803635540702821527011788795363846
0.0185281175255713378079273468070292565815979313854408132770924561    -0.7094204332234402446697016015184988281036465618693507168647152020
0.0190119651577755309068745713052476396321471743957436923955991802    -0.6906493107517700578091551531565645199841180495753900889164578416
0.0194826736809802528876475640049067024656244693209717524361355291    -0.6714008827117907711343334882172472075102244616080222915909205763
0.0199399177899328158152828623140931847037934964334493839021516288    -0.6516884516312935142717888569938538239478055301427146914597842508
0.0203833814846067844880790959949069094237481987248657688742762017    -0.6315256407091779393105421875367053873175428876353964846732034826
0.0208127582885863137356648172902283922656089789519075372758696734    -0.6109263844004915883489261706185252571713768333821042959997619425
0.0212277514608692440898214002604714289787297145206134013374186795    -0.5899049187863631440961579076950493177849111668348894670988959884
0.0216280742009424617691840551219976160040840872699640883759377069    -0.5684757717354844384253014426943882115299364007117933727278873011
0.0220134498469877086622260130916137509094262364671414598437198730    -0.5466537528639402554419087668087259146738550418961172614092345949
0.0223836120670807974113811456192226047667453536450742400210464990    -0.5244539433003244026913876638975544286657581620628160043050421669
0.0227383050432520449436026107001449168640959286569933561700318671    -0.5018916852632151472467348238272195636303079162740861580476698988
0.0230772836482806831878589730979110807408762654189331241505010017    -0.4789825714582128345519271788274449213643992092268184847075418118
0.0234003136151010360255223344342112427503508147279041756219043777    -0.4557424343018672409737408806092150124942961836583624962549637125
0.0237071716987033640860641066552908971450366943842343359103352027    -0.4321873349799418724217982684444328747630993961360056078419256671
0.0239976458304174708823454355325829086875971704528637954899912599    -0.4083335523475769303238823782585044484437834306106681066846245426
0.0242715352644724318102183889669079530168476672470406426425050471    -0.3841975716790219449430307457813624725797776883419820734646208998
0.0245286507167311483799164978097673923906406942457352811760771973    -0.3597960732747130500017743649778098378642283579788786216975281416
0.0247688144955038402326492261021843063626537368289180018340860855    -0.3351459209335684707495067694934791723744282368621876184237362205
0.0249918606243500634488869896843058311704797505300716499889232770    -0.3102641502984689524081712833483169767491090592569505612639895936
0.0251976349567843817111356872356933824678331935188816100162306290    -0.2851679570829775034173839873471054757219966901475798005013735528
0.0253859952828064133060023048948238687666453774721424922339807756    -0.2598746851874349078326579622558008377751825353374533688962266115
0.0255568114271816279377242432982431748626258054970507176693040448    -0.2344018147126439171391869693247674710734919157225366677576273344
0.0257099653394049690235553063479617990762687324892423786991097364    -0.2087669498794258109863690294304243677216966812757832786001587769
0.0258453511752851256487124987702789297327184905315702849167050597    -0.1829878068623980701612527179824691122070375944172263689598433472
0.0259628753700930697318130926190734394252713076098429016788840009    -0.1570822015463811886616365610127729865494956026274547021621515808
0.0260624567032243042112897126077872695495817971789905668276782870    -0.1310680372138961241226798130156476857648131133576477550230837271
0.0261440263543301331976171454740386483864585277653174040374088661    -0.1049632921722615102115402797065160921634469601662193834237790369
0.0262075279508791610058383783854613210607705801999002245553210102    -0.0787860073288414980755255025385909070976164923751344335103998563
0.0262529176071161497241599701655346594944699871379810117138365002    -0.0525542737230309277051921625875318191044430375046199210215917202
0.0262801639543913104029438030085418387589413897619853538517376693    -0.0262862200235944294237229127189264310303452667097718196278203980
0.0262892481628390669625957126039041907919984216827571563337936347    0.0000000000000000000000000000000000000000000000000000000000000000
0.0262801639543913104029438030085418387589413897619853538517376693    0.0262862200235944294237229127189264310303452667097718196278203980
0.0262529176071161497241599701655346594944699871379810117138365002    0.0525542737230309277051921625875318191044430375046199210215917202
0.0262075279508791610058383783854613210607705801999002245553210102    0.0787860073288414980755255025385909070976164923751344335103998563
0.0261440263543301331976171454740386483864585277653174040374088661    0.1049632921722615102115402797065160921634469601662193834237790369
0.0260624567032243042112897126077872695495817971789905668276782870    0.1310680372138961241226798130156476857648131133576477550230837271
0.0259628753700930697318130926190734394252713076098429016788840009    0.1570822015463811886616365610127729865494956026274547021621515808
0.0258453511752851256487124987702789297327184905315702849167050597    0.1829878068623980701612527179824691122070375944172263689598433472
0.0257099653394049690235553063479617990762687324892423786991097364    0.2087669498794258109863690294304243677216966812757832786001587769
0.0255568114271816279377242432982431748626258054970507176693040448    0.2344018147126439171391869693247674710734919157225366677576273344
0.0253859952828064133060023048948238687666453774721424922339807756    0.2598746851874349078326579622558008377751825353374533688962266115
0.0251976349567843817111356872356933824678331935188816100162306290    0.2851679570829775034173839873471054757219966901475798005013735528
0.0249918606243500634488869896843058311704797505300716499889232770    0.3102641502984689524081712833483169767491090592569505612639895936
0.0247688144955038402326492261021843063626537368289180018340860855    0.3351459209335684707495067694934791723744282368621876184237362205
0.0245286507167311483799164978097673923906406942457352811760771973    0.3597960732747130500017743649778098378642283579788786216975281416
0.0242715352644724318102183889669079530168476672470406426425050471    0.3841975716790219449430307457813624725797776883419820734646208998
0.0239976458304174708823454355325829086875971704528637954899912599    0.4083335523475769303238823782585044484437834306106681066846245426
0.0237071716987033640860641066552908971450366943842343359103352027    0.4321873349799418724217982684444328747630993961360056078419256671
0.0234003136151010360255223344342112427503508147279041756219043777    0.4557424343018672409737408806092150124942961836583624962549637125
0.0230772836482806831878589730979110807408762654189331241505010017    0.4789825714582128345519271788274449213643992092268184847075418118
0.0227383050432520449436026107001449168640959286569933561700318671    0.5018916852632151472467348238272195636303079162740861580476698988
0.0223836120670807974113811456192226047667453536450742400210464990    0.5244539433003244026913876638975544286657581620628160043050421669
0.0220134498469877086622260130916137509094262364671414598437198730    0.5466537528639402554419087668087259146738550418961172614092345949
0.0216280742009424617691840551219976160040840872699640883759377069    0.5684757717354844384253014426943882115299364007117933727278873011
0.0212277514608692440898214002604714289787297145206134013374186795    0.5899049187863631440961579076950493177849111668348894670988959884
0.0208127582885863137356648172902283922656089789519075372758696734    0.6109263844004915883489261706185252571713768333821042959997619425
0.0203833814846067844880790959949069094237481987248657688742762017    0.6315256407091779393105421875367053873175428876353964846732034826
0.0199399177899328158152828623140931847037934964334493839021516288    0.6516884516312935142717888569938538239478055301427146914597842508
0.0194826736809802528876475640049067024656244693209717524361355291    0.6714008827117907711343334882172472075102244616080222915909205763
0.0190119651577755309068745713052476396321471743957436923955991802    0.6906493107517700578091551531565645199841180495753900889164578416
0.0185281175255713378079273468070292565815979313854408132770924561    0.7094204332234402446697016015184988281036465618693507168647152020
0.0180314651700321198109327883903536857819619017839904578341857920    0.7277012774634671618187590317324803635540702821527011788795363846
0.0175223513261450175381163606163178130132239763911148907210191557    0.7454792096383571061370287044681941915111597594685665729432869700
0.0170011278410162413419442281876728546471550760829587203153189186    0.7627419434756804878211691929883555093728637523521685281193390326
0.0164681549307172422152833277065973388005027845466323201425163436    0.7794775487551028741974739461843308302916843384174600747186060205
0.0159238009313493249351803425696216960807899263979814742650524738    0.7956744595533571939972809394379589012535578291662898287552485865
0.0153684420444996093838721784532870917635771933200228778622046761    0.8113214822374616426657612788764447668278727593628796220135439080
0.0148024620772655182300193247183728299533642491874484108675845698    0.8264078032006628677803942380133261385927358099183385535871476525
0.0142262521770293274145372382388056130601564594924625259018306438    0.8409229963357633596600517225852964614265343540174386552070779593
0.0136402105611688828184622181036193882715958760319019074810438046    0.8548570302406757677669477638167430795460248471113684339526996101
0.0130447422418955709562996280018607915238811469036991149983317085    0.8682002751512354122825546234246638057130743585914596569835218860
0.0124402587464163958983606424773483620293337998503708972064440735    0.8809435095964961441415797096216499879080784168754869797232453707
0.0118271778326242016252099420676713610198425011216525587891378647    0.8930779267719349959727904088807556606045739438508912479925480309
0.0112059232005298580426642939640883295889593793146274144307468709    0.9045951406261997089488264481444241466562363231579206788040993821
0.0105769241996647892491437082051177229163755049400073316269480377    0.9154871916572537869329344449035843122128652015438203173258547404
0.0099406155327057967924401776853595851831047238277081417415413680    0.9257465524140128807250464532427500953984865249555674194380435137
0.0092974369556152003391011767913137398613710323469012325391501827    0.9353661326998367965387767250655827764243438939227952527130443890
0.0086478329746655815114541440918000022171176981429819478993787107    0.9443392844745684946864742622231448096292820056740815550909948529
0.0079922525408685281465553556254642982277953392344485354443777328    0.9526598064522470556271817657753328610513870205834754673004673556
0.0073311487426396689826413575163114360682512746804157633944625110    0.9603219483922777661007037528961904510026340727586628119003799652
0.0066649784982251841202180702995557191028063211473076984992733227    0.9673204150829741390050375355862604255242332315064243649447776676
0.0059942022510566758957624942506092876166944403944125646120124431    0.9736503700186117293438740172073002774947476460146270423529410757
0.0053192836754086555212486220579961624816413399597995466061329322    0.9793074387760658177820519711597280141295285401037995969820425479
0.0046406894115782001807256195017745391607728913665855169635843724    0.9842877121093537834089531547574674158594043064137463145902343077
0.0039588888872488875758425990981455191570356091083435493941897593    0.9885877488146591457358593720164523541001637963747894425102099411
0.0032743544188419284412575341509700190217486547353010742955287823    0.9922045785284274531208751292318376649129767304683506209786557271
0.0025875623974566360985227874864937491494949296754748479966654053    0.9951357050424424266961774624741270065574693855615272393629006247
0.0018989999495570068710840724711079436767221573364132054150461423    0.9973791127776005128024820958383263354283959565485810291724978706
0.0012092138838668839597359178674485845601606260337240104386340699    0.9989332936523244086475999222262285287249876689473532580236483589
0.0005196139568495561501404155025000942268944230331614372269611915    0.9997975190543788040314235186770809838874906495707368171352695900
