0.0005968458100592689205704414115552487790232538276237600657330837    -0.9997674225091642916364508819147279774599706643312353273810041476
0.0013888836401055027633440132497477973603136657980763826631086288    -0.9987747658332612254266049350060838289832577045286089789912279007
0.0021809926814320882044953040684755867400938550020514996737154003    -0.9969897274488898361247990821750760767603818264973033803039053443
0.0029714723870454505754779971015612053100338001957679965457693361    -0.9944133275105085882828139848496266271584163194850943495271125617
0.0037596137649040076107279451232983867079347012367165067381591812    -0.9910475625859756298666032980756720100879794346475141733533182908
0.0045447768298148010632127833647105657640334781713974531088704917    -0.9868950928640007554859672123655478590229739525789915917571757120
0.0053263345005165936467322420073562616036812409746753608886442678    -0.9819592107788917484749710715293015087357124974694174949735994626
0.0061036650681125731663864481941976911570110814625657023181694535    -0.9762438329420232837572514419090652564317924465210775128121798996
0.0068761509522934474877056720759858948671262066324865840694848060    -0.9697534955826925051609094622084372500176308920826156156976361519
0.0076431787024688048785507278408070006719999941460669884600969619    -0.9624933504647920663982251800183793968365067850566742718137875540
0.0084041393194693145800174825646587141338637639542304956472173475    -0.9544691606095651230379059203122300730563592175510293523877385592
0.0091584286750775583596166646765465246339381619975037372136935333    -0.9456872956387848494888403284602513929608085448265653545971546771
0.0099054479641732011817218161920550261332372718118117587515347177    -0.9361547266791976547956921495664173402433711199237924371930119527
0.0106446041672878820627077199538905247400358073863634397804742748    -0.9258790208085463389321715194117057668506095704274922478588583305
0.0113753105149727259842389155448053492293521245095914794744948385    -0.9148683350376863377521913981418717228755091238031799820240857269
0.0120969869502157172131995122556677358178596753993562874246581876    -0.9031314098290994864797337914076776672058293849690265749715088239
0.0128090605870335799859483069647304004879039662051538520712503133    -0.8906775621547898278489643565015133362445344343680792052588218209
0.0135109661641604976005071570010851348535078918311435815245955636    -0.8775166780979684380022340940497116413380639892852339712679686705
0.0142021464931173176063369035041207326610994728088411135761482173    -0.8636592050038086722255149520384750280011671534522661637545584391
0.0148820529001193485348911351080643337770124279533856807505860147    -0.8491161431851723378508518791331576398482563502549576194967321017
0.0155501456613706035872614908729886293599010712812011739931674589    -0.8338990371896996419016172241448090902764572453262170502128178425
0.0162058944313417874073269700779581970349230206348108415792293292    -0.8180199666350809018640474574301229207662582443755456349506977125
0.0168487786636587803367283169373194237590839585869589094426285636    -0.8014915366197148270811523959198275991407986011626739332330739809
0.0174782880242475907232296825607437363081277961190185457318397037    -0.7843268677163212138750314837153407693966401606055321326062856984
0.0180939227963955792060476024812324709575957008024281749043385025    -0.7665395855564226905609295245501864314497514345488806913381573038
0.0186951942773997217534491426898410569418671467827150721936639195    -0.7481438100139446921573756614847070621947165480466920201126457875
0.0192816251664821112630733274127955302109866387268799856323441446    -0.7291541439965072709650023329743840022333386949254944825456772655
0.0198527499436615364134601007173558709472958800629397818494064994    -0.7095856618532977845042619222304071693778290520326582444305148600
0.0204081152392782346760115165470560767558147050345290587987529681    -0.6894538974087205146174006066673321078673914372661197541279753582
0.0209472801938770310487639635270662213706665552930513280318941930    -0.6687748316313181122048518839247759204984664929902245637204357005
0.0214698168081621831276749239043721504026862377911365600125846944    -0.6475648799477504995340148631737069053007685538647614077860042738
0.0219753102827454375256574000215153210696499924505285162568060670    -0.6258408792118994578855175752735091678703517068002889462299156846
0.0224633593474171097667828772030735711420688289045627376756418895    -0.6036200743394414813298927789081885310589375186974629338696679024
0.0229335765796784568428630828385943476261493507039774514174344598    -0.5809201046184974500306892245363748040453762158661296855096880514
0.0233855887122822334800596863096487849224533063583054318959021579    -0.5577589897072251104754002050289059083584268680444188097287795182
0.0238190369295371169525045416640182876153469244703295157568002794    -0.5341551153294690765719018923787226940975524368850332836619975676
0.0242335771521406531974898981350942883983462463530596173769200733    -0.5101272186798229112602674754629496993116490022972085387340457170
0.0246288803103145180259276825683533531837230373750304729180766833    -0.4856943735496886393381893830434469891045384972653294686806565383
0.0250046326050251982469440766732062837739564979361171928149953632    -0.4608759751861406068847257728016031915350047197716223394836447079
0.0253605357570826739564299724924312933508555581050798380986258967    -0.4356917248956127731966541298787177004111453011036554565518168383
0.0256963072439193194924456497512634402049465888430896961493916531    -0.4101616144046311348406522893085764643154136487856423370234641702
0.0260116805238610303375508567866343946771379625272710294611349272    -0.3843059099900058815493745549861892607161898499134980219264397318
0.0263064052477125197293805675874722915480499000187763078885172933    -0.3581451363910809200988407815093868898604040067398584590248301202
0.0265802474574888047142938548353429275835724473506847418328219017    -0.3317000605168114318718240762375199160219921571721308792557753968
0.0268329897721351093307970796270459552792274792237236092764693460    -0.3049916749606030167795788089224435722714917285754888336955390366
0.0270644315600877447868198562974322135326842264798598418569576506    -0.2780411813359985924625555725870764125732384493015893590159702853
0.0272743890985389749513702884966050113938868776544662892862391045    -0.2508699734464414429528296820082278565125232141201586037943130171
0.0274626957192794321101335453764524078811258409890479909437743540    -0.2234996203024745330188188487808093732708847228761936442044310651
0.0276292019410023044951491630433269723797368349247806984958895427    -0.1959518489998573191641088332997853415914354696493435661380221371
0.0277737755879642652351551823111678456405780361682362178615090928    -0.1682485274721916999543081905377730549501679735827724631692317148
0.0278963018949089436314681605435140346162725439251533311354937017    -0.1404116471317483696423584763591084623606672591387959510914368289
0.0279966835981696455054978730955813507864456697929564494284656702    -0.1124633054122735910946896822975580474897905910656995848111795863
0.0280748410128790011762163147089980801849863450477504044827022704    -0.0844256882276342165054247878299091130755109232040555436656321334
0.0281307120962242487345438084932407414015102344403475843718113538    -0.0563210523602255956849879672306944273097441277752909478867911952
0.0281642524966979379590691728718038547502052420818582726280729033    -0.0281717077931227688863015630371909571596535276524084465031984485
0.0281754355893049576920663646722669351581469509090553355465835373    0.0000000000000000000000000000000000000000000000000000000000000000
0.0281642524966979379590691728718038547502052420818582726280729033    0.0281717077931227688863015630371909571596535276524084465031984485
0.0281307120962242487345438084932407414015102344403475843718113538    0.0563210523602255956849879672306944273097441277752909478867911952
0.0280748410128790011762163147089980801849863450477504044827022704    0.0844256882276342165054247878299091130755109232040555436656321334
0.0279966835981696455054978730955813507864456697929564494284656702    0.1124633054122735910946896822975580474897905910656995848111795863
0.0278963018949089436314681605435140346162725439251533311354937017    0.1404116471317483696423584763591084623606672591387959510914368289
0.0277737755879642652351551823111678456405780361682362178615090928    0.1682485274721916999543081905377730549501679735827724631692317148
0.0276292019410023044951491630433269723797368349247806984958895427    0.1959518489998573191641088332997853415914354696493435661380221371
0.0274626957192794321101335453764524078811258409890479909437743540    0.2234996203024745330188188487808093732708847228761936442044310651
0.0272743890985389749513702884966050113938868776544662892862391045    0.2508699734464414429528296820082278565125232141201586037943130171
0.0270644315600877447868198562974322135326842264798598418569576506    0.2780411813359985924625555725870764125732384493015893590159702853
0.0268329897721351093307970796270459552792274792237236092764693460    0.3049916749606030167795788089224435722714917285754888336955390366
0.0265802474574888047142938548353429275835724473506847418328219017    0.3317000605168114318718240762375199160219921571721308792557753968
0.0263064052477125197293805675874722915480499000187763078885172933    0.3581451363910809200988407815093868898604040067398584590248301202
0.0260116805238610303375508567866343946771379625272710294611349272    0.3843059099900058815493745549861892607161898499134980219264397318
0.0256963072439193194924456497512634402049465888430896961493916531    0.4101616144046311348406522893085764643154136487856423370234641702
0.0253605357570826739564299724924312933508555581050798380986258967    0.4356917248956127731966541298787177004111453011036554565518168383
0.0250046326050251982469440766732062837739564979361171928149953632    0.4608759751861406068847257728016031915350047197716223394836447079
0.0246288803103145180259276825683533531837230373750304729180766833    0.4856943735496886393381893830434469891045384972653294686806565383
0.0242335771521406531974898981350942883983462463530596173769200733    0.5101272186798229112602674754629496993116490022972085387340457170
0.0238190369295371169525045416640182876153469244703295157568002794    0.5341551153294690765719018923787226940975524368850332836619975676
0.0233855887122822334800596863096487849224533063583054318959021579    0.5577589897072251104754002050289059083584268680444188097287795182
0.0229335765796784568428630828385943476261493507039774514174344598    0.5809201046184974500306892245363748040453762158661296855096880514
0.0224633593474171097667828772030735711420688289045627376756418895    0.6036200743394414813298927789081885310589375186974629338696679024
0.0219753102827454375256574000215153210696499924505285162568060670    0.6258408792118994578855175752735091678703517068002889462299156846
0.0214698168081621831276749239043721504026862377911365600125846944    0.6475648799477504995340148631737069053007685538647614077860042738
0.0209472801938770310487639635270662213706665552930513280318941930    0.6687748316313181122048518839247759204984664929902245637204357005
0.0204081152392782346760115165470560767558147050345290587987529681    0.6894538974087205146174006066673321078673914372661197541279753582
0.0198527499436615364134601007173558709472958800629397818494064994    0.7095856618532977845042619222304071693778290520326582444305148600
0.0192816251664821112630733274127955302109866387268799856323441446    0.7291541439965072709650023329743840022333386949254944825456772655
0.0186951942773997217534491426898410569418671467827150721936639195    0.7481438100139446921573756614847070621947165480466920201126457875
0.0180939227963955792060476024812324709575957008024281749043385025    0.7665395855564226905609295245501864314497514345488806913381573038
0.0174782880242475907232296825607437363081277961190185457318397037    0.7843268677163212138750314837153407693966401606055321326062856984
0.0168487786636587803367283169373194237590839585869589094426285636    0.8014915366197148270811523959198275991407986011626739332330739809
0.0162058944313417874073269700779581970349230206348108415792293292    0.8180199666350809018640474574301229207662582443755456349506977125
0.0155501456613706035872614908729886293599010712812011739931674589    0.8338990371896996419016172241448090902764572453262170502128178425
0.0148820529001193485348911351080643337770124279533856807505860147    0.8491161431851723378508518791331576398482563502549576194967321017
0.0142021464931173176063369035041207326610994728088411135761482173    0.8636592050038086722255149520384750280011671534522661637545584391
0.0135109661641604976005071570010851348535078918311435815245955636    0.8775166780979684380022340940497116413380639892852339712679686705
0.0128090605870335799859483069647304004879039662051538520712503133    0.8906775621547898278489643565015133362445344343680792052588218209
0.0120969869502157172131995122556677358178596753993562874246581876    0.9031314098290994864797337914076776672058293849690265749715088239
0.0113753105149727259842389155448053492293521245095914794744948385    0.9148683350376863377521913981418717228755091238031799820240857269
0.0106446041672878820627077199538905247400358073863634397804742748    0.9258790208085463389321715194117057668506095704274922478588583305
0.0099054479641732011817218161920550261332372718118117587515347177    0.9361547266791976547956921495664173402433711199237924371930119527
0.0091584286750775583596166646765465246339381619975037372136935333    0.9456872956387848494888403284602513929608085448265653545971546771
0.0084041393194693145800174825646587141338637639542304956472173475    0.9544691606095651230379059203122300730563592175510293523877385592
0.0076431787024688048785507278408070006719999941460669884600969619    0.9624933504647920663982251800183793968365067850566742718137875540
0.0068761509522934474877056720759858948671262066324865840694848060    0.9697534955826925051609094622084372500176308920826156156976361519
0.0061036650681125731663864481941976911570110814625657023181694535    0.9762438329420232837572514419090652564317924465210775128121798996
0.0053263345005165936467322420073562616036812409746753608886442678    0.9819592107788917484749710715293015087357124974694174949735994626
0.0045447768298148010632127833647105657640334781713974531088704917    0.9868950928640007554859672123655478590229739525789915917571757120
0.0037596137649040076107279451232983867079347012367165067381591812    0.9910475625859756298666032980756720100879794346475141733533182908
0.0029714723870454505754779971015612053100338001957679965457693361    0.9944133275105085882828139848496266271584163194850943495271125617
0.0021809926814320882044953040684755867400938550020514996737154003    0.9969897274488898361247990821750760767603818264973033803039053443
0.0013888836401055027633440132497477973603136657980763826631086288    0.9987747658332612254266049350060838289832577045286089789912279007
0.0005968458100592689205704414115552487790232538276237600657330837    0.9997674225091642916364508819147279774599706643312353273810041476
