0.0003553783698973021662670250314274413320467592268517445784218576    -0.9998615191531727314871843066465800975144119659075110513415283286
0.0008270901866242601712790787071617995721265992117828259088458289    -0.9992704245570444862075957691547670266605277293635654124222682736
0.0012991098827427977367661292681429363259207994826587675421132940    -0.9982072932831173697997855959321176634147286797338033164344347124
0.0017705762513840431094725302432656217761634211249445847000716241    -0.9966723915670497906601557204019330290437665682768854345814986482
0.0022412179342025709076065889886748250301254459099078910423179686    -0.9946664159466305415629793904893281887395620029356000682324875929
0.0027108039403714585077918260583775547990937597365883608428970894    -0.9921903076476243554325419509640590277854864911463861759463127105
0.0031791100522086175896186763303831587326009935561115011519714987    -0.9892452347175480006176860940271600126024069801725493806504277834
0.0036459141511934646203478255250266255513342199972859880797605060    -0.9858325882264500931676242698803391931218336037847631930147255894
0.0041109952888100488691565063347825714937939603610255003970814245    -0.9819539807463436023423627489737535250237870574409332733132334368
0.0045741334998601247029294267354180472399561747932456032459562511    -0.9776112453019414779814311742982259281012574391696598856015176397
0.0050351098080770881466038620985235047813911280579126648103081340    -0.9728064343925926351638102692619151798423755704364518740504177452
0.0054937062916009306946768374114182854382776187888447575771069998    -0.9675418189733543507934093821699602417693690149172651783797725716
0.0059497061696651525003419495985215281305730260989212845896054274    -0.9618198873582729771812556393303985936093781124422564989645900036
0.0064028938974529685553380702108249176444506916958437364937207371    -0.9556433440322707612729504095397612666993597775915402811183557881
0.0068530552641803236706441081788555681253621996513689005748325367    -0.9490151083663122868504739800428431584402161418826019697387013489
0.0072999774923397061300214619287144817486981415738343442575657192    -0.9419383132337968904791681049067818537404429814307792075704540368
0.0077434493371604657911304846136905882731174539923016070973865718    -0.9344163035275458042622425027716373741944534263351725237632722683
0.0081832611858140867605148825380123792873089117319781729197550932    -0.9264526345774284979190541883398100028739357018642455466275232872
0.0086192051561056451795976251396502409670408835373684739801739223    -0.9180510704690243948138754346183128899463867881220366827909013597
0.0090510751944940590342293174388134557693948305129811682929012257    -0.9092155822639182407402905062705003592239075784110194570080800010
0.0094786671733345320801947692977836965295598541321703636763735782    -0.8999503461223566016022787261441360097376584280959537875353770337
0.0099017789872632450448297407709426969377524746833563837328452055    -0.8902597413290848670556809282517723245949801413898938769190935744
0.0103202106486589591412662149471475523459646462617694381178484902    -0.8801483482232560783131385450236741972364893223535872830779814211
0.0107337643821245714795775657890498704944837781909413278606963079    -0.8696209460333636761369873405062212601524943534462793630066836431
0.0111422447179366949642675908548866036422316626799668337873398229    -0.8586825106182045073375821432007023351738075848417581745268180835
0.0115454585844145252606403232236434184027151167078138404683355943    -0.8473382121149286476450166444740520076444601399885448769793518459
0.0119432153991614054438158530509329108226185251709151177368954268    -0.8355934124952801976304471862520780961161225374211115633168998905
0.0123353271591340459433973175202549370094105674558746142782476161    -0.8234536630311789866309979515717038819160992681102713030396621004
0.0127216085294955525886623091527482425576319341252865544514704306    -0.8109247016708375422817586525785592023854712804363018502908198084
0.0131018769312094032390890382873361952150368342427832699232357570    -0.7980124503266510235410833206461489814657348639023680117369928264
0.0134759526273323790370434274371473413262712002158292682711240464    -0.7847230120761402341899675237209698895095994132356061790097191504
0.0138436588079652512709867951539647630767999339407047820428974620    -0.7710626682772694259381479190684251775633814338300158103365797846
0.0142048216738207808350184330252054422277026081442000118226880845    -0.7570378755995014189975192777844556896741662082544050145307319634
0.0145592705183693240507169855166599761282960854978554122682444170    -0.7426552629719926416112699333797140630293702022302059660720565157
0.0149068378085230686488144043242328144318531681510458969272462755    -0.7279216284503700310681605363481548002610367221947108191236324776
0.0152473592638206549468728558542927242016433834006036315478458722    -0.7128439360035703496620870078683019441379383259431965374177758249
0.0155806739340746748120146424841112099559233297126888641945435146    -0.6974293122222603459294656493082706810091966764169997683106564372
0.0159066242754452881462574095844564681394571432047515408991068881    -0.6816850429503933262350422699175681150621962880595574844668372469
0.0162250562249039554698737097203210932226110306839718124824161626    -0.6656185698414940836585823011543866356646089607457001860722648058
0.0165358192730520570156168054512854893977841355869909907698284877    -0.6492374868412997477633125233088901578391757661905907060633480016
0.0168387665352599543696931758770786859290511577328605757684011416    -0.6325495365984189567738071868040994366700186345507928079253944847
0.0171337548210928505346696340328963527705166423909110141970122701    -0.6155626068047057989310049900168675180013730683384957595215355959
0.0174206447019906185314258695835431491953585065101252954183265945    -0.5982847264670782079989410231930001217094318099902211450325030796
0.0176993005771695973178625133939348171335201406216891711553926518    -0.5807240621125429146491156181795896744567350621222220097846352315
0.0179695907377151967770004551488908012003510891932755957499346146    -0.5628889139282206363692751143378765271022457634125243925878987782
0.0182313874288350106255704083814466577055761221491860932978598594    -0.5447877118381959194087177427922157859471587085803390792783282196
0.0184845669102430070623513048808663057624627582162227263777825117    -0.5264290115190459130809559488929464571726732441658082670596784349
0.0187290095146462515127453259596586341516112153264628909496531833    -0.5078214903559313457739194634878242360045076785560639971926420579
0.0189645997043065135963977196106302277014383494962170828797690687    -0.4889739433411610698642248591918029135647184745700035901628433030
0.0191912261256500210848720640140552801642977044511595624175903182    -0.4698952789171687363418831885528102076802186901333727105267652085
0.0194087816618995467418690014068332332520127247946287765492011651    -0.4505945147658664366460026016227433354752148043785456831063505426
0.0196171634837039491474595233627304847872956819446845598353715688    -0.4310807735463654967048912230745170929445550761601721290836939781
0.0198162730977412354844774581769973163774200806987787499346494584    -0.4113632785830790145888153289113635414720604191682049846594176455
0.0200060163932721723820414371049161466191158395988148851713622136    -0.3914513495062441870657012463170655657017414818423488308051748438
0.0201863036866224398306501333321639934383196382236076747287381680    -0.3713543978469249606771175068334313524850800432357849768135635994
0.0203570497635723024592982050413448698661240507247471919405987431    -0.3510819225885770591436777228469817883625934610357659493629611867
0.0205181739196337616439221514322367694014851782885869280487398138    -0.3306435056772779708352788172918643262848876893006933159281808463
0.0206695999981961505378258590116815572583824483628042234612314428    -0.3100488074927440180291370355066359360654029472321155636820592935
0.0208112564265221417121598995362143948885000439286028236033371222    -0.2893075622822751645176485967812395623985097015786233814788137615
0.0209430762495771531962035852997337958163566587726386712716174347    -0.2684295735597857410780842171140987584949667619708435564672930342
0.0210649971616761628363471277364837812461373389350987722786423217    -0.2474247094720957711107718041379787488932573796687564400013570432
0.0211769615359329725680031033743074500803616702008518023538202050    -0.2263028981346730536045415447438278250358130289244961786690436006
0.0212789164514980029307747010878369455977492459512225656118128747    -0.2050741229390306001939985491272377443274266841827542402633558320
0.0213708137185717434648795045593457812408027161554570548373470546    -0.1837484178339974206161796665855101717715935682038486193811002974
0.0214526099011820360134273277710684683614019199005127171080825129    -0.1623358625830930000288177059655172309430143954695147784780674904
0.0215242663377144249248890883313626741318510462168076061785369108    -0.1408465780002471065874947106232145798911709766900772100550887040
0.0215857491591858702043272214918909000547487880001090769408716421    -0.1192907211661168030603732851964393912705683664056514183606023570
0.0216370293052531862994696866271356436734984786438552345126823115    -0.0976784806272617072528617156301974984762433994830187157069206017
0.0216780825379486399249811382292397041413542590214811179654362183    -0.0760200715804466482887951823678015429336745560259138847478465104
0.0217088894531362146197634202504560664859812382986196905501497239    -0.0543257310443478955223596102829967409461070991257174100284018063
0.0217294354896831270904770447326677902936548629622918026353187931    -0.0326057130209450907153656683138549005639856231572953324121540945
0.0217397109363422603108745073942623431887379730564102329287069365    -0.0108702836488858892950222525887566255011597440353847022354275553
0.0217397109363422603108745073942623431887379730564102329287069365    0.0108702836488858892950222525887566255011597440353847022354275553
0.0217294354896831270904770447326677902936548629622918026353187931    0.0326057130209450907153656683138549005639856231572953324121540945
0.0217088894531362146197634202504560664859812382986196905501497239    0.0543257310443478955223596102829967409461070991257174100284018063
0.0216780825379486399249811382292397041413542590214811179654362183    0.0760200715804466482887951823678015429336745560259138847478465104
0.0216370293052531862994696866271356436734984786438552345126823115    0.0976784806272617072528617156301974984762433994830187157069206017
0.0215857491591858702043272214918909000547487880001090769408716421    0.1192907211661168030603732851964393912705683664056514183606023570
0.0215242663377144249248890883313626741318510462168076061785369108    0.1408465780002471065874947106232145798911709766900772100550887040
0.0214526099011820360134273277710684683614019199005127171080825129    0.1623358625830930000288177059655172309430143954695147784780674904
0.0213708137185717434648795045593457812408027161554570548373470546    0.1837484178339974206161796665855101717715935682038486193811002974
0.0212789164514980029307747010878369455977492459512225656118128747    0.2050741229390306001939985491272377443274266841827542402633558320
0.0211769615359329725680031033743074500803616702008518023538202050    0.2263028981346730536045415447438278250358130289244961786690436006
0.0210649971616761628363471277364837812461373389350987722786423217    0.2474247094720957711107718041379787488932573796687564400013570432
0.0209430762495771531962035852997337958163566587726386712716174347    0.2684295735597857410780842171140987584949667619708435564672930342
0.0208112564265221417121598995362143948885000439286028236033371222    0.2893075622822751645176485967812395623985097015786233814788137615
0.0206695999981961505378258590116815572583824483628042234612314428    0.3100488074927440180291370355066359360654029472321155636820592935
0.0205181739196337616439221514322367694014851782885869280487398138    0.3306435056772779708352788172918643262848876893006933159281808463
0.0203570497635723024592982050413448698661240507247471919405987431    0.3510819225885770591436777228469817883625934610357659493629611867
0.0201863036866224398306501333321639934383196382236076747287381680    0.3713543978469249606771175068334313524850800432357849768135635994
0.0200060163932721723820414371049161466191158395988148851713622136    0.3914513495062441870657012463170655657017414818423488308051748438
0.0198162730977412354844774581769973163774200806987787499346494584    0.4113632785830790145888153289113635414720604191682049846594176455
0.0196171634837039491474595233627304847872956819446845598353715688    0.4310807735463654967048912230745170929445550761601721290836939781
0.0194087816618995467418690014068332332520127247946287765492011651    0.4505945147658664366460026016227433354752148043785456831063505426
0.0191912261256500210848720640140552801642977044511595624175903182    0.4698952789171687363418831885528102076802186901333727105267652085
0.0189645997043065135963977196106302277014383494962170828797690687    0.4889739433411610698642248591918029135647184745700035901628433030
0.0187290095146462515127453259596586341516112153264628909496531833    0.5078214903559313457739194634878242360045076785560639971926420579
0.0184845669102430070623513048808663057624627582162227263777825117    0.5264290115190459130809559488929464571726732441658082670596784349
0.0182313874288350106255704083814466577055761221491860932978598594    0.5447877118381959194087177427922157859471587085803390792783282196
0.0179695907377151967770004551488908012003510891932755957499346146    0.5628889139282206363692751143378765271022457634125243925878987782
0.0176993005771695973178625133939348171335201406216891711553926518    0.5807240621125429146491156181795896744567350621222220097846352315
0.0174206447019906185314258695835431491953585065101252954183265945    0.5982847264670782079989410231930001217094318099902211450325030796
0.0171337548210928505346696340328963527705166423909110141970122701    0.6155626068047057989310049900168675180013730683384957595215355959
0.0168387665352599543696931758770786859290511577328605757684011416    0.6325495365984189567738071868040994366700186345507928079253944847
0.0165358192730520570156168054512854893977841355869909907698284877    0.6492374868412997477633125233088901578391757661905907060633480016
0.0162250562249039554698737097203210932226110306839718124824161626    0.6656185698414940836585823011543866356646089607457001860722648058
0.0159066242754452881462574095844564681394571432047515408991068881    0.6816850429503933262350422699175681150621962880595574844668372469
0.0155806739340746748120146424841112099559233297126888641945435146    0.6974293122222603459294656493082706810091966764169997683106564372
0.0152473592638206549468728558542927242016433834006036315478458722    0.7128439360035703496620870078683019441379383259431965374177758249
0.0149068378085230686488144043242328144318531681510458969272462755    0.7279216284503700310681605363481548002610367221947108191236324776
0.0145592705183693240507169855166599761282960854978554122682444170    0.7426552629719926416112699333797140630293702022302059660720565157
0.0142048216738207808350184330252054422277026081442000118226880845    0.7570378755995014189975192777844556896741662082544050145307319634
0.0138436588079652512709867951539647630767999339407047820428974620    0.7710626682772694259381479190684251775633814338300158103365797846
0.0134759526273323790370434274371473413262712002158292682711240464    0.7847230120761402341899675237209698895095994132356061790097191504
0.0131018769312094032390890382873361952150368342427832699232357570    0.7980124503266510235410833206461489814657348639023680117369928264
0.0127216085294955525886623091527482425576319341252865544514704306    0.8109247016708375422817586525785592023854712804363018502908198084
0.0123353271591340459433973175202549370094105674558746142782476161    0.8234536630311789866309979515717038819160992681102713030396621004
0.0119432153991614054438158530509329108226185251709151177368954268    0.8355934124952801976304471862520780961161225374211115633168998905
0.0115454585844145252606403232236434184027151167078138404683355943    0.8473382121149286476450166444740520076444601399885448769793518459
0.0111422447179366949642675908548866036422316626799668337873398229    0.8586825106182045073375821432007023351738075848417581745268180835
0.0107337643821245714795775657890498704944837781909413278606963079    0.8696209460333636761369873405062212601524943534462793630066836431
0.0103202106486589591412662149471475523459646462617694381178484902    0.8801483482232560783131385450236741972364893223535872830779814211
0.0099017789872632450448297407709426969377524746833563837328452055    0.8902597413290848670556809282517723245949801413898938769190935744
0.0094786671733345320801947692977836965295598541321703636763735782    0.8999503461223566016022787261441360097376584280959537875353770337
0.0090510751944940590342293174388134557693948305129811682929012257    0.9092155822639182407402905062705003592239075784110194570080800010
0.0086192051561056451795976251396502409670408835373684739801739223    0.9180510704690243948138754346183128899463867881220366827909013597
0.0081832611858140867605148825380123792873089117319781729197550932    0.9264526345774284979190541883398100028739357018642455466275232872
0.0077434493371604657911304846136905882731174539923016070973865718    0.9344163035275458042622425027716373741944534263351725237632722683
0.0072999774923397061300214619287144817486981415738343442575657192    0.9419383132337968904791681049067818537404429814307792075704540368
0.0068530552641803236706441081788555681253621996513689005748325367    0.9490151083663122868504739800428431584402161418826019697387013489
0.0064028938974529685553380702108249176444506916958437364937207371    0.9556433440322707612729504095397612666993597775915402811183557881
0.0059497061696651525003419495985215281305730260989212845896054274    0.9618198873582729771812556393303985936093781124422564989645900036
0.0054937062916009306946768374114182854382776187888447575771069998    0.9675418189733543507934093821699602417693690149172651783797725716
0.0050351098080770881466038620985235047813911280579126648103081340    0.9728064343925926351638102692619151798423755704364518740504177452
0.0045741334998601247029294267354180472399561747932456032459562511    0.9776112453019414779814311742982259281012574391696598856015176397
0.0041109952888100488691565063347825714937939603610255003970814245    0.9819539807463436023423627489737535250237870574409332733132334368
0.0036459141511934646203478255250266255513342199972859880797605060    0.9858325882264500931676242698803391931218336037847631930147255894
0.0031791100522086175896186763303831587326009935561115011519714987    0.9892452347175480006176860940271600126024069801725493806504277834
0.0027108039403714585077918260583775547990937597365883608428970894    0.9921903076476243554325419509640590277854864911463861759463127105
0.0022412179342025709076065889886748250301254459099078910423179686    0.9946664159466305415629793904893281887395620029356000682324875929
0.0017705762513840431094725302432656217761634211249445847000716241    0.9966723915670497906601557204019330290437665682768854345814986482
0.0012991098827427977367661292681429363259207994826587675421132940    0.9982072932831173697997855959321176634147286797338033164344347124
0.0008270901866242601712790787071617995721265992117828259088458289    0.9992704245570444862075957691547670266605277293635654124222682736
0.0003553783698973021662670250314274413320467592268517445784218576    0.9998615191531727314871843066465800975144119659075110513415283286
