0.0009473355981619272667712463638545712454356918770144519937726991    -0.9996308360562706557813233052143053653865843837346133221167917259
0.0022040585631436966285400504486356764720128002954501624401168681    -0.9980554080532496776060024472758708115481920678849610368949280283
0.0034598676678627964239753661453720451558357229278278502540387383    -0.9952231758879888707811011796861375378145966321563696920172091159
0.0047114792795986617430218146891003059809657352919418606278053325    -0.9911370781540155551116121989992722269664389250613740864291920285
0.0059571869961380465831293849318471700458824948321511239760617855    -0.9858021860877635522839357518414275217870346740906429874461696365
0.0071953984597963720597599583216808333756467304367141874923533013    -0.9792252031542967037768923128938969762686138891989735383636313127
0.0084245474927024730150985812762044743445239712924511404091140245    -0.9714144101413222764803675108661491710921164347123017292390102433
0.0096430833220532044007701902656243572666585907876333708664246247    -0.9623796460637706829898878371169891580080931050497428806710513452
0.0108494697754292712594018436429298723001815506766989688880036045    -0.9521322934638021125220332396796963182449324934832380866558188643
0.0120421864395812123097395529418040787809847198282815244830877864    -0.9406852633026435452620051314767106191464036977834787270333369618
0.0132197303136279117081813349508989914718121700127887443040939267    -0.9280529783946920555805033804970968895532397515344755255995708647
0.0143806176012999442359345921216224050120562904659973971681467366    -0.9142513551045271913399780958460472109136960247264512699591769913
0.0155233855369335538401648163475402111118620810031264212404024002    -0.8992977832300570548446729064985504245951496338992050883241616076
0.0166465942082176560451128233344095567697192902843812941382063587    -0.8832111040594505816237219654078300809345266132252879129183289388
0.0177488283603240745564950651508932551005104397831604583603608266    -0.8660115866137813340229132745595044141698575953076290069521288906
0.0188286991737554513947100394321205214392487174939884546768678938    -0.8477209020982090871970145183427444848327935291761047345543683736
0.0198848460112741132436009993080911084618122211924569780067976851    -0.8283620965904562448508381900936740777914923936114813256043130994
0.0209159381305766242322542794019033036623100879566828222304022219    -0.8079595619992364918245331261344109272609422485452563035482667873
0.0219206763599898535956343880689520662321049555121511456747997497    -0.7865390053282871574799789733814702560457057387474569541443896581
0.0228977947347811423272477950965091380866088928538746898980538166    -0.7641274162842068419675973897727462249726342063396445747196629690
0.0238460620918596612635786196630022409325371012528095238499060605    -0.7407530332686077735817674339146880647550479140447801639706496852
0.0247642836207687330253214953251406589360170419239252665815325816    -0.7164453077972504856599418898026702914012469525114343264225144216
0.0256513023689619478847793550240758632861712457730974922599809053    -0.6912348673908804380203430734460429883079207032607566613858489863
0.0265060006994347377214089018936688661016683362381880609219908016    -0.6651534769844531722219936700536209165302863744043789236074911777
0.0273273016988553308356238087979413937524079111887436483249834409    -0.6382339989033264502835407402893428548357607650456508153866676931
0.0281141705344086134915789398240334656162605925454933442732380028    -0.6105103514568189862395872710316177058704688756588554927495303075
0.0288656157576354292464769854544929165351360366820725164570827049    -0.5820174662012873575807583235459321647006146345523768002098222753
0.0295806905536193491133523956018877656234313908787835483590076834    -0.5527912439265554727971758222401956384232080890373240516188723315
0.0302584939339435253351374324604073600561601942335557421965867017    -0.5228685094211437537270451790761906828826726180047259084838709645
0.0308981718719121976337028795634572098425758138740644667072674493    -0.4922869650732867228858874884822865469943729389899742249229079130
0.0314989183786048923200417516427941725300124296778586517825199794    -0.4610851433661965106127512773049428102771203876043164411161606779
0.0320599765184063880692669641769384810712027174849446107882871100    -0.4293023583274243702110245854787653667994115934442458342274749478
0.0325806393627321086862394297547169330052777499986105223262803146    -0.3969786559934910502459838038206881543871377826526026844397036911
0.0330602508807467001452807467610328162216104951597634597729406636    -0.3641547639521982878153011426160489240769257778246888296555018656
0.0334982067659530925280651621502652463016540939604318748689534193    -0.3308720400261962751091255776470247050448346340182393118466866987
0.0338939551976102592398925375054796215224274268059331198813269649    -0.2971724201624643055875422701679692872586181133798401313693170099
0.0342469975360200787373695975885978553509224580201145497664660681    -0.2630983655933626002284980103471056463281416999257644497625240466
0.0345568889508070841348653139789570453060301383379540643783006368    -0.2286928093358313138964011042720926587776024630365329276222692097
0.0348232389813993549931290463186540148591281191774683626459923437    -0.1939991020961467885779600577048022239128433651729568288095759695
0.0350457120290042613965862097017689665478360421364927988238062495    -0.1590609576483942159440910627307367610743154394863952172995167208
0.0352240277794591085328786718524109618300554470040637457625660518    -0.1239223977554790616476219097525358182964793879688769991010549793
0.0353579615564238437936690271432532118430600658581031381406583723    -0.0886276967020760588046135404284702295483982880318106954439558612
0.0354473446044707697061431526180094607083247197468516178576796786    -0.0532213255094035765219642014163975024377917439443705788317667874
0.0354920643017145452960674529590195299039192772359028261437354345    -0.0177478959021120982889020913579522553070664842012846696533370508
0.0354920643017145452960674529590195299039192772359028261437354345    0.0177478959021120982889020913579522553070664842012846696533370508
0.0354473446044707697061431526180094607083247197468516178576796786    0.0532213255094035765219642014163975024377917439443705788317667874
0.0353579615564238437936690271432532118430600658581031381406583723    0.0886276967020760588046135404284702295483982880318106954439558612
0.0352240277794591085328786718524109618300554470040637457625660518    0.1239223977554790616476219097525358182964793879688769991010549793
0.0350457120290042613965862097017689665478360421364927988238062495    0.1590609576483942159440910627307367610743154394863952172995167208
0.0348232389813993549931290463186540148591281191774683626459923437    0.1939991020961467885779600577048022239128433651729568288095759695
0.0345568889508070841348653139789570453060301383379540643783006368    0.2286928093358313138964011042720926587776024630365329276222692097
0.0342469975360200787373695975885978553509224580201145497664660681    0.2630983655933626002284980103471056463281416999257644497625240466
0.0338939551976102592398925375054796215224274268059331198813269649    0.2971724201624643055875422701679692872586181133798401313693170099
0.0334982067659530925280651621502652463016540939604318748689534193    0.3308720400261962751091255776470247050448346340182393118466866987
0.0330602508807467001452807467610328162216104951597634597729406636    0.3641547639521982878153011426160489240769257778246888296555018656
0.0325806393627321086862394297547169330052777499986105223262803146    0.3969786559934910502459838038206881543871377826526026844397036911
0.0320599765184063880692669641769384810712027174849446107882871100    0.4293023583274243702110245854787653667994115934442458342274749478
0.0314989183786048923200417516427941725300124296778586517825199794    0.4610851433661965106127512773049428102771203876043164411161606779
0.0308981718719121976337028795634572098425758138740644667072674493    0.4922869650732867228858874884822865469943729389899742249229079130
0.0302584939339435253351374324604073600561601942335557421965867017    0.5228685094211437537270451790761906828826726180047259084838709645
0.0295806905536193491133523956018877656234313908787835483590076834    0.5527912439265554727971758222401956384232080890373240516188723315
0.0288656157576354292464769854544929165351360366820725164570827049    0.5820174662012873575807583235459321647006146345523768002098222753
0.0281141705344086134915789398240334656162605925454933442732380028    0.6105103514568189862395872710316177058704688756588554927495303075
0.0273273016988553308356238087979413937524079111887436483249834409    0.6382339989033264502835407402893428548357607650456508153866676931
0.0265060006994347377214089018936688661016683362381880609219908016    0.6651534769844531722219936700536209165302863744043789236074911777
0.0256513023689619478847793550240758632861712457730974922599809053    0.6912348673908804380203430734460429883079207032607566613858489863
0.0247642836207687330253214953251406589360170419239252665815325816    0.7164453077972504856599418898026702914012469525114343264225144216
0.0238460620918596612635786196630022409325371012528095238499060605    0.7407530332686077735817674339146880647550479140447801639706496852
0.0228977947347811423272477950965091380866088928538746898980538166    0.7641274162842068419675973897727462249726342063396445747196629690
0.0219206763599898535956343880689520662321049555121511456747997497    0.7865390053282871574799789733814702560457057387474569541443896581
0.0209159381305766242322542794019033036623100879566828222304022219    0.8079595619992364918245331261344109272609422485452563035482667873
0.0198848460112741132436009993080911084618122211924569780067976851    0.8283620965904562448508381900936740777914923936114813256043130994
0.0188286991737554513947100394321205214392487174939884546768678938    0.8477209020982090871970145183427444848327935291761047345543683736
0.0177488283603240745564950651508932551005104397831604583603608266    0.8660115866137813340229132745595044141698575953076290069521288906
0.0166465942082176560451128233344095567697192902843812941382063587    0.8832111040594505816237219654078300809345266132252879129183289388
0.0155233855369335538401648163475402111118620810031264212404024002    0.8992977832300570548446729064985504245951496338992050883241616076
0.0143806176012999442359345921216224050120562904659973971681467366    0.9142513551045271913399780958460472109136960247264512699591769913
0.0132197303136279117081813349508989914718121700127887443040939267    0.9280529783946920555805033804970968895532397515344755255995708647
0.0120421864395812123097395529418040787809847198282815244830877864    0.9406852633026435452620051314767106191464036977834787270333369618
0.0108494697754292712594018436429298723001815506766989688880036045    0.9521322934638021125220332396796963182449324934832380866558188643
0.0096430833220532044007701902656243572666585907876333708664246247    0.9623796460637706829898878371169891580080931050497428806710513452
0.0084245474927024730150985812762044743445239712924511404091140245    0.9714144101413222764803675108661491710921164347123017292390102433
0.0071953984597963720597599583216808333756467304367141874923533013    0.9792252031542967037768923128938969762686138891989735383636313127
0.0059571869961380465831293849318471700458824948321511239760617855    0.9858021860877635522839357518414275217870346740906429874461696365
0.0047114792795986617430218146891003059809657352919418606278053325    0.9911370781540155551116121989992722269664389250613740864291920285
0.0034598676678627964239753661453720451558357229278278502540387383    0.9952231758879888707811011796861375378145966321563696920172091159
0.0022040585631436966285400504486356764720128002954501624401168681    0.9980554080532496776060024472758708115481920678849610368949280283
0.0009473355981619272667712463638545712454356918770144519937726991    0.9996308360562706557813233052143053653865843837346133221167917259
