0.0008862412406694141765834289972726599520958736298642184831987019    -0.9996546450765761303829892275155975636568327430776051544480598493
0.0020619871220322296606820795195725585024311333113774898612232354    -0.9981807925905347546732201400202058972977991577942825071161871560
0.0032370455079721049770994568971198503049997144987890608735293929    -0.9955310425053524536893831182064874353682566026891658996313603855
0.0044084397473026768190629983385414536997937839875157781679029280    -0.9917079288172771015676202550322383746485650275779506604216051701
0.0055746680474797889978318064868009040600173356043204775965782793    -0.9867158857234697869079363859374221616413163719423701130232862421
0.0067343344322688846652611335459072909161533751890935553300134508    -0.9805607802412134390368627999577545923625094020293757820475798399
0.0078860663146289015996306108892406060884303544955769877901818495    -0.9732498618306907343224675237546136700968266903093918296839164132
0.0090285041892344877489133819327914156434210857268059021986026448    -0.9647917457472760757764951037027872554669900754723820808131892752
0.0101603006544154767288921934943550926128171904912380229914886925    -0.9551964007322763638740218972722054219903469788661769821506374385
0.0112801212737696829834087179980630542430021030470155838306798687    -0.9444751365457186680627914812826617495801528829938970031242074875
0.0123866459035567430545350604226045112892290973663499998694822536    -0.9326405903562644066122144878535069313601653089567850653479040598
0.0134785701538309791943186223122484981990054694635986026510791254    -0.9197067117234504881413306047894592878007249926544572985950109946
0.0145546068852086960848410704762550702727804185334244784498506339    -0.9056887460965718650025805327519260965898931920717519136667692718
0.0156134877070500597509505933242811286807898278968471806005373882    -0.8906032168143974037914986659856750513577606790544438795058097019
0.0166539644630612401722580235803609704912632494613275528375320229    -0.8744679056122303858936046436937012010018778813173530183146960082
0.0176748106975219050603720454334554189656653300618436211112546421    -0.8573018316526425790781844101589147319073891181389143724441344582
0.0186748230981681254217856193941925408141254451443451447801204344    -0.8391252291013870317961184614567263832229395542001544737452326085
0.0196528229129691466047416647999719627107443400340535406326357159    -0.8199595232732803339763181641868446963094167581731689911154519109
0.0206076573385984607404589736591263832222765493459553409886673445    -0.7998273053752922406504902518144836927506547954138037095437778140
0.0215382008786856662962243403468892470171136865319959731459321389    -0.7787523058761223446946529107160299233272543814930520232907414418
0.0224433566700973733733212220292209693655822913963422219167134670    -0.7567593665333692885926067316529729088095842013044944442671595873
0.0233220577755988028359959975895073302386711661502887587750654511    -0.7338744111110947822544678013137689180819579013047376653504636303
0.0241732684413228794222178583147201531346765351896055427661282330    -0.7101244148221938717431454957957529229009564016286528862435638196
0.0249959853175349574325614967907158596403817401844084144682473195    -0.6855373725315246551463442029411483138703737833154640679180859276
0.0257892386412360161887900090311699429266509670824634086288689373    -0.6601422657572347901902645524401856035148550441428938909530397097
0.0265520933791989081030792151327225326056527605063963825488984948    -0.6339690285091532814988036977319929669169400345310685884322821471
0.0272836503300829802789898375829604098969303738068740136283349842    -0.6070485120044960527782355949832291887443201149066794701838232336
0.0279830471843231663811858831870769685245650800749738132106186750    -0.5794124483024631323257919600769632979570746122863564269458660041
0.0286494595405410243964962673113874105284893803785312382677608723    -0.5510934129005835598422078451147413936195314119289965755702089112
0.0292821018772774797182639980807793917880055682270224648540900370    -0.5221247863368905884732570497000453183557583756478098583679554802
0.0298802284789003749327712041007182878189814614496390561293979497    -0.4925407148431834175618217556019730992285034231894201055391351488
0.0304431343145943949034471720292737282551903053750670198326426625    -0.4623760700957514516382465160741523230281614733999407104543231479
0.0309701558693965442156188365137847193829757644844464189580217660    -0.4316664081110018031861727630869801796936945625734733387852571402
0.0314606719262970885451903345434205879746677448852380541553953934    -0.4004479273344393050303252064064159335351656301258597502443794141
0.0319141042984836972885987663847741626553157151586982074446418203    -0.3687574259723995628623884633209036788840879225792849899172472772
0.0323299185108653944840938951895890336840711811183345206986736163    -0.3366322586168284910129424408296188794410215746374576438211091718
0.0327076244300727829484204260248188797889491842292266387272862582    -0.3041102922142353184625963127809014246565239705192179971000165407
0.0330467768421917912001690503238481403757599048887767553506169525    -0.2712298614307192693900851319520147373892213288458375802595916582
0.0333469759775498386369783522266903814507369529274573235990713854    -0.2380297234656821189925504959731619313261512356236994147346086212
0.0336078679819357531098242472905126817649150710714016725246327709    -0.2045490123674887736568510606192490299633594151545833352722587650
0.0338291453336979357936561995652978109665323713010702081928261413    -0.1708271929049251672183556002317338021919297319937291557352112932
0.0340105472062290786654886655310021184743984962307685266027513991    -0.1369040140488264160206218077153594482077709397384994411384758924
0.0341518597754101261856745006332986155398462361462170207835719986    -0.1028194621187077219206248414656956673670562076275119445994379169
0.0342529164716510600671922464499929051274844370838388178163654448    -0.0686137136496254157503652228138108699089989056092946651794228700
0.0343135981762313985724201959451169968701785654191522673301887841    -0.0343270880348253308469914158137768990152474437851910778568215893
0.0343338333617089631634046006970987270684707628248454411973968847    0.0000000000000000000000000000000000000000000000000000000000000000
0.0343135981762313985724201959451169968701785654191522673301887841    0.0343270880348253308469914158137768990152474437851910778568215893
0.0342529164716510600671922464499929051274844370838388178163654448    0.0686137136496254157503652228138108699089989056092946651794228700
0.0341518597754101261856745006332986155398462361462170207835719986    0.1028194621187077219206248414656956673670562076275119445994379169
0.0340105472062290786654886655310021184743984962307685266027513991    0.1369040140488264160206218077153594482077709397384994411384758924
0.0338291453336979357936561995652978109665323713010702081928261413    0.1708271929049251672183556002317338021919297319937291557352112932
0.0336078679819357531098242472905126817649150710714016725246327709    0.2045490123674887736568510606192490299633594151545833352722587650
0.0333469759775498386369783522266903814507369529274573235990713854    0.2380297234656821189925504959731619313261512356236994147346086212
0.0330467768421917912001690503238481403757599048887767553506169525    0.2712298614307192693900851319520147373892213288458375802595916582
0.0327076244300727829484204260248188797889491842292266387272862582    0.3041102922142353184625963127809014246565239705192179971000165407
0.0323299185108653944840938951895890336840711811183345206986736163    0.3366322586168284910129424408296188794410215746374576438211091718
0.0319141042984836972885987663847741626553157151586982074446418203    0.3687574259723995628623884633209036788840879225792849899172472772
0.0314606719262970885451903345434205879746677448852380541553953934    0.4004479273344393050303252064064159335351656301258597502443794141
0.0309701558693965442156188365137847193829757644844464189580217660    0.4316664081110018031861727630869801796936945625734733387852571402
0.0304431343145943949034471720292737282551903053750670198326426625    0.4623760700957514516382465160741523230281614733999407104543231479
0.0298802284789003749327712041007182878189814614496390561293979497    0.4925407148431834175618217556019730992285034231894201055391351488
0.0292821018772774797182639980807793917880055682270224648540900370    0.5221247863368905884732570497000453183557583756478098583679554802
0.0286494595405410243964962673113874105284893803785312382677608723    0.5510934129005835598422078451147413936195314119289965755702089112
0.0279830471843231663811858831870769685245650800749738132106186750    0.5794124483024631323257919600769632979570746122863564269458660041
0.0272836503300829802789898375829604098969303738068740136283349842    0.6070485120044960527782355949832291887443201149066794701838232336
0.0265520933791989081030792151327225326056527605063963825488984948    0.6339690285091532814988036977319929669169400345310685884322821471
0.0257892386412360161887900090311699429266509670824634086288689373    0.6601422657572347901902645524401856035148550441428938909530397097
0.0249959853175349574325614967907158596403817401844084144682473195    0.6855373725315246551463442029411483138703737833154640679180859276
0.0241732684413228794222178583147201531346765351896055427661282330    0.7101244148221938717431454957957529229009564016286528862435638196
0.0233220577755988028359959975895073302386711661502887587750654511    0.7338744111110947822544678013137689180819579013047376653504636303
0.0224433566700973733733212220292209693655822913963422219167134670    0.7567593665333692885926067316529729088095842013044944442671595873
0.0215382008786856662962243403468892470171136865319959731459321389    0.7787523058761223446946529107160299233272543814930520232907414418
0.0206076573385984607404589736591263832222765493459553409886673445    0.7998273053752922406504902518144836927506547954138037095437778140
0.0196528229129691466047416647999719627107443400340535406326357159    0.8199595232732803339763181641868446963094167581731689911154519109
0.0186748230981681254217856193941925408141254451443451447801204344    0.8391252291013870317961184614567263832229395542001544737452326085
0.0176748106975219050603720454334554189656653300618436211112546421    0.8573018316526425790781844101589147319073891181389143724441344582
0.0166539644630612401722580235803609704912632494613275528375320229    0.8744679056122303858936046436937012010018778813173530183146960082
0.0156134877070500597509505933242811286807898278968471806005373882    0.8906032168143974037914986659856750513577606790544438795058097019
0.0145546068852086960848410704762550702727804185334244784498506339    0.9056887460965718650025805327519260965898931920717519136667692718
0.0134785701538309791943186223122484981990054694635986026510791254    0.9197067117234504881413306047894592878007249926544572985950109946
0.0123866459035567430545350604226045112892290973663499998694822536    0.9326405903562644066122144878535069313601653089567850653479040598
0.0112801212737696829834087179980630542430021030470155838306798687    0.9444751365457186680627914812826617495801528829938970031242074875
0.0101603006544154767288921934943550926128171904912380229914886925    0.9551964007322763638740218972722054219903469788661769821506374385
0.0090285041892344877489133819327914156434210857268059021986026448    0.9647917457472760757764951037027872554669900754723820808131892752
0.0078860663146289015996306108892406060884303544955769877901818495    0.9732498618306907343224675237546136700968266903093918296839164132
0.0067343344322688846652611335459072909161533751890935553300134508    0.9805607802412134390368627999577545923625094020293757820475798399
0.0055746680474797889978318064868009040600173356043204775965782793    0.9867158857234697869079363859374221616413163719423701130232862421
0.0044084397473026768190629983385414536997937839875157781679029280    0.9917079288172771015676202550322383746485650275779506604216051701
0.0032370455079721049770994568971198503049997144987890608735293929    0.9955310425053524536893831182064874353682566026891658996313603855
0.0020619871220322296606820795195725585024311333113774898612232354    0.9981807925905347546732201400202058972977991577942825071161871560
0.0008862412406694141765834289972726599520958736298642184831987019    0.9996546450765761303829892275155975636568327430776051544480598493
