0.0085169038787464096542638133022498030023988897985184860524300946    -0.9966794422605965861631915325493538856517734532508800021981573238
0.0197320850561227059838598016403956311496065681903615876560538447    -0.9825455052614131748709260157863769561067819489064315590251200914
0.0307404922020936226444085253746167497471162609687095103220843594    -0.9572855957780877257982080369808235637375595539540970705635296362
0.0414020625186828361048300101140769215334907803885743972579248794    -0.9211802329530587850937534360831064254088393433122935984689914638
0.0515948269024979239125943811795425979196221106461420676818628313    -0.8746378049201027904177934212565785469106168631190413707272208287
0.0612030906570791385421098480239070449240645397791302083178774121    -0.8181854876152524449895722145787849756300215618822937711370342723
0.0701179332550512785695814869488791731023948886747735819148074249    -0.7524628517344771339126100772121381902125919682289866084119979915
0.0782383271357637838281448886596803313668790769596697094675751953    -0.6782145376026865151561850053919859263882629300146451627238098589
0.0854722573661725275453448492972080713816982566135933953218907434    -0.5962817971382278203795862111889897800781868103855776384734623932
0.0917377571392587633479664110771108068982290209819545712758298747    -0.5075929551242276421026279196275201533512238403845841641850643071
0.0969638340944086063019000748826887591763562779218035642604954667    -0.4131528881740086638907065860316168233234385187363139197783846653
0.1010912737599149661218205469074973636475672788525251991228320233    -0.3140316378676399349481959231910474482584488190908274812967589309
0.1040733100777293739133284712851200689106522206754676916436940541    -0.2113522861660010745063757289029374990566508177120951480384008453
0.1058761550973209414065913278521878930748313137422780398281553455    -0.1062782301326792301709823924303769809171954392956071362857752740
0.1064793817183142442465111269096775683301850316129959797529729011    0.0000000000000000000000000000000000000000000000000000000000000000
0.1058761550973209414065913278521878930748313137422780398281553455    0.1062782301326792301709823924303769809171954392956071362857752740
0.1040733100777293739133284712851200689106522206754676916436940541    0.2113522861660010745063757289029374990566508177120951480384008453
0.1010912737599149661218205469074973636475672788525251991228320233    0.3140316378676399349481959231910474482584488190908274812967589309
0.0969638340944086063019000748826887591763562779218035642604954667    0.4131528881740086638907065860316168233234385187363139197783846653
0.0917377571392587633479664110771108068982290209819545712758298747    0.5075929551242276421026279196275201533512238403845841641850643071
0.0854722573661725275453448492972080713816982566135933953218907434    0.5962817971382278203795862111889897800781868103855776384734623932
0.0782383271357637838281448886596803313668790769596697094675751953    0.6782145376026865151561850053919859263882629300146451627238098589
0.0701179332550512785695814869488791731023948886747735819148074249    0.7524628517344771339126100772121381902125919682289866084119979915
0.0612030906570791385421098480239070449240645397791302083178774121    0.8181854876152524449895722145787849756300215618822937711370342723
0.0515948269024979239125943811795425979196221106461420676818628313    0.8746378049201027904177934212565785469106168631190413707272208287
0.0414020625186828361048300101140769215334907803885743972579248794    0.9211802329530587850937534360831064254088393433122935984689914638
0.0307404922020936226444085253746167497471162609687095103220843594    0.9572855957780877257982080369808235637375595539540970705635296362
0.0197320850561227059838598016403956311496065681903615876560538447    0.9825455052614131748709260157863769561067819489064315590251200914
0.0085169038787464096542638133022498030023988897985184860524300946    0.9966794422605965861631915325493538856517734532508800021981573238
