0.0003410700002382830314621813007035184594479200300699365965948798    -0.9998670948415377992668921262003292779437722164465309759009789863
0.0007937958879768993990383187879069885800869913704111384622102054    -0.9992997968544296719437742132180578619290304615294823622996420769
0.0012468323589622387345332571886359027570686731379926718801114884    -0.9982794543670453827332149089712395521128374722369525727703580773
0.0016993614947862526786055224283375084950095891383202555661449936    -0.9968063034870425076536639345888327806223872353776187468515902314
0.0021511314536276864862622773571235649538085418692337795142411651    -0.9948809846962293629397945449472662863911958554532469525441512087
0.0026019291058567176500574226519604973746705445178239581698055318    -0.9925043647360478915871580403974942968125487099753521672975902202
0.0030515477843839745292397980819746623540397364825964253015816021    -0.9896775194946433243556654819802790630338009110526199562787207583
0.0034997827909546045721640625053403999674318972957306466739271455    -0.9864017304024661103397972716496431904372295033090028690089122270
0.0039464304965157947637472230455823650269933668809179186164696262    -0.9826784830226812698145045984413442686601616074104460347241704234
0.0043912881541960827535639659916952099553115818720796229239445042    -0.9785094661017737041003070724901776567575651576144600792918420063
0.0048341538968853429270205232576540324204134748357929859694496025    -0.9738965706963167410748311884326603463692578904293227080322429579
0.0052748267923137214391595926668584487697335333290363580868264209    -0.9688418892683067043788299871164447798866224189233003458222977925
0.0057131069185420748490305759917510268374762704921966106718492284    -0.9633477147135713790496921669260282715405874442598948654884344546
0.0061487954473517852566275444900569907462028863787211143270670695    -0.9574165393101415204779328638246537886913602792095224273594115756
0.0065816947307958169625354137803158353110922717089499926374802578    -0.9510510535814117015331994074244509592312091965672542414588093738
0.0070116083889334927555804060567058757473224006190502183666357108    -0.9442541450720525250187777583596580363844008761174874514979841108
0.0074383413978479748746541492485682508283670275239136302397552621    -0.9370288970359960788030645722558294850999153128091201734330776761
0.0078617001774990986549757976269807416343115710478647500075794959    -0.9293785870364597882195850644211484057428235994068562062518341462
0.0082814926791683701085070890960644396516904969922272202984491313    -0.9213066854583061747397994188024244282629550837451383219024599423
0.0086975284723501803733139235795497116355144640786549837075739480    -0.9128168539332248611361298231239850251396302132100470544006482491
0.0091096188309919839360847832517871895855973253619684767383770190    -0.9039129436783420776764881336095076927782707050564071513608812058
0.0095175768190117064122115252705995972709998200095311561286623230    -0.8945989937489461010574153915128770448499157612008511286618140725
0.0099212173750346090089974140386130193181865246181815213966090261    -0.8848792292060811394842761630087629689078762396492872137582487102
0.0103203573962998088863963797384622042280615677406297490630731555    -0.8747580591998156089072321933741973275890306478108653493672408718
0.0107148158216914166911998007609891355958463328288471552539994597    -0.8642400749690379714236057578078683599764582885991102205356068496
0.0111044137138522428065208447209476642372708866002021738627670867    -0.8533300477586767418816185181965973530479131666894779152951435423
0.0114889743403400111660473671035717056860264487361473900041950681    -0.8420329266552822612879366244024121974631959120635571916700760932
0.0118683232537874270507447576753071395410745932841632180977646898    -0.8303538363419471566528588121266563818541902277361793144760314169
0.0122422883710285123488465138003078591323014707842612502955790760    -0.8182980747735805054710354200117044078557420250720849544074343056
0.0126107000511544868499013551579341150008426597696561412362694861    -0.8058711107735878642309535332086945013860708669097299439178382810
0.0129733911724632192544650467179679027992135973361444692589307191    -0.7930785815530456616547664419827647107178645562660111999804523543
0.0133301972082669462151301234229838373832599981145146443716767087    -0.7799262901534940919859684319850640188297353443133145661137038263
0.0136809563015235923054408758001594501423204968284619831369216884    -0.7664202028145076256232120684177971908134335752844199716411481392
0.0140255093382576373357819357774391130388132785797768791558344144    -0.7525664462672366135689024199587285033149812450290999951614162153
0.0143637000197370819206268135140830498634268557733876575632111795    -0.7383713049551472131183143940498884624176052091730039224959222078
0.0146953749333736653408009464663264994904622654217991779069395290    -0.7238412181832200098681925931857442537589157676073993388845253187
0.0150203836223140964965602970012044104583259108206538826628987484    -0.7089827771969002541599926898891032277023834297240227115377508635
0.0153385786536906723203775484495181227371884974197369817734828608    -0.6938027221921245631591103814805310832048470467394652439003607154
0.0156498156855002804820191446914872108413538435634940770270853761    -0.6783079392577802549757762244541899067182979340845902443682176495
0.0159539535320814158918154041915367414495658542887541349836518031    -0.6625054572519841689551235955210173831723880913574717392546420405
0.0162508542281594842083113865045124269616461302685626498468880296    -0.6464024446135978758509434819788176731930550989596465529645280167
0.0165403830914313207612839727774144929297873432169608285186712205    -0.6300062061104255817608750692486787024314697485651887880541796424
0.0168224087836605202547647134897679945844126755946525887814225340    -0.6133241795255697687975170456579352028912347828874885215908789368
0.0170968033702558513993642243202263622854827901846027987578667848    -0.5963639322834476816990109833123444490949801515571484056230729754
0.0173634423783057212066292478753359914293882354961011290784904329    -0.5791331580169991511211679604452298610698167279769862911961722047
0.0176222048530423559463524579156243680398515036151455006693946492    -0.5616396730776429294536585287862085992311911383970188978775136896
0.0178729734127100795472755956709663067566613525649601070871552847    -0.5438914129895646920629055843397032128620248637443107188490231734
0.0181156343018127952952329111488902870108596141268952742657810081    -0.5258964288499451144782624396732053019956763060734268678827456280
0.0183500774427165128003381642336056610357331489006756606492030428    -0.5076628836767609630344286299140356500543660083860579666425914833
0.0185761964855835090910523235516969680594589797480659531266120389    -0.4891990487058159219537044685700658869895346246135050097967435851
0.0187938888566154700530281774154055312172421477795298735911869742    -0.4705132996386809131739160992444698380100117349765488719116607885
0.0190030558045837259541042094133230773760782913650559873857441692    -0.4516141128432459360818748492325082288155026496092405076800451399
0.0192036024456254721606977117242009977941435923816509505133592010    -0.4325100615086069526952090168611425617090360730416049360665598921
0.0193954378062856530216898157743744971970856317307954798038565071    -0.4132098117560320600728465735939142591488421192416431531246567353
0.0195784748647849829314894264024882031866093504792536822269672690    -0.3937221187077711164898011310656011360580954095508066886532330272
0.0197526305904953834345725079061679615410258873883468607570111428    -0.3740558225154921121947547827341139575469037881452861278371126056
0.0199178259816049285431311591922582998247628747819894581784681781    -0.3542198443501458907418570500544035514433191054113469640594445812
0.0200739861009552118454649814920425903256651805271237943555747250    -0.3342231823550783246730207544710639827994465605130621522266389949
0.0202210401100348781181741414578812807481450224123987988965696610    -0.3140749075642257218103411610545090174292770012417980449378487599
0.0203589213011138986481845739381460910256368686891184341824817082    -0.2937841597872450780562388287994094726362610510824795510796022041
0.0204875671275040129450412251240074056066898162957036266784724444    -0.2733601434634457922217040267692620766988417704889308619675681776
0.0206069192319316095997787614220760260019622613139909207090376984    -0.2528121234864036112188427832669850766982118445464022863671541583
0.0207169234730101753405215661386857603406158970524816268094717538    -0.2321494210011508735527912915054707439865038970523055111670612921
0.0208175299498003034600344955723381263102937550631120289292586549    -0.2113814091758495594051196241969509004230477289494650816904753067
0.0209086930244461203570241745205704171220899168430031921587669302    -0.1905175089498652310794819996500753724069201193071019027537909892
0.0209903713428778615486286997054702234447757046770444837309573148    -0.1695671847601706529349873266321316286307000072725065118065683776
0.0210625278535712057812848977526489651113422890357951950663305204    -0.1485399402480177103117751944479581471824066132006388975871730149
0.0211251298243548573938043855549006729322962105291959929585535747    -0.1274453139478251979009062328527932039063899191846247731463859740
0.0211781488572587524707383755601441870770222135098037344379563097    -0.1062928749602381154695000540418067031939144846904952243495968867
0.0212215609013961531648282271376956622878873052231075359628891928    -0.0850922186113212891648953583658764545323795401514478509217646168
0.0212553462638737864617352420344462232281920560929805026699449619    -0.0638529620998564265332621507562786332045301392257386834635630075
0.0212794896187250782040793907767535261614677703900677826521528028    -0.0425847401347171100468931640514284259485399430291919847451632663
0.0212939800138624299795992769211175872207538172590394645474294980    -0.0212972005643007348935511636882144175013237328742269062436855043
0.0212988108760453851034233137796477770376057959617835281608941907    0.0000000000000000000000000000000000000000000000000000000000000000
0.0212939800138624299795992769211175872207538172590394645474294980    0.0212972005643007348935511636882144175013237328742269062436855043
0.0212794896187250782040793907767535261614677703900677826521528028    0.0425847401347171100468931640514284259485399430291919847451632663
0.0212553462638737864617352420344462232281920560929805026699449619    0.0638529620998564265332621507562786332045301392257386834635630075
0.0212215609013961531648282271376956622878873052231075359628891928    0.0850922186113212891648953583658764545323795401514478509217646168
0.0211781488572587524707383755601441870770222135098037344379563097    0.1062928749602381154695000540418067031939144846904952243495968867
0.0211251298243548573938043855549006729322962105291959929585535747    0.1274453139478251979009062328527932039063899191846247731463859740
0.0210625278535712057812848977526489651113422890357951950663305204    0.1485399402480177103117751944479581471824066132006388975871730149
0.0209903713428778615486286997054702234447757046770444837309573148    0.1695671847601706529349873266321316286307000072725065118065683776
0.0209086930244461203570241745205704171220899168430031921587669302    0.1905175089498652310794819996500753724069201193071019027537909892
0.0208175299498003034600344955723381263102937550631120289292586549    0.2113814091758495594051196241969509004230477289494650816904753067
0.0207169234730101753405215661386857603406158970524816268094717538    0.2321494210011508735527912915054707439865038970523055111670612921
0.0206069192319316095997787614220760260019622613139909207090376984    0.2528121234864036112188427832669850766982118445464022863671541583
0.0204875671275040129450412251240074056066898162957036266784724444    0.2733601434634457922217040267692620766988417704889308619675681776
0.0203589213011138986481845739381460910256368686891184341824817082    0.2937841597872450780562388287994094726362610510824795510796022041
0.0202210401100348781181741414578812807481450224123987988965696610    0.3140749075642257218103411610545090174292770012417980449378487599
0.0200739861009552118454649814920425903256651805271237943555747250    0.3342231823550783246730207544710639827994465605130621522266389949
0.0199178259816049285431311591922582998247628747819894581784681781    0.3542198443501458907418570500544035514433191054113469640594445812
0.0197526305904953834345725079061679615410258873883468607570111428    0.3740558225154921121947547827341139575469037881452861278371126056
0.0195784748647849829314894264024882031866093504792536822269672690    0.3937221187077711164898011310656011360580954095508066886532330272
0.0193954378062856530216898157743744971970856317307954798038565071    0.4132098117560320600728465735939142591488421192416431531246567353
0.0192036024456254721606977117242009977941435923816509505133592010    0.4325100615086069526952090168611425617090360730416049360665598921
0.0190030558045837259541042094133230773760782913650559873857441692    0.4516141128432459360818748492325082288155026496092405076800451399
0.0187938888566154700530281774154055312172421477795298735911869742    0.4705132996386809131739160992444698380100117349765488719116607885
0.0185761964855835090910523235516969680594589797480659531266120389    0.4891990487058159219537044685700658869895346246135050097967435851
0.0183500774427165128003381642336056610357331489006756606492030428    0.5076628836767609630344286299140356500543660083860579666425914833
0.0181156343018127952952329111488902870108596141268952742657810081    0.5258964288499451144782624396732053019956763060734268678827456280
0.0178729734127100795472755956709663067566613525649601070871552847    0.5438914129895646920629055843397032128620248637443107188490231734
0.0176222048530423559463524579156243680398515036151455006693946492    0.5616396730776429294536585287862085992311911383970188978775136896
0.0173634423783057212066292478753359914293882354961011290784904329    0.5791331580169991511211679604452298610698167279769862911961722047
0.0170968033702558513993642243202263622854827901846027987578667848    0.5963639322834476816990109833123444490949801515571484056230729754
0.0168224087836605202547647134897679945844126755946525887814225340    0.6133241795255697687975170456579352028912347828874885215908789368
0.0165403830914313207612839727774144929297873432169608285186712205    0.6300062061104255817608750692486787024314697485651887880541796424
0.0162508542281594842083113865045124269616461302685626498468880296    0.6464024446135978758509434819788176731930550989596465529645280167
0.0159539535320814158918154041915367414495658542887541349836518031    0.6625054572519841689551235955210173831723880913574717392546420405
0.0156498156855002804820191446914872108413538435634940770270853761    0.6783079392577802549757762244541899067182979340845902443682176495
0.0153385786536906723203775484495181227371884974197369817734828608    0.6938027221921245631591103814805310832048470467394652439003607154
0.0150203836223140964965602970012044104583259108206538826628987484    0.7089827771969002541599926898891032277023834297240227115377508635
0.0146953749333736653408009464663264994904622654217991779069395290    0.7238412181832200098681925931857442537589157676073993388845253187
0.0143637000197370819206268135140830498634268557733876575632111795    0.7383713049551472131183143940498884624176052091730039224959222078
0.0140255093382576373357819357774391130388132785797768791558344144    0.7525664462672366135689024199587285033149812450290999951614162153
0.0136809563015235923054408758001594501423204968284619831369216884    0.7664202028145076256232120684177971908134335752844199716411481392
0.0133301972082669462151301234229838373832599981145146443716767087    0.7799262901534940919859684319850640188297353443133145661137038263
0.0129733911724632192544650467179679027992135973361444692589307191    0.7930785815530456616547664419827647107178645562660111999804523543
0.0126107000511544868499013551579341150008426597696561412362694861    0.8058711107735878642309535332086945013860708669097299439178382810
0.0122422883710285123488465138003078591323014707842612502955790760    0.8182980747735805054710354200117044078557420250720849544074343056
0.0118683232537874270507447576753071395410745932841632180977646898    0.8303538363419471566528588121266563818541902277361793144760314169
0.0114889743403400111660473671035717056860264487361473900041950681    0.8420329266552822612879366244024121974631959120635571916700760932
0.0111044137138522428065208447209476642372708866002021738627670867    0.8533300477586767418816185181965973530479131666894779152951435423
0.0107148158216914166911998007609891355958463328288471552539994597    0.8642400749690379714236057578078683599764582885991102205356068496
0.0103203573962998088863963797384622042280615677406297490630731555    0.8747580591998156089072321933741973275890306478108653493672408718
0.0099212173750346090089974140386130193181865246181815213966090261    0.8848792292060811394842761630087629689078762396492872137582487102
0.0095175768190117064122115252705995972709998200095311561286623230    0.8945989937489461010574153915128770448499157612008511286618140725
0.0091096188309919839360847832517871895855973253619684767383770190    0.9039129436783420776764881336095076927782707050564071513608812058
0.0086975284723501803733139235795497116355144640786549837075739480    0.9128168539332248611361298231239850251396302132100470544006482491
0.0082814926791683701085070890960644396516904969922272202984491313    0.9213066854583061747397994188024244282629550837451383219024599423
0.0078617001774990986549757976269807416343115710478647500075794959    0.9293785870364597882195850644211484057428235994068562062518341462
0.0074383413978479748746541492485682508283670275239136302397552621    0.9370288970359960788030645722558294850999153128091201734330776761
0.0070116083889334927555804060567058757473224006190502183666357108    0.9442541450720525250187777583596580363844008761174874514979841108
0.0065816947307958169625354137803158353110922717089499926374802578    0.9510510535814117015331994074244509592312091965672542414588093738
0.0061487954473517852566275444900569907462028863787211143270670695    0.9574165393101415204779328638246537886913602792095224273594115756
0.0057131069185420748490305759917510268374762704921966106718492284    0.9633477147135713790496921669260282715405874442598948654884344546
0.0052748267923137214391595926668584487697335333290363580868264209    0.9688418892683067043788299871164447798866224189233003458222977925
0.0048341538968853429270205232576540324204134748357929859694496025    0.9738965706963167410748311884326603463692578904293227080322429579
0.0043912881541960827535639659916952099553115818720796229239445042    0.9785094661017737041003070724901776567575651576144600792918420063
0.0039464304965157947637472230455823650269933668809179186164696262    0.9826784830226812698145045984413442686601616074104460347241704234
0.0034997827909546045721640625053403999674318972957306466739271455    0.9864017304024661103397972716496431904372295033090028690089122270
0.0030515477843839745292397980819746623540397364825964253015816021    0.9896775194946433243556654819802790630338009110526199562787207583
0.0026019291058567176500574226519604973746705445178239581698055318    0.9925043647360478915871580403974942968125487099753521672975902202
0.0021511314536276864862622773571235649538085418692337795142411651    0.9948809846962293629397945449472662863911958554532469525441512087
0.0016993614947862526786055224283375084950095891383202555661449936    0.9968063034870425076536639345888327806223872353776187468515902314
0.0012468323589622387345332571886359027570686731379926718801114884    0.9982794543670453827332149089712395521128374722369525727703580773
0.0007937958879768993990383187879069885800869913704111384622102054    0.9992997968544296719437742132180578619290304615294823622996420769
0.0003410700002382830314621813007035184594479200300699365965948798    0.9998670948415377992668921262003292779437722164465309759009789863
