0.0006076963991858111576829571930193076296780913496446734197908601    -0.9997631941098532863216766942757339666328384288732593301550500859
0.0014141248760001809431692592546492635131223882074957626112204244    -0.9987524940894015973671824929312618431503015209838675688255265463
0.0022206054619168459190912075263861496372247016390748504469767279    -0.9969350246901911620915851021020292793239400777284547454426815175
0.0030253950743341867457721053235497609463215090384612969788979462    -0.9943118508236001210674109088216366277608381974430751728412947985
0.0038277602649988264036507573643318527275387003221543762320922796    -0.9908850431599952502272022437713037874826138135075524327275561678
0.0046270379170598805641085012827684941576920137803296758394737110    -0.9866573595884787466637539101300797256036226388992828870319788474
0.0054225781405841413780120235324539632831421903944881103404100212    -0.9816322131920405261244270016046412717582915000646906035065420958
0.0062137366224290008797052772494408366826769019360310749136045302    -0.9758136639347589195488130687592846784090235740574032618093335936
0.0069998733781013075812061988693094823383787821653332129533684482    -0.9692064139038793558414808100390671816080087527216038825654721025
0.0077803527710089874309479120588266802219310791444763397067464256    -0.9618158030181851060506250245449619025480906552107184230373946923
0.0085545438579399403882866178353460519771074444865753428222441325    -0.9536478045209087521381777080992736764142524305887938948943797504
0.0093218208339544703935718402532524316697283735132698822612869761    -0.9447090200683343466872884772059868485472106140428371239018362370
0.0100815635102697961361104058561434589082570465121425025397425605    -0.9350066743540583282339260319805395725858235433518955146688560088
0.0108331578025070939214889398192601992560433364626722761232529013    -0.9245486092490934188461902476640113637576691494727906451154055408
0.0115759962205267084489734767816410500204148950192461613337773499    -0.9133432774524758461071128980834591629837889239308336902262290563
0.0123094783559996801338149121343944187303078580737570300010554886    -0.9013997356529536272382066429343934333248503940117281130429473507
0.0130330113657857576251952429714615258128436483004427906057838281    -0.8887276372050830090976732844252827696562423549943563655941977230
0.0137460104500005722609221264783555108419233172870340085520350573    -0.8753372243245286893989062061465576496491113108816003728881626047
0.0144478993240228783772204553651409297156360339646843703538870449    -0.8612393198082736637083123141955693699328383526389603693655250822
0.0151381106838707554467456682353672033260812546145227767580027060    -0.8464453182860944442567275095515669985751995780790653481215322748
0.0158160866644674330122616535817045269237628715995551885241824673    -0.8309671770101778554489882769251218861923778434573930098788838011
0.0164812792903681427071337555834965227790765323806777693192998269    -0.8148174061902072550810860501157986987202636750458852822732018381
0.0171331509185498193013573200702923280944140908638873020015390683    -0.7980090588816582421794674968073564380739077105127230080897707629
0.0177711746728854817087971625122844929720580634627574654461376573    -0.7805557204354314747102805785677697845390072804555018387052077121
0.0183948348699396724132648126176396823246707305407450321749649023    -0.7624714975173207917843835240560985006055003912665002536937557766
0.0190036274357329773554153906193806075651911175946456643710408105    -0.7437710067061724621582678717228776520742747690697608445099964100
0.0195970603131337525456420949400163408053206179000156613199180065    -0.7244693626799382161979580344939738824886198805656053521695534704
0.0201746538595444970632501173631010891678633383925779521335020789    -0.7045821659991618907105458980748138809114814202818681191793461074
0.0207359412345592551671020640158567317162645595857604131938073643    -0.6841254904977675860229202610916027126427998455397097951431007925
0.0212804687772772438393662952892088992978237818737482439933258391    -0.6631158702913364413408990973199090760139667171900660599173214521
0.0218077963729667261365633871001262650635477487373741089623743122    -0.6415702864133695310178221461051822362866400321596465966436147668
0.0223174978087820670692165221737772789163594579165220643973021717    -0.6195061530903359158855917466521101106073788408532274821558090492
0.0228091611182459650298732603117110661717110814655808886686364639    -0.5969413036665974319630222734308278053005155127913159737958462053
0.0232823889142180751514165751706335894070332958834881275156467081    -0.5738939761905852088310974441309598661168836799407634069534778118
0.0237367987100806459143203030843709577872315073385175615666714604    -0.5503827986738770066160453314847584601496018454586316384909546561
0.0241720232288813834591965765143710831997452279423473950210426404    -0.5264267740350890584443459236804839077202786471611316963913279567
0.0245877107001835409939118994451148627971699992016107649573319852    -0.5020452647407510150972275236535552570049220589207645807292908803
0.0249835251443832017297246188670194370830781349214343883905959464    -0.4772579771555776212224196198451686024138730142978162757670775531
0.0253591466442638790754548103169473487409190146849060505523396721    -0.4520849456147857215291939535769130845952315256335897558850199113
0.0257142716035688920171358813215119713066081527962815707202524165    -0.4265465162313299192205366593440785830282947826826175412037129001
0.0260486129923824803347407601341228400998404188662650841253424325    -0.4006633304511445117169457067488915571421139491413425841672208961
0.0263619005791212964415631032302686959395323876848062533868750846    -0.3744563083696830414799647353829090563734299835599510278972454103
0.0266538811489487405186711243720577618447523438963840166108112540    -0.3479466318232397608300243322982589607589463694009497065795859747
0.0269243187084355851916607341630539190739251348637229528438136492    -0.3211557272687193653224017020458061933202570785694220870533107639
0.0271729946763014568790129782359331882702499361735900311519478804    -0.2941052484656923549762291339830523694062344108034453919925740578
0.0273997080600829944991390870851758874121009736275037293284423084    -0.2668170589747331994342687016096854252908516101606329780314690617
0.0276042756185858836211842799909705770913301590056633766346025701    -0.2393132144861869836922792044840165266822923218068879537557183892
0.0277865320099894563783027657748723231560500682157534868931326028    -0.2116159449936472760254243932372744998480544895076626170727940150
0.0279463299254841453844590835706689564231328152739514077696802949    -0.1837476368265534788822134906794980383723710907196667195782068303
0.0280835402083337742385870989917620443174877585674219942233130897    -0.1557308145564297957500152700742703961061387355474691437568176441
0.0281980519582664485907991046777187769679056598023263475190257331    -0.1275881227913900805779536225380613668238273284033586537022566617
0.0282897726211096707224270430294593669931646630767341242043070038    -0.0993423078736231489489132914268883487236546140038288942970473770
0.0283586280635972276163492696773119571041819423331483376627197256    -0.0710161994946515489996472435245946017744439821901164317833395463
0.0284045626332873879622931537719215490429752389041349538220081040    -0.0426326922432232518460103014629800943727028573634791480339828809
0.0284275392035439777947300270110385027474716084143237758004170488    -0.0142147271007501723608675100949834484616286737626066153599912292
0.0284275392035439777947300270110385027474716084143237758004170488    0.0142147271007501723608675100949834484616286737626066153599912292
0.0284045626332873879622931537719215490429752389041349538220081040    0.0426326922432232518460103014629800943727028573634791480339828809
0.0283586280635972276163492696773119571041819423331483376627197256    0.0710161994946515489996472435245946017744439821901164317833395463
0.0282897726211096707224270430294593669931646630767341242043070038    0.0993423078736231489489132914268883487236546140038288942970473770
0.0281980519582664485907991046777187769679056598023263475190257331    0.1275881227913900805779536225380613668238273284033586537022566617
0.0280835402083337742385870989917620443174877585674219942233130897    0.1557308145564297957500152700742703961061387355474691437568176441
0.0279463299254841453844590835706689564231328152739514077696802949    0.1837476368265534788822134906794980383723710907196667195782068303
0.0277865320099894563783027657748723231560500682157534868931326028    0.2116159449936472760254243932372744998480544895076626170727940150
0.0276042756185858836211842799909705770913301590056633766346025701    0.2393132144861869836922792044840165266822923218068879537557183892
0.0273997080600829944991390870851758874121009736275037293284423084    0.2668170589747331994342687016096854252908516101606329780314690617
0.0271729946763014568790129782359331882702499361735900311519478804    0.2941052484656923549762291339830523694062344108034453919925740578
0.0269243187084355851916607341630539190739251348637229528438136492    0.3211557272687193653224017020458061933202570785694220870533107639
0.0266538811489487405186711243720577618447523438963840166108112540    0.3479466318232397608300243322982589607589463694009497065795859747
0.0263619005791212964415631032302686959395323876848062533868750846    0.3744563083696830414799647353829090563734299835599510278972454103
0.0260486129923824803347407601341228400998404188662650841253424325    0.4006633304511445117169457067488915571421139491413425841672208961
0.0257142716035688920171358813215119713066081527962815707202524165    0.4265465162313299192205366593440785830282947826826175412037129001
0.0253591466442638790754548103169473487409190146849060505523396721    0.4520849456147857215291939535769130845952315256335897558850199113
0.0249835251443832017297246188670194370830781349214343883905959464    0.4772579771555776212224196198451686024138730142978162757670775531
0.0245877107001835409939118994451148627971699992016107649573319852    0.5020452647407510150972275236535552570049220589207645807292908803
0.0241720232288813834591965765143710831997452279423473950210426404    0.5264267740350890584443459236804839077202786471611316963913279567
0.0237367987100806459143203030843709577872315073385175615666714604    0.5503827986738770066160453314847584601496018454586316384909546561
0.0232823889142180751514165751706335894070332958834881275156467081    0.5738939761905852088310974441309598661168836799407634069534778118
0.0228091611182459650298732603117110661717110814655808886686364639    0.5969413036665974319630222734308278053005155127913159737958462053
0.0223174978087820670692165221737772789163594579165220643973021717    0.6195061530903359158855917466521101106073788408532274821558090492
0.0218077963729667261365633871001262650635477487373741089623743122    0.6415702864133695310178221461051822362866400321596465966436147668
0.0212804687772772438393662952892088992978237818737482439933258391    0.6631158702913364413408990973199090760139667171900660599173214521
0.0207359412345592551671020640158567317162645595857604131938073643    0.6841254904977675860229202610916027126427998455397097951431007925
0.0201746538595444970632501173631010891678633383925779521335020789    0.7045821659991618907105458980748138809114814202818681191793461074
0.0195970603131337525456420949400163408053206179000156613199180065    0.7244693626799382161979580344939738824886198805656053521695534704
0.0190036274357329773554153906193806075651911175946456643710408105    0.7437710067061724621582678717228776520742747690697608445099964100
0.0183948348699396724132648126176396823246707305407450321749649023    0.7624714975173207917843835240560985006055003912665002536937557766
0.0177711746728854817087971625122844929720580634627574654461376573    0.7805557204354314747102805785677697845390072804555018387052077121
0.0171331509185498193013573200702923280944140908638873020015390683    0.7980090588816582421794674968073564380739077105127230080897707629
0.0164812792903681427071337555834965227790765323806777693192998269    0.8148174061902072550810860501157986987202636750458852822732018381
0.0158160866644674330122616535817045269237628715995551885241824673    0.8309671770101778554489882769251218861923778434573930098788838011
0.0151381106838707554467456682353672033260812546145227767580027060    0.8464453182860944442567275095515669985751995780790653481215322748
0.0144478993240228783772204553651409297156360339646843703538870449    0.8612393198082736637083123141955693699328383526389603693655250822
0.0137460104500005722609221264783555108419233172870340085520350573    0.8753372243245286893989062061465576496491113108816003728881626047
0.0130330113657857576251952429714615258128436483004427906057838281    0.8887276372050830090976732844252827696562423549943563655941977230
0.0123094783559996801338149121343944187303078580737570300010554886    0.9013997356529536272382066429343934333248503940117281130429473507
0.0115759962205267084489734767816410500204148950192461613337773499    0.9133432774524758461071128980834591629837889239308336902262290563
0.0108331578025070939214889398192601992560433364626722761232529013    0.9245486092490934188461902476640113637576691494727906451154055408
0.0100815635102697961361104058561434589082570465121425025397425605    0.9350066743540583282339260319805395725858235433518955146688560088
0.0093218208339544703935718402532524316697283735132698822612869761    0.9447090200683343466872884772059868485472106140428371239018362370
0.0085545438579399403882866178353460519771074444865753428222441325    0.9536478045209087521381777080992736764142524305887938948943797504
0.0077803527710089874309479120588266802219310791444763397067464256    0.9618158030181851060506250245449619025480906552107184230373946923
0.0069998733781013075812061988693094823383787821653332129533684482    0.9692064139038793558414808100390671816080087527216038825654721025
0.0062137366224290008797052772494408366826769019360310749136045302    0.9758136639347589195488130687592846784090235740574032618093335936
0.0054225781405841413780120235324539632831421903944881103404100212    0.9816322131920405261244270016046412717582915000646906035065420958
0.0046270379170598805641085012827684941576920137803296758394737110    0.9866573595884787466637539101300797256036226388992828870319788474
0.0038277602649988264036507573643318527275387003221543762320922796    0.9908850431599952502272022437713037874826138135075524327275561678
0.0030253950743341867457721053235497609463215090384612969788979462    0.9943118508236001210674109088216366277608381974430751728412947985
0.0022206054619168459190912075263861496372247016390748504469767279    0.9969350246901911620915851021020292793239400777284547454426815175
0.0014141248760001809431692592546492635131223882074957626112204244    0.9987524940894015973671824929312618431503015209838675688255265463
0.0006076963991858111576829571930193076296780913496446734197908601    0.9997631941098532863216766942757339666328384288732593301550500859
