0.0008135642494541165010544040393773585547996296274350705142838521    -0.9996829677071920194835734996232274920533181907640889770592603307
0.0018929683779229357627786128812975991716304037558680403463504074    -0.9983299525167463316151850230217322934290219985485091489349869176
0.0029719242408181907184390502410764158033052979400467539726970598    -0.9958973111884234020615157354528421081148616700483898654986326738
0.0040478033163717599068796916005031570546348206111970641003884693    -0.9923871350035014044890073956568232576546644556021747624976434522
0.0051193303299277182800324455187985935402307109330093602123610616    -0.9878031559060812877716092102672571782706721789576776527517500451
0.0061853262610333237693117573229111965264768176330246801154521178    -0.9821503182216256461029708695316509010417906170457211701752179863
0.0072446324439331996726259038389777881635766339818120693062751648    -0.9754347334114409116861423745798326706459563466686070746158032490
0.0082961008745309902381460955486088808235678572991472696145813535    -0.9676636660221965241156089418749022846462476874638615697517684227
0.0093385930838763970867406221199530886825474700366821622282984276    -0.9588455238479094494276671011428427510795814017834160781272673155
0.0103709807031160968408398445280165639034799094284966222082587496    -0.9489898481742954820420949221350743072618636387772206825689188111
0.0113921464590858440392424266514331450334374688985513315509579894    -0.9381073031984780371362539807259971806813833310289282504118098064
0.0124009852961160610401815021591699732124868378673805975377659127    -0.9262096643777197756333379694089619328081275300271223818903980029
0.0133964055343682854413657437462429289507714469710329121401028839    -0.9133098056340673473978713272956811446980815442070562997560481879
0.0143773300336590820835750821368424170996436961104500400142924516    -0.8994216853963932037408197387799215037429756647731154680960613657
0.0153426973502883566345920132356366503111318309098246684743452311    -0.8845603314814405574815421657501034214969383207797677023307060099
0.0162914628809910432659155856713266014585819410574518237360285373    -0.8687418248241299047428577935243872502972291623606325412887796478
0.0172225999907169844133397098587060526180663331537437538236934711    -0.8519832820717842808419521686471585815530319706843049711920609457
0.0181351011220451441075970080954629620413915925781615390382807250    -0.8343028370596013222076673659476268135699072654674920724054434843
0.0190279788845457063930701238893128290364462609858147705086971710    -0.8157196211866096538602296208989057312897937017495184513949070576
0.0199002671226572112448716509728688476242371975608056792089927809    -0.7962537427128931886678627887534261102005729240849493713387201996
0.0207510219607849018179084668052416183714367864984029980472991338    -0.7759262650002239562268378505921580538715114137264093566284242354
0.0215793228244114012067686697456239652391678986904297163506957063    -0.7547591837194923922536565153254172662082969019558875057942589756
0.0223842734360693918404190424444346126396623188032292336991883983    -0.7327754030495021183427109692997106959136910705662344799537503474
0.0231650027850713917492001934063467024684570477307601152527029250    -0.7099987108928231058017429826847345095470812688048503317778207712
0.0239206660699306100770751932496647717776014758244404518147841127    -0.6864537531354822092434885548568734418613826795733106236573028529
0.0246504456124426199761296849076023329450282487789064195888707741    -0.6621660069783180262627009360573879879896110547691437386335554720
0.0253535517424320129365998605022552602579430701949699081464402185    -0.6371617533688400271797248605114646290159199474955342265806892094
0.0260292236522022715329006105730980414092161797371771335221720762    -0.6114680485634106960749582685800608948734349133391591280902613955
0.0266767302197613543189684758821959972458921199251702750427609865    -0.5851126948505140892923585035974835196184860856965470388532126783
0.0272953707999302226657838184633815800162997989391400880321737474    -0.5581242104667844039496824072460207498518572934903883663629228046
0.0278844759824769142430933778316287847322703733051891931133467330    -0.5305317987383432892569093674529840672697012974080999950695106096
0.0284434083164548626131188372175969889277854374533626743635114382    -0.5023653164808340433247969727470221739973393073680892078286888898
0.0289715629999610115348418392392462020178160463755541928334866184    -0.4736552416923437775705807669488654307345725631725901030116597129
0.0294683685345668823751514642708032182028492931066957048824993809    -0.4444326405741703404605316806991991389270097845851910262460294242
0.0299332873437141122524001181346421094297506419399806711829702163    -0.4147291339151185159721481875303230253640692631384405446931434683
0.0303658163544050667772436722529850232139174335845848727453172160    -0.3845768628756990108483234465512683759075013651763479710164886424
0.0307654875415589147529577676911123670299650397423429514215618830    -0.3540084542092533058233692565846244412534638406434934122792759559
0.0311318684344439982568226039751473448228284338324613601312124827    -0.3230569849576368892773224160801760555842180568849522893723513977
0.0314645625846384020132174298556824045986833505829950660143277400    -0.2917559466596620734850543434597860230170585171426425577568622465
0.0317632099950122802909790019835383835381827568168188552642579865    -0.2601392091110289094643855979491742948097957573513247932987016137
0.0320274875092676952929573330991375502503271996470465264870075772    -0.2282409837149581036382103410002150324921732158578330280838345166
0.0322571091616144143473483488302403406749934675307959426318951734    -0.1960957864631827784982709546659383958692851426801673783459098007
0.0324518264862032592668594594298196923898343373740372499646608789    -0.1637384005873559349519451884460578183308886904345224906153907506
0.0326114287859821542567065337383288474814298943246545522242767434    -0.1312038389212871361470171065151621688214942276035676056772865680
0.0327357433606839322691965867194363625607716567780799468162439002    -0.0985273060147348575202068516569647475498347736946310748705563048
0.0328246356936991866930888843050598348977668578607390340858174429    -0.0657441600397497985725330818688104590313235378646452462913170357
0.0328780095976319482355764582243212974475924973227719606971460223    -0.0328898745307889386769859956722184246815788438351294079616337525
0.0328958073183806779321739863298106316041723599186533939825373406    0.0000000000000000000000000000000000000000000000000000000000000000
0.0328780095976319482355764582243212974475924973227719606971460223    0.0328898745307889386769859956722184246815788438351294079616337525
0.0328246356936991866930888843050598348977668578607390340858174429    0.0657441600397497985725330818688104590313235378646452462913170357
0.0327357433606839322691965867194363625607716567780799468162439002    0.0985273060147348575202068516569647475498347736946310748705563048
0.0326114287859821542567065337383288474814298943246545522242767434    0.1312038389212871361470171065151621688214942276035676056772865680
0.0324518264862032592668594594298196923898343373740372499646608789    0.1637384005873559349519451884460578183308886904345224906153907506
0.0322571091616144143473483488302403406749934675307959426318951734    0.1960957864631827784982709546659383958692851426801673783459098007
0.0320274875092676952929573330991375502503271996470465264870075772    0.2282409837149581036382103410002150324921732158578330280838345166
0.0317632099950122802909790019835383835381827568168188552642579865    0.2601392091110289094643855979491742948097957573513247932987016137
0.0314645625846384020132174298556824045986833505829950660143277400    0.2917559466596620734850543434597860230170585171426425577568622465
0.0311318684344439982568226039751473448228284338324613601312124827    0.3230569849576368892773224160801760555842180568849522893723513977
0.0307654875415589147529577676911123670299650397423429514215618830    0.3540084542092533058233692565846244412534638406434934122792759559
0.0303658163544050667772436722529850232139174335845848727453172160    0.3845768628756990108483234465512683759075013651763479710164886424
0.0299332873437141122524001181346421094297506419399806711829702163    0.4147291339151185159721481875303230253640692631384405446931434683
0.0294683685345668823751514642708032182028492931066957048824993809    0.4444326405741703404605316806991991389270097845851910262460294242
0.0289715629999610115348418392392462020178160463755541928334866184    0.4736552416923437775705807669488654307345725631725901030116597129
0.0284434083164548626131188372175969889277854374533626743635114382    0.5023653164808340433247969727470221739973393073680892078286888898
0.0278844759824769142430933778316287847322703733051891931133467330    0.5305317987383432892569093674529840672697012974080999950695106096
0.0272953707999302226657838184633815800162997989391400880321737474    0.5581242104667844039496824072460207498518572934903883663629228046
0.0266767302197613543189684758821959972458921199251702750427609865    0.5851126948505140892923585035974835196184860856965470388532126783
0.0260292236522022715329006105730980414092161797371771335221720762    0.6114680485634106960749582685800608948734349133391591280902613955
0.0253535517424320129365998605022552602579430701949699081464402185    0.6371617533688400271797248605114646290159199474955342265806892094
0.0246504456124426199761296849076023329450282487789064195888707741    0.6621660069783180262627009360573879879896110547691437386335554720
0.0239206660699306100770751932496647717776014758244404518147841127    0.6864537531354822092434885548568734418613826795733106236573028529
0.0231650027850713917492001934063467024684570477307601152527029250    0.7099987108928231058017429826847345095470812688048503317778207712
0.0223842734360693918404190424444346126396623188032292336991883983    0.7327754030495021183427109692997106959136910705662344799537503474
0.0215793228244114012067686697456239652391678986904297163506957063    0.7547591837194923922536565153254172662082969019558875057942589756
0.0207510219607849018179084668052416183714367864984029980472991338    0.7759262650002239562268378505921580538715114137264093566284242354
0.0199002671226572112448716509728688476242371975608056792089927809    0.7962537427128931886678627887534261102005729240849493713387201996
0.0190279788845457063930701238893128290364462609858147705086971710    0.8157196211866096538602296208989057312897937017495184513949070576
0.0181351011220451441075970080954629620413915925781615390382807250    0.8343028370596013222076673659476268135699072654674920724054434843
0.0172225999907169844133397098587060526180663331537437538236934711    0.8519832820717842808419521686471585815530319706843049711920609457
0.0162914628809910432659155856713266014585819410574518237360285373    0.8687418248241299047428577935243872502972291623606325412887796478
0.0153426973502883566345920132356366503111318309098246684743452311    0.8845603314814405574815421657501034214969383207797677023307060099
0.0143773300336590820835750821368424170996436961104500400142924516    0.8994216853963932037408197387799215037429756647731154680960613657
0.0133964055343682854413657437462429289507714469710329121401028839    0.9133098056340673473978713272956811446980815442070562997560481879
0.0124009852961160610401815021591699732124868378673805975377659127    0.9262096643777197756333379694089619328081275300271223818903980029
0.0113921464590858440392424266514331450334374688985513315509579894    0.9381073031984780371362539807259971806813833310289282504118098064
0.0103709807031160968408398445280165639034799094284966222082587496    0.9489898481742954820420949221350743072618636387772206825689188111
0.0093385930838763970867406221199530886825474700366821622282984276    0.9588455238479094494276671011428427510795814017834160781272673155
0.0082961008745309902381460955486088808235678572991472696145813535    0.9676636660221965241156089418749022846462476874638615697517684227
0.0072446324439331996726259038389777881635766339818120693062751648    0.9754347334114409116861423745798326706459563466686070746158032490
0.0061853262610333237693117573229111965264768176330246801154521178    0.9821503182216256461029708695316509010417906170457211701752179863
0.0051193303299277182800324455187985935402307109330093602123610616    0.9878031559060812877716092102672571782706721789576776527517500451
0.0040478033163717599068796916005031570546348206111970641003884693    0.9923871350035014044890073956568232576546644556021747624976434522
0.0029719242408181907184390502410764158033052979400467539726970598    0.9958973111884234020615157354528421081148616700483898654986326738
0.0018929683779229357627786128812975991716304037558680403463504074    0.9983299525167463316151850230217322934290219985485091489349869176
0.0008135642494541165010544040393773585547996296274350705142838521    0.9996829677071920194835734996232274920533181907640889770592603307
