0.0003924813408937769901279107862823970617647710367560285637705367    -0.9998470608116929695712619937261315680344248316801147493269444687
0.0009134230251776271131641984357215590948104339271912086731066636    -0.9991942602122129344228694088772999251918023907489034850069255287
0.0014346596766310283438604686322046308767972791574895912046460807    -0.9980201795340239289966944469952826973087930668143608153727310503
0.0019552144745290116409985271755682731701513064319354875958469548    -0.9963251707208410076578506886574926691771604304497129327917219164
0.0024747621034976871663529220609528724823525656244980768585901993    -0.9941100866083114745960935516809118139177832383561893655166771059
0.0029930219264271065555448368839701769409702373274449010374513361    -0.9913760758465639461230375764953526319657142170027184637373552502
0.0035097209079161656204197346288090642536777396147522627996764490    -0.9881245630598951402950992678477614957247713839010393128695022089
0.0040245884776303128005331483022985962261504015291311099779359995    -0.9843572445168099349103752820760240355411669283104562324448914282
0.0045373555293792812094177157636320440082133853859372344902710612    -0.9800760862913261618087662729974886972640764695800895390203986626
0.0050477542400588678237828937783046533037590426385211106164020550    -0.9752833229196052871932600919368365466353838143437506695677920766
0.0055555181008247903243282041583478853834243755298629583098555590    -0.9699814561101686522368711423964305153482743466282211033007504491
0.0060603820142117888667140624663500378693663636280389414395971329    -0.9641732533840911559038758389342094310414250198486087383766235207
0.0065620824144949041130688589027376201226754712653973447559530123    -0.9578617466045638315294840303719693372140191629136295678389307757
0.0070603573968699884975911771712257966163494290305258992190226723    -0.9510502303809966814638005871327375967403168990441726376492655009
0.0075549468499765806082599335199222804970903491365891224967988501    -0.9437422603419913477575163251475607603908458627533563095409458361
0.0080455925894632321691695413794595196550964041842994571370992613    -0.9359416512751460121227624357455230129668536413238528759468060757
0.0085320384915343729206915009702762657001111899598055884821005113    -0.9276524751332439420521797408081613098078413823676397372050844740
0.0090140306259400745546805363542740767360819009768830159277249850    -0.9188790589071413128154872856428949319301574984305311397501318665
0.0094913173881052553286295830987971028021828623906961242597324731    -0.9096259823660761219612011860019601838040259864914958978396289528
0.0099636496302070232857987473842276256145109925501769733675528814    -0.8998980756663607929759855644977115040246534862200322175355499404
0.0104307807910651615028322923736599562886782661605663438887875492    -0.8897004168295811247239595941110244053045404554439202227950756380
0.0108924670247404107769853358839875752029752236817773350603262602    -0.8790383290915429001808552119262228443117217478630554734852504663
0.0113484673277515723362607774800276256285793491177872785358131187    -0.8679173781233038570991875074077074646413837063657192672717839876
0.0117985436648319430115665125097451754381878448936497084405035525    -0.8563433691257125481751251508970263593502539172968901122051881392
0.0122424610931514058412058405797427820531652480276052244548590270    -0.8443223437989519788311439141458369842341334154967585073851305710
0.0126799878849342851225049771914379069387961078097165569325324622    -0.8318605771886575709945890652375996696004360030177192720550937990
0.0131108956484057210085168300003959429522845309213211683937434268    -0.8189645744102474987504165667129803836137628694296408073385279980
0.0135349594470013116668398250577991803130374187917631956888176578    -0.8056410672531696495311754763366748239790463783987368533775292096
0.0139519579167763858416925537602255385168461401065491218057346998    -0.7918970106668338854877011492705767291944940885475683185516976102
0.0143616733819526645669097323221782336648395997971406253370462759    -0.7777395791300612052994478148641781399026104600202765198778238394
0.0147638919685413418749404826274057024953274722403294694617178053    -0.7631761629059430047753038638859089613253780004984625757336978867
0.0151584037159828173457577507471683038094432405346523603549847528    -0.7482143641840639992774278282476045862439065450546192148299958234
0.0155450026867444829872718692564585344886848386202826434492417695    -0.7328619931121015516065740195972175233511674445924501655715641839
0.0159234870738191248235875893001784266480965203573084083852014446    -0.7171270637188721672326059143921332340769813359575836050273480633
0.0162936593060676592445640623895755020799296435760837857755629404    -0.7010177897309527791046036256982004913975317931984734273617908381
0.0166553261513510942048001277674228838633249063647726482506329621    -0.6845425802850601403307102041123087249678279018375920262135917655
0.0170082988173977911659457160262928869835712421525201828166342243    -0.6677100355384261615069122461524664991317827918430064214072575454
0.0173523930503533086447000699332676878146860816550170070788028628    -0.6505289421794603527952322766609873233825898137991850355200565356
0.0176874292309613344344883558670379006564777404809967893496706933    -0.6330082688410426387172798424883529302079975196413937624355275757
0.0180132324683254622154445590791741997938613461848468092732564541    -0.6151571614188406841409595885434169055513430461903169595536091208
0.0183296326912028399748012895227694591408519701807033060692721050    -0.5969849382970954803057466911591003896619446516144374192253481449
0.0186364647367820126504148970609849158351345318463626449185155047    -0.5785010854843672667560757447944133060207067131943681900571968935
0.0189335684368985996315960786732645595984672613519382551451565710    -0.5597152516617808854570845491433905698233003204036666744855561461
0.0192207887016437889585759544643854327967786665561758963343241659    -0.5406372431463553540305071814536184609930891706294403628452200799
0.0194979756003219938722048051531656827476321839352862207490195786    -0.5212770187720467831668344982562434177702779967859697314896233857
0.0197649844397154032964103279343268986803575696455310623116363436    -0.5016446846911767264739775803072872520214083646755656779356194447
0.0200216758396145653312464738650149269192895695361819194813930153    -0.4817504890989596174647615839213068334624618283368559208237167974
0.0202679158055755712820436469341518565782925389063872782198241299    -0.4616048168838830968032261079193629610560816868713031047505581094
0.0205035757988658564953120675446847296132490725013525678489287430    -0.4412181842067337426948455382988235318655107310786235677363752842
0.0207285328035621026259634288322446932755017474733288551928416502    -0.4206012330110979684627849366990152894619518574593845516059749000
0.0209426693907652132072520754898407572884827740331007759346020242    -0.3997647254682036246482875087324856275088905378036081677292512560
0.0211458737798988397964401085181869649268692199489310730099216344    -0.3787195383590021198827112304617762230156800352401927542856357905
0.0213380398970594587687179000366802246587948770888772180285267507    -0.3574766573964236375238175611240619934693587450609411908199844673
0.0215190674303875382565766875132388739015918060685251277935522147    -0.3360471714907692566169011734806631833281535408892488590424650079
0.0216888618824308899950272895673521651617628819700772159644755029    -0.3144422669612334698993250513218426487211221181924222943425655819
0.0218473346194728711360390271059522094045859584693910885048510610    -0.2926732216965787128748813408703690245233155430709606230407419939
0.0219944029177996856287974519161272627728776457155595671465410149    -0.2707513992680100618062721236629350437560563244159618984560133980
0.0221299900068826327066433799321396214199046981485793709254063901    -0.2486882429973232109884901625351854271722567041276039373399199902
0.0222540251094527605489388364394669222697840561873127898047205807    -0.2264952699834221878752082011821067581926706668808663902247487668
0.0223664434784470054608000644029821114381766239510027974286520871    -0.2041840650903249963686158018127184193734026684215212509514126444
0.0224671864308065300926843100680159824181016834862086345141657689    -0.1817662748997954825240760230467576402430134991250660637456714700
0.0225562013781096174557731412691871299140627543199339458031310061    -0.1592536016317581825843658881152374868317858164158096438199913903
0.0226334418540231299226534787682894411144194656769548468014381033    -0.1366577970356697310163946424148022580337621438354181928120472992
0.0226988675385582031753682096027065071915029736710599716735935204    -0.1139906562560355673064381172825788102934948625634201888000433020
0.0227524442791175133091720631253176582501309776823943739510570474    -0.0912640116752741767713618234233576927902994639735528011829352493
0.0227941441083231301507707388766104716652817802696729697168459544    -0.0684897267371429255237660545662829214912282321584050843655729892
0.0228239452586156504312502869396100607893822274643960554992037018    -0.0456796897539496968206055325840123245827910815416196728073047116
0.0228418321736169898899575208005108456941392288154018516524779472    -0.0228458077007830000345649424957989186355942032255192932254529457
0.0228477955162509027972373952724944209765279845975064392578425380    0.0000000000000000000000000000000000000000000000000000000000000000
0.0228418321736169898899575208005108456941392288154018516524779472    0.0228458077007830000345649424957989186355942032255192932254529457
0.0228239452586156504312502869396100607893822274643960554992037018    0.0456796897539496968206055325840123245827910815416196728073047116
0.0227941441083231301507707388766104716652817802696729697168459544    0.0684897267371429255237660545662829214912282321584050843655729892
0.0227524442791175133091720631253176582501309776823943739510570474    0.0912640116752741767713618234233576927902994639735528011829352493
0.0226988675385582031753682096027065071915029736710599716735935204    0.1139906562560355673064381172825788102934948625634201888000433020
0.0226334418540231299226534787682894411144194656769548468014381033    0.1366577970356697310163946424148022580337621438354181928120472992
0.0225562013781096174557731412691871299140627543199339458031310061    0.1592536016317581825843658881152374868317858164158096438199913903
0.0224671864308065300926843100680159824181016834862086345141657689    0.1817662748997954825240760230467576402430134991250660637456714700
0.0223664434784470054608000644029821114381766239510027974286520871    0.2041840650903249963686158018127184193734026684215212509514126444
0.0222540251094527605489388364394669222697840561873127898047205807    0.2264952699834221878752082011821067581926706668808663902247487668
0.0221299900068826327066433799321396214199046981485793709254063901    0.2486882429973232109884901625351854271722567041276039373399199902
0.0219944029177996856287974519161272627728776457155595671465410149    0.2707513992680100618062721236629350437560563244159618984560133980
0.0218473346194728711360390271059522094045859584693910885048510610    0.2926732216965787128748813408703690245233155430709606230407419939
0.0216888618824308899950272895673521651617628819700772159644755029    0.3144422669612334698993250513218426487211221181924222943425655819
0.0215190674303875382565766875132388739015918060685251277935522147    0.3360471714907692566169011734806631833281535408892488590424650079
0.0213380398970594587687179000366802246587948770888772180285267507    0.3574766573964236375238175611240619934693587450609411908199844673
0.0211458737798988397964401085181869649268692199489310730099216344    0.3787195383590021198827112304617762230156800352401927542856357905
0.0209426693907652132072520754898407572884827740331007759346020242    0.3997647254682036246482875087324856275088905378036081677292512560
0.0207285328035621026259634288322446932755017474733288551928416502    0.4206012330110979684627849366990152894619518574593845516059749000
0.0205035757988658564953120675446847296132490725013525678489287430    0.4412181842067337426948455382988235318655107310786235677363752842
0.0202679158055755712820436469341518565782925389063872782198241299    0.4616048168838830968032261079193629610560816868713031047505581094
0.0200216758396145653312464738650149269192895695361819194813930153    0.4817504890989596174647615839213068334624618283368559208237167974
0.0197649844397154032964103279343268986803575696455310623116363436    0.5016446846911767264739775803072872520214083646755656779356194447
0.0194979756003219938722048051531656827476321839352862207490195786    0.5212770187720467831668344982562434177702779967859697314896233857
0.0192207887016437889585759544643854327967786665561758963343241659    0.5406372431463553540305071814536184609930891706294403628452200799
0.0189335684368985996315960786732645595984672613519382551451565710    0.5597152516617808854570845491433905698233003204036666744855561461
0.0186364647367820126504148970609849158351345318463626449185155047    0.5785010854843672667560757447944133060207067131943681900571968935
0.0183296326912028399748012895227694591408519701807033060692721050    0.5969849382970954803057466911591003896619446516144374192253481449
0.0180132324683254622154445590791741997938613461848468092732564541    0.6151571614188406841409595885434169055513430461903169595536091208
0.0176874292309613344344883558670379006564777404809967893496706933    0.6330082688410426387172798424883529302079975196413937624355275757
0.0173523930503533086447000699332676878146860816550170070788028628    0.6505289421794603527952322766609873233825898137991850355200565356
0.0170082988173977911659457160262928869835712421525201828166342243    0.6677100355384261615069122461524664991317827918430064214072575454
0.0166553261513510942048001277674228838633249063647726482506329621    0.6845425802850601403307102041123087249678279018375920262135917655
0.0162936593060676592445640623895755020799296435760837857755629404    0.7010177897309527791046036256982004913975317931984734273617908381
0.0159234870738191248235875893001784266480965203573084083852014446    0.7171270637188721672326059143921332340769813359575836050273480633
0.0155450026867444829872718692564585344886848386202826434492417695    0.7328619931121015516065740195972175233511674445924501655715641839
0.0151584037159828173457577507471683038094432405346523603549847528    0.7482143641840639992774278282476045862439065450546192148299958234
0.0147638919685413418749404826274057024953274722403294694617178053    0.7631761629059430047753038638859089613253780004984625757336978867
0.0143616733819526645669097323221782336648395997971406253370462759    0.7777395791300612052994478148641781399026104600202765198778238394
0.0139519579167763858416925537602255385168461401065491218057346998    0.7918970106668338854877011492705767291944940885475683185516976102
0.0135349594470013116668398250577991803130374187917631956888176578    0.8056410672531696495311754763366748239790463783987368533775292096
0.0131108956484057210085168300003959429522845309213211683937434268    0.8189645744102474987504165667129803836137628694296408073385279980
0.0126799878849342851225049771914379069387961078097165569325324622    0.8318605771886575709945890652375996696004360030177192720550937990
0.0122424610931514058412058405797427820531652480276052244548590270    0.8443223437989519788311439141458369842341334154967585073851305710
0.0117985436648319430115665125097451754381878448936497084405035525    0.8563433691257125481751251508970263593502539172968901122051881392
0.0113484673277515723362607774800276256285793491177872785358131187    0.8679173781233038570991875074077074646413837063657192672717839876
0.0108924670247404107769853358839875752029752236817773350603262602    0.8790383290915429001808552119262228443117217478630554734852504663
0.0104307807910651615028322923736599562886782661605663438887875492    0.8897004168295811247239595941110244053045404554439202227950756380
0.0099636496302070232857987473842276256145109925501769733675528814    0.8998980756663607929759855644977115040246534862200322175355499404
0.0094913173881052553286295830987971028021828623906961242597324731    0.9096259823660761219612011860019601838040259864914958978396289528
0.0090140306259400745546805363542740767360819009768830159277249850    0.9188790589071413128154872856428949319301574984305311397501318665
0.0085320384915343729206915009702762657001111899598055884821005113    0.9276524751332439420521797408081613098078413823676397372050844740
0.0080455925894632321691695413794595196550964041842994571370992613    0.9359416512751460121227624357455230129668536413238528759468060757
0.0075549468499765806082599335199222804970903491365891224967988501    0.9437422603419913477575163251475607603908458627533563095409458361
0.0070603573968699884975911771712257966163494290305258992190226723    0.9510502303809966814638005871327375967403168990441726376492655009
0.0065620824144949041130688589027376201226754712653973447559530123    0.9578617466045638315294840303719693372140191629136295678389307757
0.0060603820142117888667140624663500378693663636280389414395971329    0.9641732533840911559038758389342094310414250198486087383766235207
0.0055555181008247903243282041583478853834243755298629583098555590    0.9699814561101686522368711423964305153482743466282211033007504491
0.0050477542400588678237828937783046533037590426385211106164020550    0.9752833229196052871932600919368365466353838143437506695677920766
0.0045373555293792812094177157636320440082133853859372344902710612    0.9800760862913261618087662729974886972640764695800895390203986626
0.0040245884776303128005331483022985962261504015291311099779359995    0.9843572445168099349103752820760240355411669283104562324448914282
0.0035097209079161656204197346288090642536777396147522627996764490    0.9881245630598951402950992678477614957247713839010393128695022089
0.0029930219264271065555448368839701769409702373274449010374513361    0.9913760758465639461230375764953526319657142170027184637373552502
0.0024747621034976871663529220609528724823525656244980768585901993    0.9941100866083114745960935516809118139177832383561893655166771059
0.0019552144745290116409985271755682731701513064319354875958469548    0.9963251707208410076578506886574926691771604304497129327917219164
0.0014346596766310283438604686322046308767972791574895912046460807    0.9980201795340239289966944469952826973087930668143608153727310503
0.0009134230251776271131641984357215590948104339271912086731066636    0.9991942602122129344228694088772999251918023907489034850069255287
0.0003924813408937769901279107862823970617647710367560285637705367    0.9998470608116929695712619937261315680344248316801147493269444687
