0.0006541979110247329305694907599678842811115550528121837876099733    -0.9997450727257575467076596597548327485483779692152081414516517578
0.0015222958023142321119153381159075501110657250184250960618727725    -0.9986570470004214228692610897806965376108455306457581206533440166
0.0023903556911418656825189304223136452826975868537422524333392891    -0.9967005989693930027045936662203689959081501701411181279868706049
0.0032564475137152151875214377999359285349344714642262006276912988    -0.9938769959493106124346910568419338370858751098575223899901779499
0.0041197283547382075068467913822094111113953772692988858224406170    -0.9901886414540266824147645315948756543488866552443272469036933843
0.0049794313504809830513456334746184190371588264880435537983853435    -0.9856387319838417743898090965355127133999958451060195891188817607
0.0058348043034015616520647093069230385893207155208920546991304856    -0.9802312221673921577345078086485907150681619150701982866800860314
0.0066851015353100140981526788326169869972855184125053024535147753    -0.9739708153412304694974253342593040118488315674012094974341140879
0.0075295826318127146276216418171664635302594672802553194200645983    -0.9668629578678994158369952390063677058856666329232247868350893563
0.0083675125503819641157106366189794417918138829669418387277991275    -0.9589138338682484487549816253679023622477202644909354368529813620
0.0091981620787474900222824035832840368371897231338081848976466867    -0.9501303596348840068692437632049072045036708747751375873140678911
0.0100208083993285091913773657991395713211106647177526410158271183    -0.9405201775243770169268902093709486420291819595426254691208299831
0.0108347356880933021353885388555037837333332412672171337533271081    -0.9300916492646368466513049186590405514688805094857244521317757292
0.0116392357233777857955249676746169895159130764310913937116210748    -0.9188538486572625578526096066659149711493401623447235845157019165
0.0124336084951114423541533128554270695839412049786919690662044228    -0.9068165536703727413648132759318447376139850709729673985923154516
0.0132171628101996580296679353632381730666817680690958190946947431    -0.8939902379238905232238213071398597013608507814169943311440367612
0.0139892168918822175045873377085365946121562962978813122111744705    -0.8803860615723236281176997817081511001306774500664042904982761976
0.0147490989717640836595380026410302497278607684818169810527883740    -0.8660158615917621996854113464285230776202624214355026065609144469
0.0154961478736128083344925234281775805973068599851452136424131061    -0.8508921414788970990372018640942435475610213512568141826978209208
0.0162297135882104540758056271152312670666306446049352683682413799    -0.8350280603706593202083812813641882337076418530266266703863774468
0.0169491578386487250957126491763600159583148991751492708278439259    -0.8184374215937377540833081199216200598491285678546570398044401331
0.0176538546355127708203339538035140839041565254060306091232736733    -0.8011346606538129593848630364389731908795047407825826155758223595
0.0183431908214341150542813084147708282819368678523493363769003319    -0.7831348326748803849336304984882678708133543842503781757081660391
0.0190165666045170515637704765555783943345081525317773492108500178    -0.7644535992995434409700469805308963256378822810965916433627240723
0.0196733960801609560894247830672815399658203975515478480041762182    -0.7451072150616430815115419839013820686882141694963620866887505897
0.0203131077408160461325427822373049662922028192313051257316494083    -0.7251125132430603913375162005004379452077731659206076639266449948
0.0209351449732236396388040659016057601251527515688971243291533001    -0.7044868912269842904107112521632116328685052903294959212514711138
0.0215389665427047249641837672404170520457746311369184915261939114    -0.6832482953603789961781628851259990047783029200675850755821006915
0.0221240470640731070433885169120479532163348702848369636598290023    -0.6614152053388158326415661304624157727639099537078570485882939304
0.0226898774587617948057214062407478679710956512642172900386500478    -0.6390066181272515131092374970741842151690814180176498399877706984
0.0232359653977637901563544828249526582241222154948146521609147606    -0.6160420314307401230430739747154846732272329917110766621474887844
0.0237618357300011142005550365259531112139074569473353973698714438    -0.5925414267294585488518756997421952112397295121541001117966365628
0.0242670308957488098882855353873375100509378756400319021628999556    -0.5685252518928048314035858002625430582783281193858992214279030351
0.0247511113247538177504795811041932591156551427861836939946431679    -0.5440144033876956269410537551018372721562427078012974475907385642
0.0252136558187020450940752123914000991545816931361609106199889144    -0.5190302080965423720046783471422465437835148635830323057427439325
0.0256542619177006425639935892783653758869883710229212548357282797    -0.4935944047607256043044252862881002503276036867389895668146894375
0.0260725462504564635199426027622067731089303907082584480546927522    -0.4677291250657129189562646855263240950570652073274055254954413693
0.0264681448678459057700124798079330741660372491706340065396533473    -0.4414568743842779735853763330692357763872547983043685340662481449
0.0268407135595858139949473468762577209659076460818962488866910479    -0.4148005121945755377098743302973138195022288398729728549082032017
0.0271899281537298451721328000662950825033970329914905212469926329    -0.3877832321901105614991000964718437268605206563734950118848560626
0.0275154847987296577823434682501088545870899111033198702545041735    -0.3604285420989073765265820386622248099050046234332904136533681425
0.0278171002278154670223986743164020190193915006735919691132133803    -0.3327602432294382077166455485150852890278852014210825590211089789
0.0280945120054659004875118404519709282018039275798007332137349850    -0.3048024097611079543862947886454445300679706661293390883838262670
0.0283474787557526791773481369140513950958255921379431866611244734    -0.2765793677973144845997054060854630090517266500592513997544637285
0.0285757803723614241864586279802154351095323132787763041455885367    -0.2481156741993102893200461630322692533114538608591016442961468523
0.0287792182101058367214724377142688331958524204537890206965866643    -0.2194360952192820825934787794298762040141624501572687207302208213
0.0289576152577686045493150605357695694160576380894438591239283933    -0.1905655849512396462362243144102830084985182512539379870785963369
0.0291108162921186378160794062685636012446699927662862205996306533    -0.1615292636184637509245386468281457483559156621362593621144598500
0.0292386880129706173994216108114791150780758246150035463844316925    -0.1323523957164052028149203910666130028091443600205939444535562004
0.0293411191591693354309696004321134212113896014813156180491908599    -0.1030603680300528425170956466325473912068398755276939267925744786
0.0294180206053979060826189091786591129183738999815066962592134219    -0.0736786675448975522783274394889836748864488250352069694528735919
0.0294693254397256107760800296903708334072419931647737843598692944    -0.0442328592707119128101346748361077743780757686330129235346121392
0.0294949890218279011819545173266796696997653703971141417926005670    -0.0147485639974410129159409695234463944327095559613199442447612430
0.0294949890218279011819545173266796696997653703971141417926005670    0.0147485639974410129159409695234463944327095559613199442447612430
0.0294693254397256107760800296903708334072419931647737843598692944    0.0442328592707119128101346748361077743780757686330129235346121392
0.0294180206053979060826189091786591129183738999815066962592134219    0.0736786675448975522783274394889836748864488250352069694528735919
0.0293411191591693354309696004321134212113896014813156180491908599    0.1030603680300528425170956466325473912068398755276939267925744786
0.0292386880129706173994216108114791150780758246150035463844316925    0.1323523957164052028149203910666130028091443600205939444535562004
0.0291108162921186378160794062685636012446699927662862205996306533    0.1615292636184637509245386468281457483559156621362593621144598500
0.0289576152577686045493150605357695694160576380894438591239283933    0.1905655849512396462362243144102830084985182512539379870785963369
0.0287792182101058367214724377142688331958524204537890206965866643    0.2194360952192820825934787794298762040141624501572687207302208213
0.0285757803723614241864586279802154351095323132787763041455885367    0.2481156741993102893200461630322692533114538608591016442961468523
0.0283474787557526791773481369140513950958255921379431866611244734    0.2765793677973144845997054060854630090517266500592513997544637285
0.0280945120054659004875118404519709282018039275798007332137349850    0.3048024097611079543862947886454445300679706661293390883838262670
0.0278171002278154670223986743164020190193915006735919691132133803    0.3327602432294382077166455485150852890278852014210825590211089789
0.0275154847987296577823434682501088545870899111033198702545041735    0.3604285420989073765265820386622248099050046234332904136533681425
0.0271899281537298451721328000662950825033970329914905212469926329    0.3877832321901105614991000964718437268605206563734950118848560626
0.0268407135595858139949473468762577209659076460818962488866910479    0.4148005121945755377098743302973138195022288398729728549082032017
0.0264681448678459057700124798079330741660372491706340065396533473    0.4414568743842779735853763330692357763872547983043685340662481449
0.0260725462504564635199426027622067731089303907082584480546927522    0.4677291250657129189562646855263240950570652073274055254954413693
0.0256542619177006425639935892783653758869883710229212548357282797    0.4935944047607256043044252862881002503276036867389895668146894375
0.0252136558187020450940752123914000991545816931361609106199889144    0.5190302080965423720046783471422465437835148635830323057427439325
0.0247511113247538177504795811041932591156551427861836939946431679    0.5440144033876956269410537551018372721562427078012974475907385642
0.0242670308957488098882855353873375100509378756400319021628999556    0.5685252518928048314035858002625430582783281193858992214279030351
0.0237618357300011142005550365259531112139074569473353973698714438    0.5925414267294585488518756997421952112397295121541001117966365628
0.0232359653977637901563544828249526582241222154948146521609147606    0.6160420314307401230430739747154846732272329917110766621474887844
0.0226898774587617948057214062407478679710956512642172900386500478    0.6390066181272515131092374970741842151690814180176498399877706984
0.0221240470640731070433885169120479532163348702848369636598290023    0.6614152053388158326415661304624157727639099537078570485882939304
0.0215389665427047249641837672404170520457746311369184915261939114    0.6832482953603789961781628851259990047783029200675850755821006915
0.0209351449732236396388040659016057601251527515688971243291533001    0.7044868912269842904107112521632116328685052903294959212514711138
0.0203131077408160461325427822373049662922028192313051257316494083    0.7251125132430603913375162005004379452077731659206076639266449948
0.0196733960801609560894247830672815399658203975515478480041762182    0.7451072150616430815115419839013820686882141694963620866887505897
0.0190165666045170515637704765555783943345081525317773492108500178    0.7644535992995434409700469805308963256378822810965916433627240723
0.0183431908214341150542813084147708282819368678523493363769003319    0.7831348326748803849336304984882678708133543842503781757081660391
0.0176538546355127708203339538035140839041565254060306091232736733    0.8011346606538129593848630364389731908795047407825826155758223595
0.0169491578386487250957126491763600159583148991751492708278439259    0.8184374215937377540833081199216200598491285678546570398044401331
0.0162297135882104540758056271152312670666306446049352683682413799    0.8350280603706593202083812813641882337076418530266266703863774468
0.0154961478736128083344925234281775805973068599851452136424131061    0.8508921414788970990372018640942435475610213512568141826978209208
0.0147490989717640836595380026410302497278607684818169810527883740    0.8660158615917621996854113464285230776202624214355026065609144469
0.0139892168918822175045873377085365946121562962978813122111744705    0.8803860615723236281176997817081511001306774500664042904982761976
0.0132171628101996580296679353632381730666817680690958190946947431    0.8939902379238905232238213071398597013608507814169943311440367612
0.0124336084951114423541533128554270695839412049786919690662044228    0.9068165536703727413648132759318447376139850709729673985923154516
0.0116392357233777857955249676746169895159130764310913937116210748    0.9188538486572625578526096066659149711493401623447235845157019165
0.0108347356880933021353885388555037837333332412672171337533271081    0.9300916492646368466513049186590405514688805094857244521317757292
0.0100208083993285091913773657991395713211106647177526410158271183    0.9405201775243770169268902093709486420291819595426254691208299831
0.0091981620787474900222824035832840368371897231338081848976466867    0.9501303596348840068692437632049072045036708747751375873140678911
0.0083675125503819641157106366189794417918138829669418387277991275    0.9589138338682484487549816253679023622477202644909354368529813620
0.0075295826318127146276216418171664635302594672802553194200645983    0.9668629578678994158369952390063677058856666329232247868350893563
0.0066851015353100140981526788326169869972855184125053024535147753    0.9739708153412304694974253342593040118488315674012094974341140879
0.0058348043034015616520647093069230385893207155208920546991304856    0.9802312221673921577345078086485907150681619150701982866800860314
0.0049794313504809830513456334746184190371588264880435537983853435    0.9856387319838417743898090965355127133999958451060195891188817607
0.0041197283547382075068467913822094111113953772692988858224406170    0.9901886414540266824147645315948756543488866552443272469036933843
0.0032564475137152151875214377999359285349344714642262006276912988    0.9938769959493106124346910568419338370858751098575223899901779499
0.0023903556911418656825189304223136452826975868537422524333392891    0.9967005989693930027045936662203689959081501701411181279868706049
0.0015222958023142321119153381159075501110657250184250960618727725    0.9986570470004214228692610897806965376108455306457581206533440166
0.0006541979110247329305694907599678842811115550528121837876099733    0.9997450727257575467076596597548327485483779692152081414516517578
