0.0004493809602920903763942922399887226543194535441017435365063672    -0.9998248879471319144736080829818741716017440753274767940387662650
0.0010458126793403487793128516001069838462905197848345237808398105    -0.9990774599773758950119877576835398293175905097952248754679316161
0.0016425030186690295387908755947980665493051121170893506308723397    -0.9977332486255140198821574433476993814113566668955665278020294613
0.0022382884309626187436220542727159032219398681061037760392348137    -0.9957927585349811868641612096205464167454382421479193906953652497
0.0028327514714579910952857346468190592620488651136600434856892787    -0.9932571129002129353034372210859916523482273957412626496551089742
0.0034255260409102157743377846601331701204580294834201801883520985    -0.9901278184917343833379303154719697898045840781496991121898018265
0.0040162549837386423131943434863030996300432874878674046873436778    -0.9864067427245862088712355192404874505368423920779157400220774736
0.0046045842567029551182905419802846884873678869555495231043212351    -0.9820961084357185360247656298916039261771460837738641440494417131
0.0051901618326763302050707671348494558588658077521556733426211360    -0.9771984914639073871653744265233175031366284193257527104573010640
0.0057726375428656985893346176260676394334417239386847261971230657    -0.9717168187471365809043383601832238351240252009708440826445969143
0.0063516631617071887872143278262312927916410792775150762601426821    -0.9656543664319652686458290265888043845556935056972681450101255950
0.0069268925668988135634266703603287752749602770314589025188606024    -0.9590147578536999280989185499731250790378197373713886526276874577
0.0074979819256347286876719626884701648308529998423949441907272584    -0.9518019613412643862177963015919561593445315636070419848865398561
0.0080645898904860579729285986978629610593527729726799800751122717    -0.9440202878302201821211114179004922737442696738750860051391376336
0.0086263777986167497049788437819684396452137586718798798636146959    -0.9356743882779163757831267548014192274043869894267729241333499747
0.0091830098716608743344787436884266832293647098222701549198950757    -0.9267692508789478433346245181745911439145818554237860637276170626
0.0097341534150068058635482660935589047251356586623295282066750452    -0.9173101980809605370364835801421655762865672654097903868825758530
0.0102794790158321571332153403263853695257778889553468868473542870    -0.9073028834017568139214859474891436581057476152135626812806299190
0.0108186607395030762476596462774688987394824251891689214580554218    -0.8967532880491581843864473976260460237522793361413587058805575667
0.0113513763240804166932816684525373096192472604675245513583213656    -0.8856677173453972174082924245324363560079547588862330125135768078
0.0118773073727402795758911069255782073821359665598416118515114200    -0.8740527969580317986954179548382691212297040505412207640693099419
0.0123961395439509229688217281973236532011157759984032733188296497    -0.8619154689395484605906322715950738435747079019685323416408334759
0.0129075627392673472204428340038636468535054260454477600335176886    -0.8492629875779689691636001289985796916385153799797373219220619638
0.0134112712886163323144889516161651770665950276430421087191989545    -0.8361029150609068471168753098139091332232815886899344696648776837
0.0139069641329519852442880073956063090328770911250753621025037515    -0.8224431169556438424645941858563622688390254123338474891373658494
0.0143943450041668461768238920085359950188060196611686722296846322    -0.8082917575079136601196422485814172876672975807150084911140356088
0.0148731226021473142523854985200772865729097064132947370802417482    -0.7936572947621932902433329466938067777959736464340173775361063558
0.0153430107688651440859908537414367495967725917552224088931991993    -0.7785484755064119668504940666992860501155501288840128301668695225
0.0158037286593993468589656316873812727048025921337621156622732651    -0.7629743300440947227797691434863305484478945518807011860074297053
0.0162550009097851870516574564770580068632877810297958336990260703    -0.7469441667970619811698824214344888031216236793031506712140806736
0.0166965578015892045890915079537988591735348089813620428885462854    -0.7304675667419088064717369429544396722086827115662850189158636673
0.0171281354231113768306809876188464431517717859859675855885629099    -0.7135543776835874133438599130308538765888457536158441578811727192
0.0175494758271177046487069256343757493190711699806212622230254261    -0.6962147083695143323850866024193475570050364439101901734350797146
0.0179603271850086859401969275249682890297636274566329966778085714    -0.6784589224477192593677556567047455855383033881825677934009026115
0.0183604439373313432212892909913047550971438225446930848209390244    -0.6602976322726460521059468347906982084256924790416461131460898952
0.0187495869405447086509195484738446078453723985089986590196702409    -0.6417416925623075571535249161773154003834144014079935617952271062
0.0191275236099509454865185316678404584155379671853704506992613642    -0.6228021939105849107615395986410058810500949217626210479236725157
0.0194940280587066028230219186812155069488592875769917293099155012    -0.6034904561585486242035731975307659855676066743557280212864077831
0.0198488812328308622199444132648765364947848566916829781585762186    -0.5838180216287630895500388572838996308633471247073545580860194716
0.0201918710421300411806731584061183511624837241966153803068666308    -0.5637966482266180839144307702081060179554939850549911476463513707
0.0205227924869600694322849677881611722303692320668355522493465167    -0.5434383024128103634441936271720789645402499462772749245208441905
0.0208414477807511491135839484228984416467773291089098746914970099    -0.5227551520511754784539479394958373796448815954868569615913984010
0.0211476464682213485370195351803973453241821429369044126556089951    -0.5017595591361444642896062933421115757346005624850273233913201021
0.0214412055392084601371118538780166341047450869209512264538891180    -0.4804640724041720258582757066710418467914331701247652242392726889
0.0217219495380520753752609577676135953543098560209166014699943668    -0.4588814198335521954490891304227067575389866267767810800200188638
0.0219897106684604914341221065991608020970084718797088936298493002    -0.4370245010371041629370429434172615823761576134880666560947430722
0.0222443288937997651046291336071980112736725009086479447879149695    -0.4149063795522750154922738792459613441946023072643238441130160135
0.0224856520327449668718246039405878742792789509611625721741009463    -0.3925402750332674427356481891223020402048805856097665590097866097
0.0227135358502364613097126359229307692028386786660665073842106902    -0.3699395553498590266165917411676473265887486453115208320999334004
0.0229278441436868469204109872093213993165434828508942129831261078    -0.3471177285976355084261627719714524305523975378876715227191073621
0.0231284488243870278792979024027679276821262182862799518454873887    -0.3240884350244133751832522791674558202047363211751144389428138435
0.0233152299940627601224156712727982634672947363053910371336576614    -0.3008654388776772026671540945069884667760169323710964317699386320
0.0234880760165359131530252732817873092841658940370390951688472287    -0.2774626201779044028062316340763862168888610427102758617643646134
0.0236468835844476151436513923028662756752619915840165103719608090    -0.2538939664226943208556179964956555811712545315614246677679529350
0.0237915577810034006387807098854127808457462915773278253755923617    -0.2301735642266599864109865772117636091045877997089402220467768001
0.0239220121367034556724504088170718891611154854585934153934821463    -0.2063155909020792171540580108279532902616815427785205411447562797
0.0240381686810240526375873168196378617696809695515441450166066300    -0.1823343059853371824103825748607777589595148160112874419253836247
0.0241399579890192849977166538904662342596790338363998581619208258    -0.1582440427142249339974754521394661498122709770668711283042786602
0.0242273192228152481200933084417862614806770639728818568816477742    -0.1340591994611877851175753172607962883303423839910283746488953617
0.0243002001679718653234426063638427198845244348115732512862519966    -0.1097942311276437466729746674011780325388217284975589956377270367
0.0243585572646906258532685202462857870114687413622189894094941090    -0.0854636405045154986364980344602491457400025902815966875407013242
0.0244023556338495820932979896942028107815348110176859177768727842    -0.0610819696041395681037870235223184632396823194001087161916606369
0.0244315690978500450548485614286404293928390152823508155715824729    -0.0366637909687334933302153487894488737896889795321320570584927706
0.0244461801962625182113258526106259550379187679456737081522367097    -0.0122236989606157641980521196674066318558859714298895541019080128
0.0244461801962625182113258526106259550379187679456737081522367097    0.0122236989606157641980521196674066318558859714298895541019080128
0.0244315690978500450548485614286404293928390152823508155715824729    0.0366637909687334933302153487894488737896889795321320570584927706
0.0244023556338495820932979896942028107815348110176859177768727842    0.0610819696041395681037870235223184632396823194001087161916606369
0.0243585572646906258532685202462857870114687413622189894094941090    0.0854636405045154986364980344602491457400025902815966875407013242
0.0243002001679718653234426063638427198845244348115732512862519966    0.1097942311276437466729746674011780325388217284975589956377270367
0.0242273192228152481200933084417862614806770639728818568816477742    0.1340591994611877851175753172607962883303423839910283746488953617
0.0241399579890192849977166538904662342596790338363998581619208258    0.1582440427142249339974754521394661498122709770668711283042786602
0.0240381686810240526375873168196378617696809695515441450166066300    0.1823343059853371824103825748607777589595148160112874419253836247
0.0239220121367034556724504088170718891611154854585934153934821463    0.2063155909020792171540580108279532902616815427785205411447562797
0.0237915577810034006387807098854127808457462915773278253755923617    0.2301735642266599864109865772117636091045877997089402220467768001
0.0236468835844476151436513923028662756752619915840165103719608090    0.2538939664226943208556179964956555811712545315614246677679529350
0.0234880760165359131530252732817873092841658940370390951688472287    0.2774626201779044028062316340763862168888610427102758617643646134
0.0233152299940627601224156712727982634672947363053910371336576614    0.3008654388776772026671540945069884667760169323710964317699386320
0.0231284488243870278792979024027679276821262182862799518454873887    0.3240884350244133751832522791674558202047363211751144389428138435
0.0229278441436868469204109872093213993165434828508942129831261078    0.3471177285976355084261627719714524305523975378876715227191073621
0.0227135358502364613097126359229307692028386786660665073842106902    0.3699395553498590266165917411676473265887486453115208320999334004
0.0224856520327449668718246039405878742792789509611625721741009463    0.3925402750332674427356481891223020402048805856097665590097866097
0.0222443288937997651046291336071980112736725009086479447879149695    0.4149063795522750154922738792459613441946023072643238441130160135
0.0219897106684604914341221065991608020970084718797088936298493002    0.4370245010371041629370429434172615823761576134880666560947430722
0.0217219495380520753752609577676135953543098560209166014699943668    0.4588814198335521954490891304227067575389866267767810800200188638
0.0214412055392084601371118538780166341047450869209512264538891180    0.4804640724041720258582757066710418467914331701247652242392726889
0.0211476464682213485370195351803973453241821429369044126556089951    0.5017595591361444642896062933421115757346005624850273233913201021
0.0208414477807511491135839484228984416467773291089098746914970099    0.5227551520511754784539479394958373796448815954868569615913984010
0.0205227924869600694322849677881611722303692320668355522493465167    0.5434383024128103634441936271720789645402499462772749245208441905
0.0201918710421300411806731584061183511624837241966153803068666308    0.5637966482266180839144307702081060179554939850549911476463513707
0.0198488812328308622199444132648765364947848566916829781585762186    0.5838180216287630895500388572838996308633471247073545580860194716
0.0194940280587066028230219186812155069488592875769917293099155012    0.6034904561585486242035731975307659855676066743557280212864077831
0.0191275236099509454865185316678404584155379671853704506992613642    0.6228021939105849107615395986410058810500949217626210479236725157
0.0187495869405447086509195484738446078453723985089986590196702409    0.6417416925623075571535249161773154003834144014079935617952271062
0.0183604439373313432212892909913047550971438225446930848209390244    0.6602976322726460521059468347906982084256924790416461131460898952
0.0179603271850086859401969275249682890297636274566329966778085714    0.6784589224477192593677556567047455855383033881825677934009026115
0.0175494758271177046487069256343757493190711699806212622230254261    0.6962147083695143323850866024193475570050364439101901734350797146
0.0171281354231113768306809876188464431517717859859675855885629099    0.7135543776835874133438599130308538765888457536158441578811727192
0.0166965578015892045890915079537988591735348089813620428885462854    0.7304675667419088064717369429544396722086827115662850189158636673
0.0162550009097851870516574564770580068632877810297958336990260703    0.7469441667970619811698824214344888031216236793031506712140806736
0.0158037286593993468589656316873812727048025921337621156622732651    0.7629743300440947227797691434863305484478945518807011860074297053
0.0153430107688651440859908537414367495967725917552224088931991993    0.7785484755064119668504940666992860501155501288840128301668695225
0.0148731226021473142523854985200772865729097064132947370802417482    0.7936572947621932902433329466938067777959736464340173775361063558
0.0143943450041668461768238920085359950188060196611686722296846322    0.8082917575079136601196422485814172876672975807150084911140356088
0.0139069641329519852442880073956063090328770911250753621025037515    0.8224431169556438424645941858563622688390254123338474891373658494
0.0134112712886163323144889516161651770665950276430421087191989545    0.8361029150609068471168753098139091332232815886899344696648776837
0.0129075627392673472204428340038636468535054260454477600335176886    0.8492629875779689691636001289985796916385153799797373219220619638
0.0123961395439509229688217281973236532011157759984032733188296497    0.8619154689395484605906322715950738435747079019685323416408334759
0.0118773073727402795758911069255782073821359665598416118515114200    0.8740527969580317986954179548382691212297040505412207640693099419
0.0113513763240804166932816684525373096192472604675245513583213656    0.8856677173453972174082924245324363560079547588862330125135768078
0.0108186607395030762476596462774688987394824251891689214580554218    0.8967532880491581843864473976260460237522793361413587058805575667
0.0102794790158321571332153403263853695257778889553468868473542870    0.9073028834017568139214859474891436581057476152135626812806299190
0.0097341534150068058635482660935589047251356586623295282066750452    0.9173101980809605370364835801421655762865672654097903868825758530
0.0091830098716608743344787436884266832293647098222701549198950757    0.9267692508789478433346245181745911439145818554237860637276170626
0.0086263777986167497049788437819684396452137586718798798636146959    0.9356743882779163757831267548014192274043869894267729241333499747
0.0080645898904860579729285986978629610593527729726799800751122717    0.9440202878302201821211114179004922737442696738750860051391376336
0.0074979819256347286876719626884701648308529998423949441907272584    0.9518019613412643862177963015919561593445315636070419848865398561
0.0069268925668988135634266703603287752749602770314589025188606024    0.9590147578536999280989185499731250790378197373713886526276874577
0.0063516631617071887872143278262312927916410792775150762601426821    0.9656543664319652686458290265888043845556935056972681450101255950
0.0057726375428656985893346176260676394334417239386847261971230657    0.9717168187471365809043383601832238351240252009708440826445969143
0.0051901618326763302050707671348494558588658077521556733426211360    0.9771984914639073871653744265233175031366284193257527104573010640
0.0046045842567029551182905419802846884873678869555495231043212351    0.9820961084357185360247656298916039261771460837738641440494417131
0.0040162549837386423131943434863030996300432874878674046873436778    0.9864067427245862088712355192404874505368423920779157400220774736
0.0034255260409102157743377846601331701204580294834201801883520985    0.9901278184917343833379303154719697898045840781496991121898018265
0.0028327514714579910952857346468190592620488651136600434856892787    0.9932571129002129353034372210859916523482273957412626496551089742
0.0022382884309626187436220542727159032219398681061037760392348137    0.9957927585349811868641612096205464167454382421479193906953652497
0.0016425030186690295387908755947980665493051121170893506308723397    0.9977332486255140198821574433476993814113566668955665278020294613
0.0010458126793403487793128516001069838462905197848345237808398105    0.9990774599773758950119877576835398293175905097952248754679316161
0.0004493809602920903763942922399887226543194535441017435365063672    0.9998248879471319144736080829818741716017440753274767940387662650
