0.0404840047653158795200215922009860600419865457449888681350466075    -0.9841830547185881494728294488071096110649905619258749086940073204
0.0921214998377284479144217759537971209236839998622368390883915473    -0.9175983992229779652065478365007195123904747901116832958952853457
0.1388735102197872384636017768688714676218627182632982276463550165    -0.8015780907333099127942064895828598903056157247905000298973847139
0.1781459807619457382800466919960979955128126506610165029867944403    -0.6423493394403402206439846069955156500716973982615768573891424079
0.2078160475368885023125232193060527633865826091995035492191111199    -0.4484927510364468528779128521276398678019216674417578789582829475
0.2262831802628972384120901860397766184347577376155570198649685488    -0.2304583159551347940655281210979888352115423758835311634692614978
0.2325515532308739101945895152688359481566274773067979861186654393    0.0000000000000000000000000000000000000000000000000000000000000000
0.2262831802628972384120901860397766184347577376155570198649685488    0.2304583159551347940655281210979888352115423758835311634692614978
0.2078160475368885023125232193060527633865826091995035492191111199    0.4484927510364468528779128521276398678019216674417578789582829475
0.1781459807619457382800466919960979955128126506610165029867944403    0.6423493394403402206439846069955156500716973982615768573891424079
0.1388735102197872384636017768688714676218627182632982276463550165    0.8015780907333099127942064895828598903056157247905000298973847139
0.0921214998377284479144217759537971209236839998622368390883915473    0.9175983992229779652065478365007195123904747901116832958952853457
0.0404840047653158795200215922009860600419865457449888681350466075    0.9841830547185881494728294488071096110649905619258749086940073204
