0.0074708315792487758586968750322124070221508524840480396992709703    -0.9970874818194770740556265542231025082514453341170696307921237189
0.0173186207903105824631579960868211413662728627679957766327551838    -0.9846859096651524840024651667346847109385182695146436709457286594
0.0270090191849794218006087080919321561423566460021166458568747498    -0.9625039250929496617890524041058583018972194851525583767733513570
0.0364322739123854640243920104678034423271453320476676859014190394    -0.9307569978966481649569457597292635128133976872580820364553363752
0.0454937075272011029023158578946296772635527193100289648935166361    -0.8897600299482710433741920089821592615435974118651909497631320559
0.0541030824249168537116662590866200427203894625962118076940078211    -0.8399203201462673400869045359401783560547373010747495228313606139
0.0621747865610284269103435436866966671587287993646513152815075053    -0.7817331484166249404063600201946844910954103720133988800648750627
0.0696285832354103661677561262551257105150857073973433937110727170    -0.7157767845868532839059708653664859558901934761695884326281082456
0.0763903865987766164263576749013306449257569136942086540921900816    -0.6427067229242603461844182032325014539916906833362067565093045965
0.0823929917615892639038233674319617706157682665566462778103839243    -0.5632491614071492627209449235951614279486022731668870309857687837
0.0875767406084778761261980696953330922292581597712042515035412120    -0.4781937820449024804405940393564857484395233714974231248381610510
0.0918901138936414782153628716071501254973108253791578041784856165    -0.3883859016082329430613514612875201019851062678935440357578128785
0.0952902429123195128072041974875966845413247382469590227114494659    -0.2947180699817016166179038976717043387528551852783585569362958822
0.0977433353863287250934740109789967038357287886760951145095146445    -0.1981211993355706287724129960328339377747948121615548799868022543
0.0992250112266723078748755144286150140175432199555630697812031425    -0.0995553121523415203251747901189407338389953587775273060602270910
0.0997205447934264514275338337343494396432534115002043514856145796    0.0000000000000000000000000000000000000000000000000000000000000000
0.0992250112266723078748755144286150140175432199555630697812031425    0.0995553121523415203251747901189407338389953587775273060602270910
0.0977433353863287250934740109789967038357287886760951145095146445    0.1981211993355706287724129960328339377747948121615548799868022543
0.0952902429123195128072041974875966845413247382469590227114494659    0.2947180699817016166179038976717043387528551852783585569362958822
0.0918901138936414782153628716071501254973108253791578041784856165    0.3883859016082329430613514612875201019851062678935440357578128785
0.0875767406084778761261980696953330922292581597712042515035412120    0.4781937820449024804405940393564857484395233714974231248381610510
0.0823929917615892639038233674319617706157682665566462778103839243    0.5632491614071492627209449235951614279486022731668870309857687837
0.0763903865987766164263576749013306449257569136942086540921900816    0.6427067229242603461844182032325014539916906833362067565093045965
0.0696285832354103661677561262551257105150857073973433937110727170    0.7157767845868532839059708653664859558901934761695884326281082456
0.0621747865610284269103435436866966671587287993646513152815075053    0.7817331484166249404063600201946844910954103720133988800648750627
0.0541030824249168537116662590866200427203894625962118076940078211    0.8399203201462673400869045359401783560547373010747495228313606139
0.0454937075272011029023158578946296772635527193100289648935166361    0.8897600299482710433741920089821592615435974118651909497631320559
0.0364322739123854640243920104678034423271453320476676859014190394    0.9307569978966481649569457597292635128133976872580820364553363752
0.0270090191849794218006087080919321561423566460021166458568747498    0.9625039250929496617890524041058583018972194851525583767733513570
0.0173186207903105824631579960868211413662728627679957766327551838    0.9846859096651524840024651667346847109385182695146436709457286594
0.0074708315792487758586968750322124070221508524840480396992709703    0.9970874818194770740556265542231025082514453341170696307921237189
