0.0004163517710942105104599468911718656036945333018300771703554124    -0.9998377589097491641954678107388944234532668223370112742243748474
0.0009689639222406799741757379913798388064625155723006406493863854    -0.9991452600354489931819816705373995323330556469298791387963036884
0.0015218582311253291012616807308110798615866041989328805641742518    -0.9978998039457667465341309243999058666130613804789729839969780052
0.0020739809309346221182615565312195762848383641587781838535593043    -0.9961018035109374443223213758616798083110873899210580177845972325
0.0026249694388449361629102996046447354182288605278000320088234033    -0.9937522204672892036690145829683401172590185994845550690972092360
0.0031745086385857400001781169107801398849568797232577780767520785    -0.9908523478048996518528026477754892715460212569379224849459457189
0.0037222915675267794051711063684959619894422052828232193712518229    -0.9874037886403357073410007616377236181751848490883110457264393928
0.0042680139863078403056601910233678950186395751051897613056635587    -0.9834084515244046824950425322331893326806021627473654705198817449
0.0048113733356515763377277781580441067516823427114730845635193065    -0.9788685483740384856652453353597152516489537312339433474129603451
0.0053520685628053046269907885850030778810970405326462110837923223    -0.9737865929110662203696783375938775074141396039627034548703582823
0.0058898001730062450760093835567239840473064767258758610298902176    -0.9681653991393764052174170299358118741335074730064330638180105194
0.0064242703507707236305025005059313117407086917580685003793865736    -0.9620080797294672498750854532399632776837498894006227122734891785
0.0069551831056920987567048136885110922347153636718197687578315780    -0.9553180442674462076654915496018764029963599828077294995215166119
0.0074822444274325137533182312909742630277932774333809439387822988    -0.9480989973529027233274467736030856719650059741882882795223162092
0.0080051624440839034805352060794699062923495955001246023784370932    -0.9403549365398079828547290401004849955905417044384775109566051674
0.0085236475814440062025151100260867734094369645263025590907692953    -0.9320901501184637633787993974437746553107261366681740280741227288
0.0090374127220676250395161363944477076100327123873838000507866401    -0.9233092147382225367135955987806605305233873200017541674687781263
0.0095461733635075738134103279650665423189429701794433274581412138    -0.9140169928715259143134003065213493447833978176203643236898962983
0.0100496477754093848430132501727906854040480396027427626469697463    -0.9042186301202535004198551058490130906387706633592350571835629849
0.0105475571552430021190536327411080624364957345330050954732531142    -0.8939195523656435688672704024100728560699828149165338374842035458
0.0110396257825145912673833865020133550261275784659344980819493588    -0.8831254627632305251606391033536447867995554847316196415954467136
0.0115255811713332408800204509160702079258713357179859924728689720    -0.8718423385843835575046971819676732053923639547705241287564971825
0.0120051542212248898541247164086627058695823708554381768118186424    -0.8600764279061465078293020176291548720951171182976480526285547626
0.0124780793660960894313038826097934953994005053416485930566568233    -0.8478342461511810906422000632844041995275312677033519802766575199
0.0129440947212565890401802207010408074172892050155269774041560827    -0.8351225724797095541864017182528217741285748117534135128621956206
0.0134029422284139771600630201821721073358293034028210427642403371    -0.8219484460354416377222808881901565140208175072398124361898615170
0.0138543677985566504165063263958674124256174970262548884341128609    -0.8083191620475558525681385982207122345218269413965365886646077986
0.0142981214526437422383800407243153570921487128764786153028118129    -0.7942422677908876198768193184286064438680991245018599611196554744
0.0147339574600226082861306436373751196478326009506129515296041303    -0.7797255584065571595617154611952395982027573999286660940065343580
0.0151616344744962081907950319161699940213529385156362800709493475    -0.7647770725853485427104378820009490558268372330403565836535615702
0.0155809156679643415790739035523394695895588414750400502502399746    -0.7494050881162281636936630978429992176980609732968897004276725986
0.0159915688615642508789509633968630466091183506592334282444865801    -0.7336181173024661494121826224922371105552591580987970856132196321
0.0163933666542376306759077136345190972582796170922652536410593634    -0.7174249022478979458316187851467159830321304114944086279071782929
0.0167860865486526061294905210199098219921522506099884768884637082    -0.7008344100159355211277222657538612763610819749028349357491717544
0.0171695110744107753446854285062949032848620215276620604778929233    -0.6838558276640082972999401835124211338442576868707901360568211667
0.0175434279084709615041369785737731703808026682731333853856049450    -0.6664985571561830535753788652387532777147989387871053122817957078
0.0179076299927228955391494408288296005842374389864333407729304885    -0.6487722101567796138053532869768087285240240543389849417744895264
0.0182619156486456525330518882616821275667658482321053141109672681    -0.6306866027078651104576273107771814746943350852215485019150359640
0.0186060886889872968912390555001258287710400633359707560417044220    -0.6122517497935739812009124634448657924818328558862934862155283800
0.0189399585264038536310079700895175830722059454030687742305919897    -0.5934778597942635704499474225442633322514300523115057325991444867
0.0192633402789974163700620407261994448581135352777629407316645758    -0.5743753288335762468545229779957081335554445938457873011673837300
0.0195760548726949267279743455294870410912977334304094373102104147    -0.5549547350215382776365790356385662565328922664084890647355474251
0.0198779291404109146070501154239048036673595997448172080474014005    -0.5352268325968832911222971756765067695933864202787283179340162024
0.0201687959179392736863403959879734120224359215870528707077727665    -0.5152025459718439794004062090250396709921949406518803502363210270
0.0204484941365209607936030911931338848206484378653634086930020130    -0.4948929636827097139636728928525399004306892565772962018076235443
0.0207168689120363508536170984376827211755182542894628003034054308    -0.4743093322494999393667807116663698129282178135214225763395742189
0.0209737716307728500042620867875185035951950065539261936099262487    -0.4534630499481535450736034205046524448730994167499697322058283259
0.0212190600317202673184108747684090667817348588135092424200420482    -0.4323656604986828663591707471102463268564727138947520771994729135
0.0214525982853483694153128418279352707966458589971770045438719006    -0.4110288466727875048964768642236180847468812599821895603314775306
0.0216742570688229910961495817184580928539390234770615111763397049    -0.3894644238244677629905973950160741612974873497736041135000223144
0.0218839136376190479693848164824064320380546189392828066934594021    -0.3676843333472201278272978913052943962980218228186751448949629289
0.0220814518934907927904915582959403433952766542566011739787643651    -0.3457006360614379001244336513382684332061294814248106020903904952
0.0222667624487616748532321317109933304617193812529642231250979065    -0.3235255055356787128193994579631774509869994596120067797559332661
0.0224397426868982001421205978458208721687823498690560658383994253    -0.3011712213454973085864363735795451458293815911911825657610185754
0.0226002968193342479772904804784005715054218259132195905299377578    -0.2786501622735765198479158023602477218918393749788352497003724803
0.0227483359385143764280088862521992319217539131833809543724545962    -0.2559747994549219024363389365120383973223166315938542747561876421
0.0228837780671267427004329805157550720912367004671660646223858229    -0.2331576894709158962237776161099754045982086764405525288244148359
0.0230065482034983748678078249201807162892591029666841200169722808    -0.2102114673960557060531001738816206703185055846568992422737661166
0.0231165783631276565452612191579236325978093668815079978747302536    -0.1871488398012252985274176256983923625773705159430208135101974536
0.0232138076163310252450242477500321751244318267853669494667424768    -0.1639825777173759801544462779449713137985054959595135866328513481
0.0232981821219830370008835447548461766545696146940836016386638207    -0.1407255095635119466907091610382343382884005280632125301253590375
0.0233696551573311132346627124058756410606824781441383374799053380    -0.1173905140428969601609108700209839193527696931821159472105169412
0.0234281871438684595572127409462824026052880183394089330073253591    -0.0939905130114159080065138747429737995120961001079804931680031065
0.0234737456692508290502151366529536374732424980503038277355259300    -0.0705384643220404184091168611503888284615505624598184256149600043
0.0235063055052449933560689889240893378333737975238558161750360773    -0.0470473546493609385076224284243546084204806745895430628523773326
0.0235258486216989823995555854797157527741083558317065575018612580    -0.0235301922981587206617234248238794172582158485328512183404231825
0.0235323641965263565612133929050372300991348513366248331489315566    0.0000000000000000000000000000000000000000000000000000000000000000
0.0235258486216989823995555854797157527741083558317065575018612580    0.0235301922981587206617234248238794172582158485328512183404231825
0.0235063055052449933560689889240893378333737975238558161750360773    0.0470473546493609385076224284243546084204806745895430628523773326
0.0234737456692508290502151366529536374732424980503038277355259300    0.0705384643220404184091168611503888284615505624598184256149600043
0.0234281871438684595572127409462824026052880183394089330073253591    0.0939905130114159080065138747429737995120961001079804931680031065
0.0233696551573311132346627124058756410606824781441383374799053380    0.1173905140428969601609108700209839193527696931821159472105169412
0.0232981821219830370008835447548461766545696146940836016386638207    0.1407255095635119466907091610382343382884005280632125301253590375
0.0232138076163310252450242477500321751244318267853669494667424768    0.1639825777173759801544462779449713137985054959595135866328513481
0.0231165783631276565452612191579236325978093668815079978747302536    0.1871488398012252985274176256983923625773705159430208135101974536
0.0230065482034983748678078249201807162892591029666841200169722808    0.2102114673960557060531001738816206703185055846568992422737661166
0.0228837780671267427004329805157550720912367004671660646223858229    0.2331576894709158962237776161099754045982086764405525288244148359
0.0227483359385143764280088862521992319217539131833809543724545962    0.2559747994549219024363389365120383973223166315938542747561876421
0.0226002968193342479772904804784005715054218259132195905299377578    0.2786501622735765198479158023602477218918393749788352497003724803
0.0224397426868982001421205978458208721687823498690560658383994253    0.3011712213454973085864363735795451458293815911911825657610185754
0.0222667624487616748532321317109933304617193812529642231250979065    0.3235255055356787128193994579631774509869994596120067797559332661
0.0220814518934907927904915582959403433952766542566011739787643651    0.3457006360614379001244336513382684332061294814248106020903904952
0.0218839136376190479693848164824064320380546189392828066934594021    0.3676843333472201278272978913052943962980218228186751448949629289
0.0216742570688229910961495817184580928539390234770615111763397049    0.3894644238244677629905973950160741612974873497736041135000223144
0.0214525982853483694153128418279352707966458589971770045438719006    0.4110288466727875048964768642236180847468812599821895603314775306
0.0212190600317202673184108747684090667817348588135092424200420482    0.4323656604986828663591707471102463268564727138947520771994729135
0.0209737716307728500042620867875185035951950065539261936099262487    0.4534630499481535450736034205046524448730994167499697322058283259
0.0207168689120363508536170984376827211755182542894628003034054308    0.4743093322494999393667807116663698129282178135214225763395742189
0.0204484941365209607936030911931338848206484378653634086930020130    0.4948929636827097139636728928525399004306892565772962018076235443
0.0201687959179392736863403959879734120224359215870528707077727665    0.5152025459718439794004062090250396709921949406518803502363210270
0.0198779291404109146070501154239048036673595997448172080474014005    0.5352268325968832911222971756765067695933864202787283179340162024
0.0195760548726949267279743455294870410912977334304094373102104147    0.5549547350215382776365790356385662565328922664084890647355474251
0.0192633402789974163700620407261994448581135352777629407316645758    0.5743753288335762468545229779957081335554445938457873011673837300
0.0189399585264038536310079700895175830722059454030687742305919897    0.5934778597942635704499474225442633322514300523115057325991444867
0.0186060886889872968912390555001258287710400633359707560417044220    0.6122517497935739812009124634448657924818328558862934862155283800
0.0182619156486456525330518882616821275667658482321053141109672681    0.6306866027078651104576273107771814746943350852215485019150359640
0.0179076299927228955391494408288296005842374389864333407729304885    0.6487722101567796138053532869768087285240240543389849417744895264
0.0175434279084709615041369785737731703808026682731333853856049450    0.6664985571561830535753788652387532777147989387871053122817957078
0.0171695110744107753446854285062949032848620215276620604778929233    0.6838558276640082972999401835124211338442576868707901360568211667
0.0167860865486526061294905210199098219921522506099884768884637082    0.7008344100159355211277222657538612763610819749028349357491717544
0.0163933666542376306759077136345190972582796170922652536410593634    0.7174249022478979458316187851467159830321304114944086279071782929
0.0159915688615642508789509633968630466091183506592334282444865801    0.7336181173024661494121826224922371105552591580987970856132196321
0.0155809156679643415790739035523394695895588414750400502502399746    0.7494050881162281636936630978429992176980609732968897004276725986
0.0151616344744962081907950319161699940213529385156362800709493475    0.7647770725853485427104378820009490558268372330403565836535615702
0.0147339574600226082861306436373751196478326009506129515296041303    0.7797255584065571595617154611952395982027573999286660940065343580
0.0142981214526437422383800407243153570921487128764786153028118129    0.7942422677908876198768193184286064438680991245018599611196554744
0.0138543677985566504165063263958674124256174970262548884341128609    0.8083191620475558525681385982207122345218269413965365886646077986
0.0134029422284139771600630201821721073358293034028210427642403371    0.8219484460354416377222808881901565140208175072398124361898615170
0.0129440947212565890401802207010408074172892050155269774041560827    0.8351225724797095541864017182528217741285748117534135128621956206
0.0124780793660960894313038826097934953994005053416485930566568233    0.8478342461511810906422000632844041995275312677033519802766575199
0.0120051542212248898541247164086627058695823708554381768118186424    0.8600764279061465078293020176291548720951171182976480526285547626
0.0115255811713332408800204509160702079258713357179859924728689720    0.8718423385843835575046971819676732053923639547705241287564971825
0.0110396257825145912673833865020133550261275784659344980819493588    0.8831254627632305251606391033536447867995554847316196415954467136
0.0105475571552430021190536327411080624364957345330050954732531142    0.8939195523656435688672704024100728560699828149165338374842035458
0.0100496477754093848430132501727906854040480396027427626469697463    0.9042186301202535004198551058490130906387706633592350571835629849
0.0095461733635075738134103279650665423189429701794433274581412138    0.9140169928715259143134003065213493447833978176203643236898962983
0.0090374127220676250395161363944477076100327123873838000507866401    0.9233092147382225367135955987806605305233873200017541674687781263
0.0085236475814440062025151100260867734094369645263025590907692953    0.9320901501184637633787993974437746553107261366681740280741227288
0.0080051624440839034805352060794699062923495955001246023784370932    0.9403549365398079828547290401004849955905417044384775109566051674
0.0074822444274325137533182312909742630277932774333809439387822988    0.9480989973529027233274467736030856719650059741882882795223162092
0.0069551831056920987567048136885110922347153636718197687578315780    0.9553180442674462076654915496018764029963599828077294995215166119
0.0064242703507707236305025005059313117407086917580685003793865736    0.9620080797294672498750854532399632776837498894006227122734891785
0.0058898001730062450760093835567239840473064767258758610298902176    0.9681653991393764052174170299358118741335074730064330638180105194
0.0053520685628053046269907885850030778810970405326462110837923223    0.9737865929110662203696783375938775074141396039627034548703582823
0.0048113733356515763377277781580441067516823427114730845635193065    0.9788685483740384856652453353597152516489537312339433474129603451
0.0042680139863078403056601910233678950186395751051897613056635587    0.9834084515244046824950425322331893326806021627473654705198817449
0.0037222915675267794051711063684959619894422052828232193712518229    0.9874037886403357073410007616377236181751848490883110457264393928
0.0031745086385857400001781169107801398849568797232577780767520785    0.9908523478048996518528026477754892715460212569379224849459457189
0.0026249694388449361629102996046447354182288605278000320088234033    0.9937522204672892036690145829683401172590185994845550690972092360
0.0020739809309346221182615565312195762848383641587781838535593043    0.9961018035109374443223213758616798083110873899210580177845972325
0.0015218582311253291012616807308110798615866041989328805641742518    0.9978998039457667465341309243999058666130613804789729839969780052
0.0009689639222406799741757379913798388064625155723006406493863854    0.9991452600354489931819816705373995323330556469298791387963036884
0.0004163517710942105104599468911718656036945333018300771703554124    0.9998377589097491641954678107388944234532668223370112742243748474
