0.0007805332219425612457235723328661765186221078960057833944559222    -0.9996958399952467249119678885435253758111925248528887696337342372
0.0018161463982100396095076950793842075365127208656729899823943696    -0.9983977458605664367332442431164583670645601404207940612432656366
0.0028514092432130557714195080557445761623773587664714896358399508    -0.9960637894774884130243118054768640217049367931720461613853567661
0.0038838453294892944217326523492339775081587843003594707490478035    -0.9926958747785516092581502926157553757046307002155226030315521718
0.0049122762621660281308352822421924284689446494316317032708390010    -0.9882974345018387873178935441675604926232672620125962789704345717
0.0059356156307882229541832969533374067171667238672448888228620869    -0.9828730196135283510359237885701897945430873495065171033295534266
0.0069527960964694055264651309989933757228980449966394908064005315    -0.9764282563086197649242448308830459638320428670578271748049247788
0.0079627599978654955955986588637441051834782096714171961818098909    -0.9689698330349509221001101220322545998767168328777013119782318294
0.0089644581766979994325651844126043733873255990261425561379323089    -0.9605054916527872461574864504490836061157265142512270737100482998
0.0099568504270840449482378535820760247601508156926317963211612381    -0.9510440187666391952109074191680013530620000322135082271430516044
0.0109389063591959489539671602004854943371675833757700648141777809    -0.9405952363580279843716848708469000699285927753725405878982906804
0.0119096063853307568327362308910829165610195649060208163325626916    -0.9291699914816191408222601800124534435664255787386450793690341492
0.0128679427424933866757113519643176127583399222302706374903911614    -0.9167801449531888880497959994823039127393557360587786936104446051
0.0138129205218530432711490047584341318241797656840677777691025043    -0.9034385590101216164149123341927343724644916550171741501889696595
0.0147435586932369501763598246196342940030076800063990049186227017    -0.8891590839443003620390285991581128393585444288822626630583063555
0.0156588911191569205202070069102609730867731977545383318802018770    -0.8739565437154142153592033123880273353312032499784492633722350352
0.0165579675553424566290280726106140976952323062053492873802134607    -0.8578467205567903012605581057000680937196717300149234425226102750
0.0174398546358078046394054910249783339419529491760455616023444205    -0.8408463385882867674575149338203867528598360173139067088420603293
0.0183036368409641408222915990396983152310172729856617058584747393    -0.8229730464524844417504198400276577014374320553934918954278961787
0.0191484174475281293352566903485527880973850268720641473243169355    -0.8042453989917705654788879601398708905517673941069370788957787718
0.0199733194591080468881891659731113248962725356228994395620161781    -0.7846828379850857288304143104497836099296584814856771514370430819
0.0207774865164265684979897752277945947021085885851748163758620305    -0.7643056719641820569020056593117326237006663735958035837857856775
0.0215600837861917182784347109816934260834268957535106912249804843    -0.7431350551302539380430621575369852408995417610998237677762925255
0.0223202988276671323786231546263539829335035890999792879869512964    -0.7211929653927705249462370909055448134009209267299210044040127179
0.0230573424360259957963961659968939432560876720469157304741539267    -0.6985021815532711166367793006113908544245105131522056389962536975
0.0237704494616030688210418479536270384947014045072118035678710447    -0.6750862596577849658245652760432408501155255301909185093732961281
0.0244588796041878472905995990660240188760674469211676956015184334    -0.6509695085424082551096241987008462244456818409570160109454380075
0.0251219181815300467356521274132282565098754101353833132820262297    -0.6261769645974138545129885403201227276151479846764775349014689119
0.0257588768712567848953522565851150176347000101221757151299115624    -0.6007343657760842083769192663447995992993849632661094137100514897
0.0263690944254293497570785297109834441360173559521287614081804585    -0.5746681248752441043273775149362131861939964055426648003815483239
0.0269519373569964406736335798685139244148451868235457571753404410    -0.5480053021152277346559858522141772978209241291611640548875363334
0.0275068005974303425600962000268501086459677918597999420754421392    -0.5207735770477428365472201115897877261378645337219802320055768647
0.0280331081248626775268053095632678147264776428163488039640052720    -0.4930012198207931972453205920436972165519873568803154489938545415
0.0285303135620671875182380016416915478204231258304116514309566397    -0.4647170618304888134072756773993840018069511378513170308432481738
0.0289979007436684318720523443203490661679141134897799947349204751    -0.4359504657902098764383855371272690057189600696608900575907861175
0.0294353842519873208642428892799745176606555639074319714155673422    -0.4067312952481959028842059807733563720649628310942814636540708227
0.0298423099209670290345781913333839914526306476679316139393909938    -0.3770898835852041443009730194654182527574716258292046122010080090
0.0302182553076560145345207512480239079288104127841631918945999363    -0.3470570025244213214819133703515346994894845354212368117510672158
0.0305628301307585838613509917693859281619171567286102445039427780    -0.3166638301863191880611975805325810214437549514308870613114930592
0.0308756766757976538243264569497272711989833299806427519679416460    -0.2859419187216169231737694177289872804605758168632396387962018095
0.0311564701664690414577510966539452003375409399935674545640735688    -0.2549231615559513990250672498305673180495829261961658176931710884
0.0314049191018017236245779804169194196460245679434191800929346419    -0.2236397602802595175551852983032890748595572503690099936286439948
0.0316207655587740160429490535003384111271148501189199172576950264    -0.1921241912212446462357200577519403849446534496123367743581480126
0.0318037854600714904449536939937412170413620803666995577839600372    -0.1604091717266313273827804330591520533179212246548981015217378665
0.0319537888067086419452838195298000831877559560011244458108340932    -0.1285276262002085454696832971522972336049622103690049944523283568
0.0320706198752727993492795273133018721169393277147763230329096889    -0.0965126519219216069016568762186200136723225580323167794963104031
0.0321541573795855015357799897485343342502113244718008060613440319    -0.0643974846884958480218846428579015402280462001640249501000072645
0.0322043145966135053347574824254700989220276730375748260529500410    -0.0322154643102617089110519882517114965433055717679583487421053840
0.0322210394564987063261680792874412563358542320129992219091363727    0.0000000000000000000000000000000000000000000000000000000000000000
0.0322043145966135053347574824254700989220276730375748260529500410    0.0322154643102617089110519882517114965433055717679583487421053840
0.0321541573795855015357799897485343342502113244718008060613440319    0.0643974846884958480218846428579015402280462001640249501000072645
0.0320706198752727993492795273133018721169393277147763230329096889    0.0965126519219216069016568762186200136723225580323167794963104031
0.0319537888067086419452838195298000831877559560011244458108340932    0.1285276262002085454696832971522972336049622103690049944523283568
0.0318037854600714904449536939937412170413620803666995577839600372    0.1604091717266313273827804330591520533179212246548981015217378665
0.0316207655587740160429490535003384111271148501189199172576950264    0.1921241912212446462357200577519403849446534496123367743581480126
0.0314049191018017236245779804169194196460245679434191800929346419    0.2236397602802595175551852983032890748595572503690099936286439948
0.0311564701664690414577510966539452003375409399935674545640735688    0.2549231615559513990250672498305673180495829261961658176931710884
0.0308756766757976538243264569497272711989833299806427519679416460    0.2859419187216169231737694177289872804605758168632396387962018095
0.0305628301307585838613509917693859281619171567286102445039427780    0.3166638301863191880611975805325810214437549514308870613114930592
0.0302182553076560145345207512480239079288104127841631918945999363    0.3470570025244213214819133703515346994894845354212368117510672158
0.0298423099209670290345781913333839914526306476679316139393909938    0.3770898835852041443009730194654182527574716258292046122010080090
0.0294353842519873208642428892799745176606555639074319714155673422    0.4067312952481959028842059807733563720649628310942814636540708227
0.0289979007436684318720523443203490661679141134897799947349204751    0.4359504657902098764383855371272690057189600696608900575907861175
0.0285303135620671875182380016416915478204231258304116514309566397    0.4647170618304888134072756773993840018069511378513170308432481738
0.0280331081248626775268053095632678147264776428163488039640052720    0.4930012198207931972453205920436972165519873568803154489938545415
0.0275068005974303425600962000268501086459677918597999420754421392    0.5207735770477428365472201115897877261378645337219802320055768647
0.0269519373569964406736335798685139244148451868235457571753404410    0.5480053021152277346559858522141772978209241291611640548875363334
0.0263690944254293497570785297109834441360173559521287614081804585    0.5746681248752441043273775149362131861939964055426648003815483239
0.0257588768712567848953522565851150176347000101221757151299115624    0.6007343657760842083769192663447995992993849632661094137100514897
0.0251219181815300467356521274132282565098754101353833132820262297    0.6261769645974138545129885403201227276151479846764775349014689119
0.0244588796041878472905995990660240188760674469211676956015184334    0.6509695085424082551096241987008462244456818409570160109454380075
0.0237704494616030688210418479536270384947014045072118035678710447    0.6750862596577849658245652760432408501155255301909185093732961281
0.0230573424360259957963961659968939432560876720469157304741539267    0.6985021815532711166367793006113908544245105131522056389962536975
0.0223202988276671323786231546263539829335035890999792879869512964    0.7211929653927705249462370909055448134009209267299210044040127179
0.0215600837861917182784347109816934260834268957535106912249804843    0.7431350551302539380430621575369852408995417610998237677762925255
0.0207774865164265684979897752277945947021085885851748163758620305    0.7643056719641820569020056593117326237006663735958035837857856775
0.0199733194591080468881891659731113248962725356228994395620161781    0.7846828379850857288304143104497836099296584814856771514370430819
0.0191484174475281293352566903485527880973850268720641473243169355    0.8042453989917705654788879601398708905517673941069370788957787718
0.0183036368409641408222915990396983152310172729856617058584747393    0.8229730464524844417504198400276577014374320553934918954278961787
0.0174398546358078046394054910249783339419529491760455616023444205    0.8408463385882867674575149338203867528598360173139067088420603293
0.0165579675553424566290280726106140976952323062053492873802134607    0.8578467205567903012605581057000680937196717300149234425226102750
0.0156588911191569205202070069102609730867731977545383318802018770    0.8739565437154142153592033123880273353312032499784492633722350352
0.0147435586932369501763598246196342940030076800063990049186227017    0.8891590839443003620390285991581128393585444288822626630583063555
0.0138129205218530432711490047584341318241797656840677777691025043    0.9034385590101216164149123341927343724644916550171741501889696595
0.0128679427424933866757113519643176127583399222302706374903911614    0.9167801449531888880497959994823039127393557360587786936104446051
0.0119096063853307568327362308910829165610195649060208163325626916    0.9291699914816191408222601800124534435664255787386450793690341492
0.0109389063591959489539671602004854943371675833757700648141777809    0.9405952363580279843716848708469000699285927753725405878982906804
0.0099568504270840449482378535820760247601508156926317963211612381    0.9510440187666391952109074191680013530620000322135082271430516044
0.0089644581766979994325651844126043733873255990261425561379323089    0.9605054916527872461574864504490836061157265142512270737100482998
0.0079627599978654955955986588637441051834782096714171961818098909    0.9689698330349509221001101220322545998767168328777013119782318294
0.0069527960964694055264651309989933757228980449966394908064005315    0.9764282563086197649242448308830459638320428670578271748049247788
0.0059356156307882229541832969533374067171667238672448888228620869    0.9828730196135283510359237885701897945430873495065171033295534266
0.0049122762621660281308352822421924284689446494316317032708390010    0.9882974345018387873178935441675604926232672620125962789704345717
0.0038838453294892944217326523492339775081587843003594707490478035    0.9926958747785516092581502926157553757046307002155226030315521718
0.0028514092432130557714195080557445761623773587664714896358399508    0.9960637894774884130243118054768640217049367931720461613853567661
0.0018161463982100396095076950793842075365127208656729899823943696    0.9983977458605664367332442431164583670645601404207940612432656366
0.0007805332219425612457235723328661765186221078960057833944559222    0.9996958399952467249119678885435253758111925248528887696337342372
