0.0055657196642450453612559843905478374172245918941785101760579134    -0.9978304624840858361988283455807502386498164623966313125905411678
0.0129159472840655744045034114977916491919612128514796718500303920    -0.9885864789022122380733951078771074466071625200652870557881915271
0.0201815152977354715320989289582211274195865102408615652505493692    -0.9720276910496979493356050484311083276160463962659517405728122839
0.0272986214985687790944171808679833579904568281420508553554141450    -0.9482729843995075452024741149452278462893765253336736325502110369
0.0342138107703072299212450615627145540700969113267764835297438458    -0.9174977745156590660758672230261563999369094678136548558519931067
0.0408757509236448954741145451432631915479370611190781462078432939    -0.8799298008903971319824273374658355887732928420807569277678735984
0.0472350834902659784166168296166748320731517874343696302640183793    -0.8358471669924753064188208724986006533467793793923251442188642595
0.0532447139777599190920256282862196496889296110589429206872737677    -0.7855762301322065128277689650802926033023305058396013606481326372
0.0588601442453248173096753998189200359427540957825592892456530514    -0.7294891715935565820902604790061089855658430469051970041058310804
0.0640397973550154895563847986258563397460214705508407249274347432    -0.6680012365855210620971913443409176391647024902126376534015958648
0.0687453238357364426136896393636132083417307646421384912295507262    -0.6015676581359805350799449750735947517429541559867519099752375920
0.0729418850056530613538733769412742182869469526169905444028124150    -0.5306802859262451616407090801215698176612228726468220764758785608
0.0765984106458706745287577337215016417279275568319918337820378465    -0.4558639444334202672072176693274409259578423882968574726561795095
0.0796878289120716019087246655018639073275341575147260201875516705    -0.3776725471196892163227363896699076221661728048852878662073906701
0.0821872667043397095172234735449423028649630729346221209808090284    -0.2966849953440282705032390477451704527002418229598253267016144528
0.0840782189796619349334576242915958212039359139576060455039823715    -0.2135008923168655789432262289027139167584617312727681945501039104
0.0853466857393386274918505430764897709987865854972912941284849709    -0.1287361038093847886519933880051523011772897245993731336059028910
0.0859832756703947474900851747905265541600549156034958522907520701    -0.0430181984737086072269689782283634345542947948060091897684001806
0.0859832756703947474900851747905265541600549156034958522907520701    0.0430181984737086072269689782283634345542947948060091897684001806
0.0853466857393386274918505430764897709987865854972912941284849709    0.1287361038093847886519933880051523011772897245993731336059028910
0.0840782189796619349334576242915958212039359139576060455039823715    0.2135008923168655789432262289027139167584617312727681945501039104
0.0821872667043397095172234735449423028649630729346221209808090284    0.2966849953440282705032390477451704527002418229598253267016144528
0.0796878289120716019087246655018639073275341575147260201875516705    0.3776725471196892163227363896699076221661728048852878662073906701
0.0765984106458706745287577337215016417279275568319918337820378465    0.4558639444334202672072176693274409259578423882968574726561795095
0.0729418850056530613538733769412742182869469526169905444028124150    0.5306802859262451616407090801215698176612228726468220764758785608
0.0687453238357364426136896393636132083417307646421384912295507262    0.6015676581359805350799449750735947517429541559867519099752375920
0.0640397973550154895563847986258563397460214705508407249274347432    0.6680012365855210620971913443409176391647024902126376534015958648
0.0588601442453248173096753998189200359427540957825592892456530514    0.7294891715935565820902604790061089855658430469051970041058310804
0.0532447139777599190920256282862196496889296110589429206872737677    0.7855762301322065128277689650802926033023305058396013606481326372
0.0472350834902659784166168296166748320731517874343696302640183793    0.8358471669924753064188208724986006533467793793923251442188642595
0.0408757509236448954741145451432631915479370611190781462078432939    0.8799298008903971319824273374658355887732928420807569277678735984
0.0342138107703072299212450615627145540700969113267764835297438458    0.9174977745156590660758672230261563999369094678136548558519931067
0.0272986214985687790944171808679833579904568281420508553554141450    0.9482729843995075452024741149452278462893765253336736325502110369
0.0201815152977354715320989289582211274195865102408615652505493692    0.9720276910496979493356050484311083276160463962659517405728122839
0.0129159472840655744045034114977916491919612128514796718500303920    0.9885864789022122380733951078771074466071625200652870557881915271
0.0055657196642450453612559843905478374172245918941785101760579134    0.9978304624840858361988283455807502386498164623966313125905411678
