0.0091242825930945177388161539229517062403444910982909994167396913    -0.9964424975739544499504363904833109917501304320964259045856723295
0.0211321125927712597515003809932654344513693507232856377976684903    -0.9813031653708727536945599458078302764441549532531383096760256815
0.0329014277823043799776308191705320459815308174200971878592616206    -0.9542592806289381972541018397052155890034038740879516754147144486
0.0442729347590042278395878776532073906149941127085668437151470619    -0.9156330263921320738696894233299271463524967952091215086615002446
0.0551073456757167454314829182269455912190579642256653884068927540    -0.8658925225743950489422545673796868043418628307842263369775467330
0.0652729239669995957933975667755046363536354311626070263354848182    -0.8056413709171791714478859554252776586717014148083116682106871618
0.0746462142345687790239318871730220380216358612063334474393200562    -0.7356108780136317720281445102925343680160610199930418932285277763
0.0831134172289012183903964982443324798611344134438513329963556717    -0.6566510940388649612198981765067428215696016902499299618317034975
0.0905717443930328409421860313367841298228574854544848723758685339    -0.5697204718114017193080032833564309331247126856566472278200296777
0.0969306579979299158504890060954406017650331233564616049568762818    -0.4758742249551182610344118476674340426272161453786559514091126929
0.1021129675780607698142166385057121350465800023579205409339754522    -0.3762515160890787102213572095560869828716939770432229103443527204
0.1060557659228464179104164369968108287899229626851595168306202963    -0.2720616276351780776768263561257697348247612966935229524996759265
0.1087111922582941352535715193036733678752784546660439676571211705    -0.1645692821333807712814717778911654571457254156011681764942856267
0.1100470130164751962823762656018176139566255294912316332786681012    -0.0550792898840342704265165273418799778507959910608336837453385873
0.1100470130164751962823762656018176139566255294912316332786681012    0.0550792898840342704265165273418799778507959910608336837453385873
0.1087111922582941352535715193036733678752784546660439676571211705    0.1645692821333807712814717778911654571457254156011681764942856267
0.1060557659228464179104164369968108287899229626851595168306202963    0.2720616276351780776768263561257697348247612966935229524996759265
0.1021129675780607698142166385057121350465800023579205409339754522    0.3762515160890787102213572095560869828716939770432229103443527204
0.0969306579979299158504890060954406017650331233564616049568762818    0.4758742249551182610344118476674340426272161453786559514091126929
0.0905717443930328409421860313367841298228574854544848723758685339    0.5697204718114017193080032833564309331247126856566472278200296777
0.0831134172289012183903964982443324798611344134438513329963556717    0.6566510940388649612198981765067428215696016902499299618317034975
0.0746462142345687790239318871730220380216358612063334474393200562    0.7356108780136317720281445102925343680160610199930418932285277763
0.0652729239669995957933975667755046363536354311626070263354848182    0.8056413709171791714478859554252776586717014148083116682106871618
0.0551073456757167454314829182269455912190579642256653884068927540    0.8658925225743950489422545673796868043418628307842263369775467330
0.0442729347590042278395878776532073906149941127085668437151470619    0.9156330263921320738696894233299271463524967952091215086615002446
0.0329014277823043799776308191705320459815308174200971878592616206    0.9542592806289381972541018397052155890034038740879516754147144486
0.0211321125927712597515003809932654344513693507232856377976684903    0.9813031653708727536945599458078302764441549532531383096760256815
0.0091242825930945177388161539229517062403444910982909994167396913    0.9964424975739544499504363904833109917501304320964259045856723295
