0.0007647669822743134580392460455231118429305601385052911245612404    -0.9997019841254909036372949036997066988256767846107386489731889282
0.0017794770410145287416954358084920830541640078939274624739842987    -0.9984301050472304537786932007701211657492386799856378689513829919
0.0027938811357221308706297171788294717804472493926058044342576833    -0.9961432549968592960629797091118055542035317816928186203152937045
0.0038055740853523595655151190498104260380366694476040474248752404    -0.9928432515369067301318800473977216595116411853331282910328147674
0.0048134223985867709184778146773680437849528281067933371039516721    -0.9885333889891581683721729909356769662116264081792788006988043090
0.0058163825464396391127631667394439897045450876377437621817201249    -0.9832180362937229912853377592641786128257706903149723200406826149
0.0068134294791652159987720957092953681584639767681482005088519392    -0.9769025950638860824990694318751221906875783260861823606637871702
0.0078035473791007548909799801038395061674391258238299656404461274    -0.9695934871007944723198640173184876373296096032455057994430663809
0.0087857284673922632026993887100430641248779493181465948325750002    -0.9612981460028910577104176000919405001907143868866368042157742910
0.0097589734021740968353478749292888170820862440651088736955339623    -0.9520250089864015013087721919887851140812923978903238846754106457
0.0107222920832243171202440477009196327435549038757565030730058278    -0.9417835080627118210987962463304445900474706433526236480842213301
0.0116747045771381242874287672806583956745173455381915229121601656    -0.9305840603393070421244951700426014055669731682489913962375513008
0.0126152420789219528577814324588362573358398405403538903889799164    -0.9184380573735681171972136504893918167818483652874891369359774329
0.0135429478810294651436476062409750333189575737141294462534022737    -0.9053578535598391359533330262207531178953955802949220737959418027
0.0144568783383044019775689108017987574569742783857159772514391250    -0.8913567535488910664319569968587512732376901670483835632758808347
0.0153561038234977557684980062839143812795622869188414764314894656    -0.8764489987068441051129150850467423916781183612555167513826624288
0.0162397096704536956527265049316724377519106904096923680307391491    -0.8606497526245517531590072344122651234931827773213517601051639772
0.0171067971030899002623544089284553995218405919835664384884486805    -0.8439750856907704672859562394723048672064024683643555988393344682
0.0179564841487706281224428044717023363046281522619512051212623186    -0.8264419587440478551077852829633780798553257992254613301805135060
0.0187879065349046865614869661652120128281686927231492665293038972    -0.8080682058195343512949072517356302754817292923514338054887564162
0.0196002185677263307732372645893510749341431412563993441294127588    -0.7888725160080222667009667333360401992863144301507837784662100437
0.0203925939922919145794837805258651187397139183612137588286549440    -0.7688744144455177971165962420565600657911054149213546374920765494
0.0211642268327748569112801584711221517623375526987123132173925788    -0.7480942424525924506405666492091884989279084069983523402434026694
0.0219143322121786504190191224637520252669649186517217644801991333    -0.7265531368436584809125698372421850788414612161206352049271035751
0.0226421471506184331112630427298908595725394915510895414033102059    -0.7042730084271774236569767485213180305287059453404882936786760766
0.0233469313413492747126829405281667367204049962657027763353928605    -0.6812765197186463207960387827462868177634516766554373212179259695
0.0240279679037454988032412266592417206941212601662388334888122033    -0.6575870618890149051603051960860806120212456601781149488392666269
0.0246845641124609961819796162623304249762788076360921701669541772    -0.6332287309719698618819564146141782682594995758137213311727003946
0.0253160521020260973431466029770497324988902024907187204703321321    -0.6082263033542795335144169331207362865715225764442879333035927950
0.0259217895461624489184681803440827744804642525157235010865473084    -0.5826052105741239596532961595087914032289975873644599631567364277
0.0265011603111236393524875130820384843345239845075635618889145969    -0.5563915134530405864573975328382837590965845401955044310243534463
0.0270535750823961282776759150622401867666668024355766015121595964    -0.5296118755877948762484356584638434944347191821509915143174394349
0.0275784719641223939000999472603294435487663929589814255746578990    -0.5022935362291368598234624244375518845607804650672721951199208139
0.0280753170506361387532456984119366840610686524807698482831990782    -0.4744642825750288441270225534663890651780903840685333002288154023
0.0285436049695278857034903905270917363061601483868357523660850324    -0.4461524215065254485970569532732261896174756060136458390334733579
0.0289828593956883420474490617434003298374195328432432974477541816    -0.4173867507950543341814703720499742373410316110835310670609349881
0.0293926335358064921677631615445958214733182487376047133316158391    -0.3881965298103838637203042586014543834028348616479745404396662125
0.0297725105828294762661757159255180412136072379086462156757230984    -0.3586114497590719652484167067090478015335147685490761506411040050
0.0301221041399218988485309814856926870339058320994415237543576459    -0.3286616034836681588176088899329873240140752920213510944507625728
0.0304410586134932583949076494674724991122220303764814232070130558    -0.2983774548533875771588281039649370883230762968764943322655121277
0.0307290495748936699200136060827964056578357194149578341608033976    -0.2677898077773914137327469288777458952129391005565659123414217560
0.0309857840904099346310428655690205836134263205341013193185414867    -0.2369297748721921509922277802277776573344812018679472452282608561
0.0312110010192262644168406273350979510775090796493746619333066782    -0.2058287458150537703076645479964541209247840110521228261688562636
0.0314044712790465615174886120645896148027561161144939464390382424    -0.1745183554155765678749674024952223696321852879393654380676817213
0.0315659980791080529014509075416542472567102347175662947949648230    -0.1430304514379428751660299856255215846002966193980964778415549025
0.0316954171203492516090740793477558669653287803575023577017882766    -0.1113970622065536179982080882567286718711950759632488230371525391
0.0317925967625286301983178383855117427695927832843815113776077132    -0.0796503640280059882129336277852574379860723758322575980058311730
0.0318574381581240107130991888420487106427746154671923388022672539    -0.0478226484625493229627676881272504249903922269714368276040763577
0.0318898753528764672779450105542778179266508911879112149222056942    -0.0159462894783093992875635674154467722381434065330484678810874014
0.0318898753528764672779450105542778179266508911879112149222056942    0.0159462894783093992875635674154467722381434065330484678810874014
0.0318574381581240107130991888420487106427746154671923388022672539    0.0478226484625493229627676881272504249903922269714368276040763577
0.0317925967625286301983178383855117427695927832843815113776077132    0.0796503640280059882129336277852574379860723758322575980058311730
0.0316954171203492516090740793477558669653287803575023577017882766    0.1113970622065536179982080882567286718711950759632488230371525391
0.0315659980791080529014509075416542472567102347175662947949648230    0.1430304514379428751660299856255215846002966193980964778415549025
0.0314044712790465615174886120645896148027561161144939464390382424    0.1745183554155765678749674024952223696321852879393654380676817213
0.0312110010192262644168406273350979510775090796493746619333066782    0.2058287458150537703076645479964541209247840110521228261688562636
0.0309857840904099346310428655690205836134263205341013193185414867    0.2369297748721921509922277802277776573344812018679472452282608561
0.0307290495748936699200136060827964056578357194149578341608033976    0.2677898077773914137327469288777458952129391005565659123414217560
0.0304410586134932583949076494674724991122220303764814232070130558    0.2983774548533875771588281039649370883230762968764943322655121277
0.0301221041399218988485309814856926870339058320994415237543576459    0.3286616034836681588176088899329873240140752920213510944507625728
0.0297725105828294762661757159255180412136072379086462156757230984    0.3586114497590719652484167067090478015335147685490761506411040050
0.0293926335358064921677631615445958214733182487376047133316158391    0.3881965298103838637203042586014543834028348616479745404396662125
0.0289828593956883420474490617434003298374195328432432974477541816    0.4173867507950543341814703720499742373410316110835310670609349881
0.0285436049695278857034903905270917363061601483868357523660850324    0.4461524215065254485970569532732261896174756060136458390334733579
0.0280753170506361387532456984119366840610686524807698482831990782    0.4744642825750288441270225534663890651780903840685333002288154023
0.0275784719641223939000999472603294435487663929589814255746578990    0.5022935362291368598234624244375518845607804650672721951199208139
0.0270535750823961282776759150622401867666668024355766015121595964    0.5296118755877948762484356584638434944347191821509915143174394349
0.0265011603111236393524875130820384843345239845075635618889145969    0.5563915134530405864573975328382837590965845401955044310243534463
0.0259217895461624489184681803440827744804642525157235010865473084    0.5826052105741239596532961595087914032289975873644599631567364277
0.0253160521020260973431466029770497324988902024907187204703321321    0.6082263033542795335144169331207362865715225764442879333035927950
0.0246845641124609961819796162623304249762788076360921701669541772    0.6332287309719698618819564146141782682594995758137213311727003946
0.0240279679037454988032412266592417206941212601662388334888122033    0.6575870618890149051603051960860806120212456601781149488392666269
0.0233469313413492747126829405281667367204049962657027763353928605    0.6812765197186463207960387827462868177634516766554373212179259695
0.0226421471506184331112630427298908595725394915510895414033102059    0.7042730084271774236569767485213180305287059453404882936786760766
0.0219143322121786504190191224637520252669649186517217644801991333    0.7265531368436584809125698372421850788414612161206352049271035751
0.0211642268327748569112801584711221517623375526987123132173925788    0.7480942424525924506405666492091884989279084069983523402434026694
0.0203925939922919145794837805258651187397139183612137588286549440    0.7688744144455177971165962420565600657911054149213546374920765494
0.0196002185677263307732372645893510749341431412563993441294127588    0.7888725160080222667009667333360401992863144301507837784662100437
0.0187879065349046865614869661652120128281686927231492665293038972    0.8080682058195343512949072517356302754817292923514338054887564162
0.0179564841487706281224428044717023363046281522619512051212623186    0.8264419587440478551077852829633780798553257992254613301805135060
0.0171067971030899002623544089284553995218405919835664384884486805    0.8439750856907704672859562394723048672064024683643555988393344682
0.0162397096704536956527265049316724377519106904096923680307391491    0.8606497526245517531590072344122651234931827773213517601051639772
0.0153561038234977557684980062839143812795622869188414764314894656    0.8764489987068441051129150850467423916781183612555167513826624288
0.0144568783383044019775689108017987574569742783857159772514391250    0.8913567535488910664319569968587512732376901670483835632758808347
0.0135429478810294651436476062409750333189575737141294462534022737    0.9053578535598391359533330262207531178953955802949220737959418027
0.0126152420789219528577814324588362573358398405403538903889799164    0.9184380573735681171972136504893918167818483652874891369359774329
0.0116747045771381242874287672806583956745173455381915229121601656    0.9305840603393070421244951700426014055669731682489913962375513008
0.0107222920832243171202440477009196327435549038757565030730058278    0.9417835080627118210987962463304445900474706433526236480842213301
0.0097589734021740968353478749292888170820862440651088736955339623    0.9520250089864015013087721919887851140812923978903238846754106457
0.0087857284673922632026993887100430641248779493181465948325750002    0.9612981460028910577104176000919405001907143868866368042157742910
0.0078035473791007548909799801038395061674391258238299656404461274    0.9695934871007944723198640173184876373296096032455057994430663809
0.0068134294791652159987720957092953681584639767681482005088519392    0.9769025950638860824990694318751221906875783260861823606637871702
0.0058163825464396391127631667394439897045450876377437621817201249    0.9832180362937229912853377592641786128257706903149723200406826149
0.0048134223985867709184778146773680437849528281067933371039516721    0.9885333889891581683721729909356769662116264081792788006988043090
0.0038055740853523595655151190498104260380366694476040474248752404    0.9928432515369067301318800473977216595116411853331282910328147674
0.0027938811357221308706297171788294717804472493926058044342576833    0.9961432549968592960629797091118055542035317816928186203152937045
0.0017794770410145287416954358084920830541640078939274624739842987    0.9984301050472304537786932007701211657492386799856378689513829919
0.0007647669822743134580392460455231118429305601385052911245612404    0.9997019841254909036372949036997066988256767846107386489731889282
