0.0241483028685479319601100262875653246916973159450252783111851488    -0.9905754753144173356754340199406652765077898504595643027839087867
0.0554595293739872011294401653582446605128462519532288469937240787    -0.9506755217687677612227169578958030214433850465591087076699692124
0.0850361483171791808835353701910620738504913892185054757664103607    -0.8802391537269859021229556944881556926234168179344279003519101593
0.1118838471934039710947883856263559267358434242630770500184864824    -0.7815140038968014069252300555204760502239724727405685125133145355
0.1351363684685254732863199817023501973721258532344890203779946107    -0.6576711592166907658503022166430023351478058914759732438052316955
0.1540457610768102880814315948019586119404830584710179343852647114    -0.5126905370864769678862465686295518745829237224111729059127314990
0.1680041021564500445099706637883231550211981289650740142699558513    -0.3512317634538763152971855170953460050405397515756750233191610195
0.1765627053669926463252709901131972391509244180007481180431444069    -0.1784841814958478558506774936540655574754193326915256435629518143
0.1794464703562065254582656442618856214487803198976685236676686980    0.0000000000000000000000000000000000000000000000000000000000000000
0.1765627053669926463252709901131972391509244180007481180431444069    0.1784841814958478558506774936540655574754193326915256435629518143
0.1680041021564500445099706637883231550211981289650740142699558513    0.3512317634538763152971855170953460050405397515756750233191610195
0.1540457610768102880814315948019586119404830584710179343852647114    0.5126905370864769678862465686295518745829237224111729059127314990
0.1351363684685254732863199817023501973721258532344890203779946107    0.6576711592166907658503022166430023351478058914759732438052316955
0.1118838471934039710947883856263559267358434242630770500184864824    0.7815140038968014069252300555204760502239724727405685125133145355
0.0850361483171791808835353701910620738504913892185054757664103607    0.8802391537269859021229556944881556926234168179344279003519101593
0.0554595293739872011294401653582446605128462519532288469937240787    0.9506755217687677612227169578958030214433850465591087076699692124
0.0241483028685479319601100262875653246916973159450252783111851488    0.9905754753144173356754340199406652765077898504595643027839087867
