0.0006666573713296791467485108003186792960069709300093348950239564    -0.9997402173238205199371852838634210543334323726979451562956372301
0.0015512778120287095334670131646283659696297818319877346087015500    -0.9986314735453330390428666204825568329625926825066854290216812663
0.0024358338345316740286763038907061832053050128340914579745559977    -0.9966377903571821941125984465864920228886136088707013717048749769
0.0033183439844329371411280892718485048751896549493106283377485186    -0.9937604922257569440071505159501815287144935614560416246983252939
0.0041979347340464447748276654485038723245863983399509184163524388    -0.9900020760509027968651245950222777317198759240152898750630964624
0.0050738101523605397762061314381650054672785737932285727486877492    -0.9853658613341561269684166453335790136862044725611724435493647444
0.0059451893759213917432373877462646174830237465016585676039989698    -0.9798559545473946088994582481808084863021239191159147367400832613
0.0068112983321641933131160393503345793603922635072970958338475441    -0.9734772393982801720586497125047193967503271902547108633070680243
0.0076713684850931502392413755947942411885645956960165610463822514    -0.9662353708801535982389049173787775734266440345444727650812070316
0.0085246369703332916749596002103462007622576489012354593963354962    -0.9581367697190222582557760267082010055346033241355914147164610477
0.0093703470869164893322208657773355920395596421161997047968426855    -0.9491886164708115400437528191474168736543700092636924424697376450
0.0102077488968346892314711169570037431809754246643542680850873201    -0.9393988450629257269535423611226042462167944290374402491517567028
0.0110360998593509118825208168278870941098628745717094732666165237    -0.9287761357156256325511020891048271001901269683813193059174244041
0.0118546654751014965170665866229843245407409522976206720674444541    -0.9173299072229907967629595636335233241080758486275195906405664193
0.0126627199302244886857160068605970074703507089515134399422272663    -0.9050703085892550824328324503529182401370339830146892352540454318
0.0134595467361511900277577922543156728516027356018462159001334047    -0.8920082100229344548568802796206713746539251471542776172657239752
0.0142444393628085159147502820653810990115772086650773699032099997    -0.8781551932943181929925859080040817175118812379453741368032318232
0.0150167018638734129409901572335256355976352944568896343807487221    -0.8635235414636399578249964326624564137607495179455396570620680427
0.0157756494931269539366979422881842350594182699029884645341252989    -0.8481262279883754997210074609747542121038927226505593365200030752
0.0165206093111535481750106302822941558319697234508410779311674274    -0.8319769052189560830333766787909251736714480120765655260215769439
0.0172509207817340766231121141285993154896859310213959382230816216    -0.8150898922928843697055895851985959586226390126651928299083543649
0.0179659363573402755271271488685537806683166630825196311069701018    -0.7974801624378589002099516781756641861702401880925891352663065694
0.0186650220531740475479812591554664509134079461473380880921553424    -0.7791633296950865314797912220520485127596094294630668821626888796
0.0193475580092204542395380882784575615363384469529056707191213320    -0.7601556350745053157578707775651842463592358662876744300727749846
0.0200129390398023607865161243453011196972581180222407791888536393    -0.7404739321541615975941651672823332356043693344687256382208169557
0.0206605751701408658399829467497983581169693846514812402534766988    -0.7201356721364888757548348314405741832635463544829779455401230781
0.0212898921594402493830071714003124404623626334628402690347668585    -0.6991588883747244550814989092962548644517915806292219521728310695
0.0219003320100300272502847240839806884128528875734016730667323306    -0.6775621803831742135188644169021470470631072988358458929574220734
0.0224913534621102696360903684621200507739766659754496225193225899    -0.6553646973454964256652779390898740292390476036840226829251652131
0.0230624324736598828815071414270084926818536161954712562579655663    -0.6325861211356226611303945301880194864525862619385064848079680928
0.0236130626850812184050671451735832500751258355624587015658706831    -0.6092466488663672589168865920895720710999652833586929654711327296
0.0241427558681682453582335426860791487043675788063192942213820589    -0.5853669749811965985968686576231992148227638764428060752196645603
0.0246510423589996523616459010155759047042839795908213254406004632    -0.5609682729050351107408700846485507993079046667667601177867866229
0.0251374714743726537732879968149733500781935394072346513804227417    -0.5360721762703764227342673464878648759874595915776846342618533891
0.0256016119114079786881145686664949948986715399495152567333107540    -0.5107007597353449338909819673141216097626458294169665759739702936
0.0260430521299715188507565822214185064216425885204501668761658388    -0.4848765194107151611281520765967858233204764091154502392289862210
0.0264614007175734018414893301077792254941452640643528097745034499    -0.4586223529132430993094573811335887830881617415614600933508745451
0.0268562867364208315456871474274390249805070541466539567778378471    -0.4319615390629953096162939717846002192390339159185947239133411791
0.0272273600523168898346032321625430786786375540716510000134806830    -0.4049177172426772039261976082223468754335438973440426208881685131
0.0275742916451136106577063132160184593128140071413832772859312951    -0.3775148664372617622372139244117187013662513999436089979433809561
0.0278967739004440082510991866251479196559769033144493287856828427    -0.3497772839725034442968644371485933423733938320557616900690375076
0.0281945208824743518986584368237553661300150118127773557210064447    -0.3217295639711890889821695760971475613237246178542281024510887194
0.0284672685874348169781659039201622460003567280577665145395938447    -0.2933965755462279021893332780149047888326817904087022164385435435
0.0287147751777036917109241802120275381721359327685788386918659404    -0.2648034407499159965137157013423977062731093402670472579659811728
0.0289368211962375665350946974953863338679179259208548551325078126    -0.2359755122989271586996165511186307467366639336166603897726492721
0.0291332097611573634398804254997517735920695381281312243812037029    -0.2069383510947803933253430373827607692904654299687495175857637024
0.0293037667403176607611038830752518790736283966769213895701508672    -0.1777177035597161481108452169596812528433570973918654959638303588
0.0294483409057045194558192729972010639193238563770335950100950685    -0.1483394788080768075256426020063645671441202665183538987300294166
0.0295668040675249041621483686245905289139290608298226031883308731    -0.1188297256734329024567826601990130083610960325342833591261802457
0.0296590511878688006679370327115928746122447815946311086234392476    -0.0892146096118243956577198765398602093141415245153900782957033845
0.0297250004738432448798087487138033711027897861137859744808155371    -0.0595203895015962524392094013092000403297697883087078363372632471
0.0297645934500956810106394055644821945904128977825003077091015285    -0.0297733943603991964194196586387290432678709920242316614766498640
0.0297777950106623424023425945198497972837209286260712879300336386    0.0000000000000000000000000000000000000000000000000000000000000000
0.0297645934500956810106394055644821945904128977825003077091015285    0.0297733943603991964194196586387290432678709920242316614766498640
0.0297250004738432448798087487138033711027897861137859744808155371    0.0595203895015962524392094013092000403297697883087078363372632471
0.0296590511878688006679370327115928746122447815946311086234392476    0.0892146096118243956577198765398602093141415245153900782957033845
0.0295668040675249041621483686245905289139290608298226031883308731    0.1188297256734329024567826601990130083610960325342833591261802457
0.0294483409057045194558192729972010639193238563770335950100950685    0.1483394788080768075256426020063645671441202665183538987300294166
0.0293037667403176607611038830752518790736283966769213895701508672    0.1777177035597161481108452169596812528433570973918654959638303588
0.0291332097611573634398804254997517735920695381281312243812037029    0.2069383510947803933253430373827607692904654299687495175857637024
0.0289368211962375665350946974953863338679179259208548551325078126    0.2359755122989271586996165511186307467366639336166603897726492721
0.0287147751777036917109241802120275381721359327685788386918659404    0.2648034407499159965137157013423977062731093402670472579659811728
0.0284672685874348169781659039201622460003567280577665145395938447    0.2933965755462279021893332780149047888326817904087022164385435435
0.0281945208824743518986584368237553661300150118127773557210064447    0.3217295639711890889821695760971475613237246178542281024510887194
0.0278967739004440082510991866251479196559769033144493287856828427    0.3497772839725034442968644371485933423733938320557616900690375076
0.0275742916451136106577063132160184593128140071413832772859312951    0.3775148664372617622372139244117187013662513999436089979433809561
0.0272273600523168898346032321625430786786375540716510000134806830    0.4049177172426772039261976082223468754335438973440426208881685131
0.0268562867364208315456871474274390249805070541466539567778378471    0.4319615390629953096162939717846002192390339159185947239133411791
0.0264614007175734018414893301077792254941452640643528097745034499    0.4586223529132430993094573811335887830881617415614600933508745451
0.0260430521299715188507565822214185064216425885204501668761658388    0.4848765194107151611281520765967858233204764091154502392289862210
0.0256016119114079786881145686664949948986715399495152567333107540    0.5107007597353449338909819673141216097626458294169665759739702936
0.0251374714743726537732879968149733500781935394072346513804227417    0.5360721762703764227342673464878648759874595915776846342618533891
0.0246510423589996523616459010155759047042839795908213254406004632    0.5609682729050351107408700846485507993079046667667601177867866229
0.0241427558681682453582335426860791487043675788063192942213820589    0.5853669749811965985968686576231992148227638764428060752196645603
0.0236130626850812184050671451735832500751258355624587015658706831    0.6092466488663672589168865920895720710999652833586929654711327296
0.0230624324736598828815071414270084926818536161954712562579655663    0.6325861211356226611303945301880194864525862619385064848079680928
0.0224913534621102696360903684621200507739766659754496225193225899    0.6553646973454964256652779390898740292390476036840226829251652131
0.0219003320100300272502847240839806884128528875734016730667323306    0.6775621803831742135188644169021470470631072988358458929574220734
0.0212898921594402493830071714003124404623626334628402690347668585    0.6991588883747244550814989092962548644517915806292219521728310695
0.0206605751701408658399829467497983581169693846514812402534766988    0.7201356721364888757548348314405741832635463544829779455401230781
0.0200129390398023607865161243453011196972581180222407791888536393    0.7404739321541615975941651672823332356043693344687256382208169557
0.0193475580092204542395380882784575615363384469529056707191213320    0.7601556350745053157578707775651842463592358662876744300727749846
0.0186650220531740475479812591554664509134079461473380880921553424    0.7791633296950865314797912220520485127596094294630668821626888796
0.0179659363573402755271271488685537806683166630825196311069701018    0.7974801624378589002099516781756641861702401880925891352663065694
0.0172509207817340766231121141285993154896859310213959382230816216    0.8150898922928843697055895851985959586226390126651928299083543649
0.0165206093111535481750106302822941558319697234508410779311674274    0.8319769052189560830333766787909251736714480120765655260215769439
0.0157756494931269539366979422881842350594182699029884645341252989    0.8481262279883754997210074609747542121038927226505593365200030752
0.0150167018638734129409901572335256355976352944568896343807487221    0.8635235414636399578249964326624564137607495179455396570620680427
0.0142444393628085159147502820653810990115772086650773699032099997    0.8781551932943181929925859080040817175118812379453741368032318232
0.0134595467361511900277577922543156728516027356018462159001334047    0.8920082100229344548568802796206713746539251471542776172657239752
0.0126627199302244886857160068605970074703507089515134399422272663    0.9050703085892550824328324503529182401370339830146892352540454318
0.0118546654751014965170665866229843245407409522976206720674444541    0.9173299072229907967629595636335233241080758486275195906405664193
0.0110360998593509118825208168278870941098628745717094732666165237    0.9287761357156256325511020891048271001901269683813193059174244041
0.0102077488968346892314711169570037431809754246643542680850873201    0.9393988450629257269535423611226042462167944290374402491517567028
0.0093703470869164893322208657773355920395596421161997047968426855    0.9491886164708115400437528191474168736543700092636924424697376450
0.0085246369703332916749596002103462007622576489012354593963354962    0.9581367697190222582557760267082010055346033241355914147164610477
0.0076713684850931502392413755947942411885645956960165610463822514    0.9662353708801535982389049173787775734266440345444727650812070316
0.0068112983321641933131160393503345793603922635072970958338475441    0.9734772393982801720586497125047193967503271902547108633070680243
0.0059451893759213917432373877462646174830237465016585676039989698    0.9798559545473946088994582481808084863021239191159147367400832613
0.0050738101523605397762061314381650054672785737932285727486877492    0.9853658613341561269684166453335790136862044725611724435493647444
0.0041979347340464447748276654485038723245863983399509184163524388    0.9900020760509027968651245950222777317198759240152898750630964624
0.0033183439844329371411280892718485048751896549493106283377485186    0.9937604922257569440071505159501815287144935614560416246983252939
0.0024358338345316740286763038907061832053050128340914579745559977    0.9966377903571821941125984465864920228886136088707013717048749769
0.0015512778120287095334670131646283659696297818319877346087015500    0.9986314735453330390428666204825568329625926825066854290216812663
0.0006666573713296791467485108003186792960069709300093348950239564    0.9997402173238205199371852838634210543334323726979451562956372301
