0.0047529446916351013707762131549069419856950845418370614396590288    -0.9981473830664329060054723028518204418320097400496642117612179180
0.0110347889391645942426768054521772894535071393731181559393679976    -0.9902515368546859836397751172470782047096938210401917962588294196
0.0172562290937249190408054711833550472137159018904623153611932891    -0.9760987093334710538448503198895184942907474126801017027776037386
0.0233693848321781645947123444429246988911975554637566658943531910    -0.9557752123246522771108918971910822030017717906388761358305585046
0.0293349559839033785921559863562514256114114671016045653091927100    -0.9294091484867382296978169643577345618441028095077035268882728827
0.0351151114981313307610651852972328163666614876197266856263537081    -0.8971671192929928878482910908608136510656920779756230024982514288
0.0406732768479338439390565560822614036875724359960629047764492825    -0.8592529379999061539137974391260423705350844453198220605261542405
0.0459743011089166318841766393992327805988616930339994639165973422    -0.8159062974301431043532326784096298277278140605209238573590443437
0.0509846652921294052140210336765813350176130838812849052951275817    -0.7674012429310634998322724042283429454728341134590106617476511661
0.0556726903409162999073911397896814827069609480735800684342922766    -0.7140444358945346791338670361518307896643452818936982151976754478
0.0600087360885961495749417735488194997366782270918463043413660816    -0.6561732134320109107344259349762561848801076115769704305418055468
0.0639653881386823889867064044100636448557769168899798797301657005    -0.5941534549572779886928900746191060681655915446781265353708264712
0.0675176309662312653630213280464485937751527080834770358082556859    -0.5283772686604374738963436358082225053407176534854247759852906284
0.0706430059706087607701149315281311364674296841590281692705983877    -0.4592605123091360486632466331095723629387491536960172378760899388
0.0733217534142686173811539328650483064478934242509751307796420402    -0.3872401639715614558538819656369626960125761727168266158801475052
0.0755369373228360577047844469908093990941879785900218443388285888    -0.3127715592481859225359969117856287396019056099775393502648176246
0.0772745525446820167285116367331172991204952514887911509368290840    -0.2363255124618357673360063273326504480657192247940575959303493201
0.0785236132873711767250633009855234715225814764092488609465814513    -0.1583853399978377999227010613613993844668262368651431404663527597
0.0792762225683684710101557717545079305238041486782664247002041873    -0.0794438046087554775819170831926406468850031651067419332552293917
0.0795276221394428524174181966058509938456067747658648143098847698    0.0000000000000000000000000000000000000000000000000000000000000000
0.0792762225683684710101557717545079305238041486782664247002041873    0.0794438046087554775819170831926406468850031651067419332552293917
0.0785236132873711767250633009855234715225814764092488609465814513    0.1583853399978377999227010613613993844668262368651431404663527597
0.0772745525446820167285116367331172991204952514887911509368290840    0.2363255124618357673360063273326504480657192247940575959303493201
0.0755369373228360577047844469908093990941879785900218443388285888    0.3127715592481859225359969117856287396019056099775393502648176246
0.0733217534142686173811539328650483064478934242509751307796420402    0.3872401639715614558538819656369626960125761727168266158801475052
0.0706430059706087607701149315281311364674296841590281692705983877    0.4592605123091360486632466331095723629387491536960172378760899388
0.0675176309662312653630213280464485937751527080834770358082556859    0.5283772686604374738963436358082225053407176534854247759852906284
0.0639653881386823889867064044100636448557769168899798797301657005    0.5941534549572779886928900746191060681655915446781265353708264712
0.0600087360885961495749417735488194997366782270918463043413660816    0.6561732134320109107344259349762561848801076115769704305418055468
0.0556726903409162999073911397896814827069609480735800684342922766    0.7140444358945346791338670361518307896643452818936982151976754478
0.0509846652921294052140210336765813350176130838812849052951275817    0.7674012429310634998322724042283429454728341134590106617476511661
0.0459743011089166318841766393992327805988616930339994639165973422    0.8159062974301431043532326784096298277278140605209238573590443437
0.0406732768479338439390565560822614036875724359960629047764492825    0.8592529379999061539137974391260423705350844453198220605261542405
0.0351151114981313307610651852972328163666614876197266856263537081    0.8971671192929928878482910908608136510656920779756230024982514288
0.0293349559839033785921559863562514256114114671016045653091927100    0.9294091484867382296978169643577345618441028095077035268882728827
0.0233693848321781645947123444429246988911975554637566658943531910    0.9557752123246522771108918971910822030017717906388761358305585046
0.0172562290937249190408054711833550472137159018904623153611932891    0.9760987093334710538448503198895184942907474126801017027776037386
0.0110347889391645942426768054521772894535071393731181559393679976    0.9902515368546859836397751172470782047096938210401917962588294196
0.0047529446916351013707762131549069419856950845418370614396590288    0.9981473830664329060054723028518204418320097400496642117612179180
