0.0009262871051934728155304274320015253013356133134036455880652301    -0.9996390388645334595814541286914785607626169687699583035545947084
0.0021551125822191137646356391258611176083492401527097842003550555    -0.9980986057102739294842650806491754137729742935378903969843460367
0.0033831047924074551326341989671705511224308399839532284589282907    -0.9953292404067497603272282231287205279074004566951343014341342973
0.0046070873434632414330548163690411580771025669033227519264644852    -0.9913337388086653006731747038233557803690777576976485922992009477
0.0058254257887701074596446537513024706672688326202872302142187636    -0.9861169478611036740041513160450794235090468093245738131169918630
0.0070365968709891141373901987881671843630528063954698919691352669    -0.9796852765838766411296165248441962354636570670665250258448618033
0.0082391025253890787305728508876016810793176409580242730163051804    -0.9720466427489093597041646186022712904115806564812092801925008061
0.0094314592607978905397109396107837558265052339486536179091836817    -0.9632104546565354418538453563492710611072424434321062176837479453
0.0106121972899721880326807253777263513014495634611952406259121129    -0.9531875972928409405787823897655356497368668989823829209175231153
0.0117798615808748921766191553888873776605086327571927636470969523    -0.9419904181702149190678786898651335378030552739199298001348600543
0.0129330133926026772915864974676500606293186243481843302553830805    -0.9296327118237186033730740611975211397999381339294506577172563039
0.0140702319486444828138872260948703198362304355732701810516406673    -0.9161297026888234312110624250264114757247292451570318254222724220
0.0151901161446661233974731423775399627721544251890652867298894682    -0.9014980262839977520875312052784110797970778560945557035573020171
0.0162912862547923845775409647625996884142202568339155597101805352    -0.8857557086844699482807806721751621822577156854818591066802772051
0.0173723856215024016696408445473634977466821706631213496183561798    -0.8689221442970837192553452840772798281115522432141144046947949639
0.0184320823217841156758459606283476818475043355774717704413610349    -0.8510180719566774468755668746639427662765778420800034190427148612
0.0194690708051518731386745257878746340207959192471417003307091682    -0.8320655493700791271084731401853638855465128242379732810231805184
0.0204820735004002702122450112760618955787016822912248759839671171    -0.8120879259374860302364934169902365535361657452730501490095505156
0.0214698423885611408434126856553615748146038573087330488096347638    -0.7911098139837933714564876187481690427369336087911249926988508899
0.0224311605398363671283588361280518737033816104733358384865429475    -0.7691570584348011003281165888670570310763472562521204311171959976
0.0233648436124554458271687542613841198802952142415795211776650328    -0.7462567049753600093808899936138219229612893622537455904318046378
0.0242697413115223392736616203714754037763681968967681712583885538    -0.7224369667285082433703999608135638872744445236754693701671583808
0.0251447388060025686228155160936454550175078756369468877106378588    -0.6977271894965399058945962294705129963361654194499177655896788728
0.0259887581020738362514814094771669636795689337633321523359636247    -0.6721578156067595508226699673657897707551694467321290293857488640
0.0268007593711291777125656353318410850355097938730970062347394427    -0.6457603464064198487165868252595939221758853576523170094605950864
0.0275797422307845825334773620296621719716521240840181495952224968    -0.6185673034530191206986812421173472631619568986210478055348263749
0.0283247469773052072280348402016246521847195597988200105074238607    -0.5906121884477523930430945739990112264853387241364441068090882869
0.0290348557679268118300193238552030052962779007666079885481232518    -0.5619294419614643049332877788548217542185922305531972834744233544
0.0297091937516124596273020280091647693107176566632083671311455389    -0.5325544010039439569691248211974445033536870635985135571931148362
0.0303469301468491293434077135432252303497336817864842433933470816    -0.5025232554888295514457600417483119367324188989382429613555616400
0.0309472792651548447894789597858015128653520130205309306997197007    -0.4718730036477531637900756108011419287591356169956839914638855986
0.0315095014790342836587985691591136004427866266303242546403705571    -0.4406414064486518185948502942278688614555974664323594397009407121
0.0320329041331895855070315635864694108773212794219945940805575863    -0.4088669410743988186964154549763320842828915658495414692744292229
0.0325168423978632069675856667135208402008579756614456151883905054    -0.3765887535190676038804061524749856570551932520775083727694440270
0.0329607200632611170742922822299296582909258674399569517745206219    -0.3438466103602279524779107704811994568556635926360384127385192098
0.0333639902740773209397192590003098191084338772636050835407923739    -0.3106808497666897997432671918950155683663954719924344933621126695
0.0337261562032145707063095038986984192444296320780025521626497533    -0.2771323318020521179470728839358687431181136094044350832640039921
0.0340467716638710871673558597484123853338792819599427853024434855    -0.2432423880852820495890010285757691936037785402648100766622709963
0.0343254416592390878179654198420091414199430838991336689526883806    -0.2090527708703417558729103858272090836537703335309610051716557887
0.0345618228691378081364338257323415671877955071148932708545748720    -0.1746056016075962740754950969407975643234084440940776967609369108
0.0347556240729814209208115118754178822774383441102755610257479036    -0.1399433190503741966675038001087478210613318233499671110161752979
0.0349066065085607098910114915808540163523043461399235874776953024    -0.1051086269706134116986909162739869792698832390110602621915484636
0.0350145841661964433691530435967665177956160229915110863301876120    -0.0701444415480057921325572183314057569856594374052061754514433516
0.0350794240179020253171675953077057530102678064522085306990052628    -0.0350938384974570013847471580908925466956068790777640308335420175
0.0351010461812730770316238886879845134387662206114253208093387164    0.0000000000000000000000000000000000000000000000000000000000000000
0.0350794240179020253171675953077057530102678064522085306990052628    0.0350938384974570013847471580908925466956068790777640308335420175
0.0350145841661964433691530435967665177956160229915110863301876120    0.0701444415480057921325572183314057569856594374052061754514433516
0.0349066065085607098910114915808540163523043461399235874776953024    0.1051086269706134116986909162739869792698832390110602621915484636
0.0347556240729814209208115118754178822774383441102755610257479036    0.1399433190503741966675038001087478210613318233499671110161752979
0.0345618228691378081364338257323415671877955071148932708545748720    0.1746056016075962740754950969407975643234084440940776967609369108
0.0343254416592390878179654198420091414199430838991336689526883806    0.2090527708703417558729103858272090836537703335309610051716557887
0.0340467716638710871673558597484123853338792819599427853024434855    0.2432423880852820495890010285757691936037785402648100766622709963
0.0337261562032145707063095038986984192444296320780025521626497533    0.2771323318020521179470728839358687431181136094044350832640039921
0.0333639902740773209397192590003098191084338772636050835407923739    0.3106808497666897997432671918950155683663954719924344933621126695
0.0329607200632611170742922822299296582909258674399569517745206219    0.3438466103602279524779107704811994568556635926360384127385192098
0.0325168423978632069675856667135208402008579756614456151883905054    0.3765887535190676038804061524749856570551932520775083727694440270
0.0320329041331895855070315635864694108773212794219945940805575863    0.4088669410743988186964154549763320842828915658495414692744292229
0.0315095014790342836587985691591136004427866266303242546403705571    0.4406414064486518185948502942278688614555974664323594397009407121
0.0309472792651548447894789597858015128653520130205309306997197007    0.4718730036477531637900756108011419287591356169956839914638855986
0.0303469301468491293434077135432252303497336817864842433933470816    0.5025232554888295514457600417483119367324188989382429613555616400
0.0297091937516124596273020280091647693107176566632083671311455389    0.5325544010039439569691248211974445033536870635985135571931148362
0.0290348557679268118300193238552030052962779007666079885481232518    0.5619294419614643049332877788548217542185922305531972834744233544
0.0283247469773052072280348402016246521847195597988200105074238607    0.5906121884477523930430945739990112264853387241364441068090882869
0.0275797422307845825334773620296621719716521240840181495952224968    0.6185673034530191206986812421173472631619568986210478055348263749
0.0268007593711291777125656353318410850355097938730970062347394427    0.6457603464064198487165868252595939221758853576523170094605950864
0.0259887581020738362514814094771669636795689337633321523359636247    0.6721578156067595508226699673657897707551694467321290293857488640
0.0251447388060025686228155160936454550175078756369468877106378588    0.6977271894965399058945962294705129963361654194499177655896788728
0.0242697413115223392736616203714754037763681968967681712583885538    0.7224369667285082433703999608135638872744445236754693701671583808
0.0233648436124554458271687542613841198802952142415795211776650328    0.7462567049753600093808899936138219229612893622537455904318046378
0.0224311605398363671283588361280518737033816104733358384865429475    0.7691570584348011003281165888670570310763472562521204311171959976
0.0214698423885611408434126856553615748146038573087330488096347638    0.7911098139837933714564876187481690427369336087911249926988508899
0.0204820735004002702122450112760618955787016822912248759839671171    0.8120879259374860302364934169902365535361657452730501490095505156
0.0194690708051518731386745257878746340207959192471417003307091682    0.8320655493700791271084731401853638855465128242379732810231805184
0.0184320823217841156758459606283476818475043355774717704413610349    0.8510180719566774468755668746639427662765778420800034190427148612
0.0173723856215024016696408445473634977466821706631213496183561798    0.8689221442970837192553452840772798281115522432141144046947949639
0.0162912862547923845775409647625996884142202568339155597101805352    0.8857557086844699482807806721751621822577156854818591066802772051
0.0151901161446661233974731423775399627721544251890652867298894682    0.9014980262839977520875312052784110797970778560945557035573020171
0.0140702319486444828138872260948703198362304355732701810516406673    0.9161297026888234312110624250264114757247292451570318254222724220
0.0129330133926026772915864974676500606293186243481843302553830805    0.9296327118237186033730740611975211397999381339294506577172563039
0.0117798615808748921766191553888873776605086327571927636470969523    0.9419904181702149190678786898651335378030552739199298001348600543
0.0106121972899721880326807253777263513014495634611952406259121129    0.9531875972928409405787823897655356497368668989823829209175231153
0.0094314592607978905397109396107837558265052339486536179091836817    0.9632104546565354418538453563492710611072424434321062176837479453
0.0082391025253890787305728508876016810793176409580242730163051804    0.9720466427489093597041646186022712904115806564812092801925008061
0.0070365968709891141373901987881671843630528063954698919691352669    0.9796852765838766411296165248441962354636570670665250258448618033
0.0058254257887701074596446537513024706672688326202872302142187636    0.9861169478611036740041513160450794235090468093245738131169918630
0.0046070873434632414330548163690411580771025669033227519264644852    0.9913337388086653006731747038233557803690777576976485922992009477
0.0033831047924074551326341989671705511224308399839532284589282907    0.9953292404067497603272282231287205279074004566951343014341342973
0.0021551125822191137646356391258611176083492401527097842003550555    0.9980986057102739294842650806491754137729742935378903969843460367
0.0009262871051934728155304274320015253013356133134036455880652301    0.9996390388645334595814541286914785607626169687699583035545947084
