0.0003868345092488672857088370268827173802930987753788620312483789    -0.9998492612820280824704308581238277784185779133304185049202392723
0.0009002839561260285337054014952285127756870511924169266876591595    -0.9992058518542896111232062120746074682389475820003150029722464652
0.0014140308848043577537220448677951132916929791527947056365197627    -0.9980486563963401254991477372263688369215079724583256817378146654
0.0019271163833291308264466533780821385651158704576421846899465930    -0.9963780131015637179919003914890112266940046978165612864701568815
0.0024392236599783395719181795640292066111101208624823162171715012    -0.9941947499995210548022483358149337153425040540896143487692641493
0.0029500799434486689627760987828406189713270219140693085003770917    -0.9914999828422396811328783625701398011693984712712860546795215855
0.0034594199357988518832343332513565112513858201057402352757410022    -0.9882950955663553212219069803380515674789232140441126909249371695
0.0039669807457538478693874743626640708996375960318527821506210973    -0.9845817360464055747836213961530760429424329084673533190767042941
0.0044725008982399718260451125562624481756958968224626281781295371    -0.9803618143074962888153152715789793226050206972328270756768714812
0.0049757201520083218548292628734099432576491750752430211286226661    -0.9756375012301010184320270246413664219002173256332243541052647132
0.0054763795264605336080141578385347364218522336127743488343601198    -0.9704112273115868199762694196212292351255529208619848497735557507
0.0059742213934979260918380228500313572472997609384386030829154693    -0.9646856813626113165666505338792008949979057224880401871121405746
0.0064689895923084283654209582290687349231096499733490458426536281    -0.9584638090983382696452643217473352427802511525242644447508843659
0.0069604295528788709410291312105905049316154856264430613280159629    -0.9517488116098248549019393381611366124989865768171434458232361295
0.0074482884228375545021367368626056530721026590769967189581202484    -0.9445441437099572909981789803135777449096120835472441247376755025
0.0079323151953632313059719793474790118524207109633995548677091790    -0.9368535121518890476515730277974712562829159114475576478273481830
0.0084122608371177760964639945277493119534302234672047795956591229    -0.9286808737194990793733287249540200017225264131560329581716280163
0.0088878784156745554155687674069524626386926421546914591396614349    -0.9200304331901378359044421648938913365746691536760956623389098733
0.0093589232261462697557069761150349196611347299162416655508528399    -0.9109066411703262607017285024659396420041174415159634686855352088
0.0098251529168265525403048158983462399761358499458224998222160728    -0.9013141918053074542128744601019036493164651718677015460547794268
0.0102863276137150702996744395936031204685271710545326917673089624    -0.8912580203635056194349249762136999378800885451562138614889125551
0.0107422100438250568450104036527286988050161498465381927096291631    -0.8807433006970610765935830553938175635326452678150028548801502653
0.0111925656571883070859240082554453966389320111975193191277075594    -0.8697754425797023936226157007246876873053943621811588252690219805
0.0116371627474819687209503959746213407092636429073242029708781760    -0.8583600889232965953379956802140538759420609267906044258595665894
0.0120757725712071543584318159603992989610756387091485611618638621    -0.8465031128744910150919491682529058139846682968664184493196646134
0.0125081694653530837518490074713654504838213909323938476211711367    -0.8342106147929283644579156910071922366415139709527796881715229952
0.0129341309634830275861670944026703387474329578384516435873506661    -0.8214889191125815363551965455074794227077516601981564933773275121
0.0133534379101802404531066252795552775344791970515675114988625028    -0.8083445710878173872646316280048258521708574652109777556611556018
0.0137658745737936124458257895003552477620015662698153411500397135    -0.7947843334258597622565389707861068175923106742181148476795061058
0.0141712287574240931067348678198443790019946178093376160387713111    -0.7808151828073816214333572563399387962530999311505492578148633872
0.0145692919080941410639123565332024876965180141561947884296447866    -0.7664443062970144652133865236729571361103525975176163517075181551
0.0149598592240435835209707229602705046986483949255175979453594976    -0.7516790976456204330788982040469719238023384381032289393750447966
0.0153427297600963661053696616865582959146378711203734229524994198    -0.7365271534862285162421680011763389267610471586670868431141475067
0.0157177065310437567454036374149168217053031364740816955509219121    -0.7209962694255913021489722466044082767839031159299799322013527560
0.0160845966129906506344328508567601892248101716144574941315704764    -0.7050944360333725638051377002601761091896118033308637634898564184
0.0164432112426127154330905289386128844287945456650472711940601769    -0.6888298347310288147936551576952982389434729491621433239265738902
0.0167933659142732220316346235533014956162835026608074245436681189    -0.6722108335824996599517891788044291627157261761945930507301063951
0.0171348804749495298288216377110591287728402455203202652737744202    -0.6552459829888723660963444229096755854400097971772711436221943820
0.0174675792169203386669827474084683517130162617901382193991906780    -0.6379440112892355383280774772284563290357348113315920127488131032
0.0177912909681659835244831790759868476674522722608631908517564854    -0.6203138202699850950917287068648492485188021924847574791149440259
0.0181058491804352334608381017111194089364336886012605201024234370    -0.6023644805848928681718405659779253502002276843347151177960350876
0.0184110920149332633999035601491222379161030756402886308133431954    -0.5841052270882940905753258963427120718620769096478488060885853138
0.0187068624255866961163462796103409092578997239958337523750474596    -0.5655454540837947540781673975018011886989709803425167971987622596
0.0189930082398428620644321446411649700417998409535760451834915840    -0.5466947104909432974906455217780171830251625537551259071286384420
0.0192693822369616961257108132706593961341143270245596705975612937    -0.5275626949323533050847589810014020668697747002582832822518876527
0.0195358422237599825254134735083026564681666107296602385614331564    -0.5081592507438048311723888620349478434480655413305415574744976474
0.0197922511077689715762593398977872871259159864024040955889946640    -0.4884943609098916010324278329850625128421775521796400206482420276
0.0200384769677677239985989806392598862569751584445470084672496865    -0.4685781429278196502971249222486425875805018462289675617407158593
0.0202743931216558897414827494804966294023014686347145597452819434    -0.4484208436019999351358422395252115413743206979169365833751291424
0.0204998781916309978617410209639026465347230593724630606202159517    -0.4280328337721130553447295673126623463677454916985252872127072604
0.0207148161666367214527345727348889448070300912767599631884894845    -0.4074246029773584636320789356844729072394485275075181534995014918
0.0209190964620499861748904188728372069345350746608454481607765706    -0.3866067540596333695157223411179285759622463803628512807191527428
0.0211126139765762119324043423742732773873018468364063335359966676    -0.3655899977084179685405661875003208518296380964273240682615173368
0.0212952691463234139552743449864848204104942362281410464986851590    -0.3443851469501736209028784935574868190669890674815395348645516908
0.0214669679960273412606807646528984773150980547088858481799804717    -0.3230031115850891526709433749672298818506242391611280089509817777
0.0216276221874012964486631536324524573889198277472732699123957376    -0.3014548925740375429851929816430498602681673875141336419753596403
0.0217771490645857602898400956708573925868002825079359935935905018    -0.2797515763786308780101423673565044257706405869703892467963526146
0.0219154716966744368341914727765754972930261413343441562236268309    -0.2579043292572855838494944235575751862935611426429135940066600308
0.0220425189172948390480295094325126912750040979649166922400364186    -0.2359243915202325837363405344715242571228192771153122646601106168
0.0221582253612230505021035082793641059769402454494084084088069977    -0.2138230717464281479495921825376966636504326497389724142262652844
0.0222625314980138246114048283780640155158156878783649719773010145    -0.1916117409653408072353432389304578793051994795133320277916261599
0.0223553836626287185845918699145986124040693828163417538824327236    -0.1693018268066077719565258340325332547106962031237323633381197686
0.0224367340830465037903802278074015657456407857810085143388185447    -0.1469048076205708304696398801815355889832185392248278683294580372
0.0225065409048416468970316195620870427952879070381640280260682455    -0.1244322065727166828373907298068668240843761689536379065952892723
0.0225647682127182160919786651673036517621976658243040004656138816    -0.1018955857150600922296645259031796025984263345111983106387685091
0.0226113860489881331403447714530524449866435779416947894180970818    -0.0793065400375200993406223209579469665890831115103172350491235286
0.0226463704289842641887900382655996264303520167917974053342598329    -0.0566766915023498387581396559759325051666245850960489038088296498
0.0226697033534004192567573338284561751603758208591910956392898716    -0.0340176830646892151711575174536780717876470979793204829159889332
0.0226813728175519114701766658434661953417969806850336934964616994    -0.0113411726823168371078850117667964709319145975665341319625572905
0.0226813728175519114701766658434661953417969806850336934964616994    0.0113411726823168371078850117667964709319145975665341319625572905
0.0226697033534004192567573338284561751603758208591910956392898716    0.0340176830646892151711575174536780717876470979793204829159889332
0.0226463704289842641887900382655996264303520167917974053342598329    0.0566766915023498387581396559759325051666245850960489038088296498
0.0226113860489881331403447714530524449866435779416947894180970818    0.0793065400375200993406223209579469665890831115103172350491235286
0.0225647682127182160919786651673036517621976658243040004656138816    0.1018955857150600922296645259031796025984263345111983106387685091
0.0225065409048416468970316195620870427952879070381640280260682455    0.1244322065727166828373907298068668240843761689536379065952892723
0.0224367340830465037903802278074015657456407857810085143388185447    0.1469048076205708304696398801815355889832185392248278683294580372
0.0223553836626287185845918699145986124040693828163417538824327236    0.1693018268066077719565258340325332547106962031237323633381197686
0.0222625314980138246114048283780640155158156878783649719773010145    0.1916117409653408072353432389304578793051994795133320277916261599
0.0221582253612230505021035082793641059769402454494084084088069977    0.2138230717464281479495921825376966636504326497389724142262652844
0.0220425189172948390480295094325126912750040979649166922400364186    0.2359243915202325837363405344715242571228192771153122646601106168
0.0219154716966744368341914727765754972930261413343441562236268309    0.2579043292572855838494944235575751862935611426429135940066600308
0.0217771490645857602898400956708573925868002825079359935935905018    0.2797515763786308780101423673565044257706405869703892467963526146
0.0216276221874012964486631536324524573889198277472732699123957376    0.3014548925740375429851929816430498602681673875141336419753596403
0.0214669679960273412606807646528984773150980547088858481799804717    0.3230031115850891526709433749672298818506242391611280089509817777
0.0212952691463234139552743449864848204104942362281410464986851590    0.3443851469501736209028784935574868190669890674815395348645516908
0.0211126139765762119324043423742732773873018468364063335359966676    0.3655899977084179685405661875003208518296380964273240682615173368
0.0209190964620499861748904188728372069345350746608454481607765706    0.3866067540596333695157223411179285759622463803628512807191527428
0.0207148161666367214527345727348889448070300912767599631884894845    0.4074246029773584636320789356844729072394485275075181534995014918
0.0204998781916309978617410209639026465347230593724630606202159517    0.4280328337721130553447295673126623463677454916985252872127072604
0.0202743931216558897414827494804966294023014686347145597452819434    0.4484208436019999351358422395252115413743206979169365833751291424
0.0200384769677677239985989806392598862569751584445470084672496865    0.4685781429278196502971249222486425875805018462289675617407158593
0.0197922511077689715762593398977872871259159864024040955889946640    0.4884943609098916010324278329850625128421775521796400206482420276
0.0195358422237599825254134735083026564681666107296602385614331564    0.5081592507438048311723888620349478434480655413305415574744976474
0.0192693822369616961257108132706593961341143270245596705975612937    0.5275626949323533050847589810014020668697747002582832822518876527
0.0189930082398428620644321446411649700417998409535760451834915840    0.5466947104909432974906455217780171830251625537551259071286384420
0.0187068624255866961163462796103409092578997239958337523750474596    0.5655454540837947540781673975018011886989709803425167971987622596
0.0184110920149332633999035601491222379161030756402886308133431954    0.5841052270882940905753258963427120718620769096478488060885853138
0.0181058491804352334608381017111194089364336886012605201024234370    0.6023644805848928681718405659779253502002276843347151177960350876
0.0177912909681659835244831790759868476674522722608631908517564854    0.6203138202699850950917287068648492485188021924847574791149440259
0.0174675792169203386669827474084683517130162617901382193991906780    0.6379440112892355383280774772284563290357348113315920127488131032
0.0171348804749495298288216377110591287728402455203202652737744202    0.6552459829888723660963444229096755854400097971772711436221943820
0.0167933659142732220316346235533014956162835026608074245436681189    0.6722108335824996599517891788044291627157261761945930507301063951
0.0164432112426127154330905289386128844287945456650472711940601769    0.6888298347310288147936551576952982389434729491621433239265738902
0.0160845966129906506344328508567601892248101716144574941315704764    0.7050944360333725638051377002601761091896118033308637634898564184
0.0157177065310437567454036374149168217053031364740816955509219121    0.7209962694255913021489722466044082767839031159299799322013527560
0.0153427297600963661053696616865582959146378711203734229524994198    0.7365271534862285162421680011763389267610471586670868431141475067
0.0149598592240435835209707229602705046986483949255175979453594976    0.7516790976456204330788982040469719238023384381032289393750447966
0.0145692919080941410639123565332024876965180141561947884296447866    0.7664443062970144652133865236729571361103525975176163517075181551
0.0141712287574240931067348678198443790019946178093376160387713111    0.7808151828073816214333572563399387962530999311505492578148633872
0.0137658745737936124458257895003552477620015662698153411500397135    0.7947843334258597622565389707861068175923106742181148476795061058
0.0133534379101802404531066252795552775344791970515675114988625028    0.8083445710878173872646316280048258521708574652109777556611556018
0.0129341309634830275861670944026703387474329578384516435873506661    0.8214889191125815363551965455074794227077516601981564933773275121
0.0125081694653530837518490074713654504838213909323938476211711367    0.8342106147929283644579156910071922366415139709527796881715229952
0.0120757725712071543584318159603992989610756387091485611618638621    0.8465031128744910150919491682529058139846682968664184493196646134
0.0116371627474819687209503959746213407092636429073242029708781760    0.8583600889232965953379956802140538759420609267906044258595665894
0.0111925656571883070859240082554453966389320111975193191277075594    0.8697754425797023936226157007246876873053943621811588252690219805
0.0107422100438250568450104036527286988050161498465381927096291631    0.8807433006970610765935830553938175635326452678150028548801502653
0.0102863276137150702996744395936031204685271710545326917673089624    0.8912580203635056194349249762136999378800885451562138614889125551
0.0098251529168265525403048158983462399761358499458224998222160728    0.9013141918053074542128744601019036493164651718677015460547794268
0.0093589232261462697557069761150349196611347299162416655508528399    0.9109066411703262607017285024659396420041174415159634686855352088
0.0088878784156745554155687674069524626386926421546914591396614349    0.9200304331901378359044421648938913365746691536760956623389098733
0.0084122608371177760964639945277493119534302234672047795956591229    0.9286808737194990793733287249540200017225264131560329581716280163
0.0079323151953632313059719793474790118524207109633995548677091790    0.9368535121518890476515730277974712562829159114475576478273481830
0.0074482884228375545021367368626056530721026590769967189581202484    0.9445441437099572909981789803135777449096120835472441247376755025
0.0069604295528788709410291312105905049316154856264430613280159629    0.9517488116098248549019393381611366124989865768171434458232361295
0.0064689895923084283654209582290687349231096499733490458426536281    0.9584638090983382696452643217473352427802511525242644447508843659
0.0059742213934979260918380228500313572472997609384386030829154693    0.9646856813626113165666505338792008949979057224880401871121405746
0.0054763795264605336080141578385347364218522336127743488343601198    0.9704112273115868199762694196212292351255529208619848497735557507
0.0049757201520083218548292628734099432576491750752430211286226661    0.9756375012301010184320270246413664219002173256332243541052647132
0.0044725008982399718260451125562624481756958968224626281781295371    0.9803618143074962888153152715789793226050206972328270756768714812
0.0039669807457538478693874743626640708996375960318527821506210973    0.9845817360464055747836213961530760429424329084673533190767042941
0.0034594199357988518832343332513565112513858201057402352757410022    0.9882950955663553212219069803380515674789232140441126909249371695
0.0029500799434486689627760987828406189713270219140693085003770917    0.9914999828422396811328783625701398011693984712712860546795215855
0.0024392236599783395719181795640292066111101208624823162171715012    0.9941947499995210548022483358149337153425040540896143487692641493
0.0019271163833291308264466533780821385651158704576421846899465930    0.9963780131015637179919003914890112266940046978165612864701568815
0.0014140308848043577537220448677951132916929791527947056365197627    0.9980486563963401254991477372263688369215079724583256817378146654
0.0009002839561260285337054014952285127756870511924169266876591595    0.9992058518542896111232062120746074682389475820003150029722464652
0.0003868345092488672857088370268827173802930987753788620312483789    0.9998492612820280824704308581238277784185779133304185049202392723
