0.0271524594117540948517805724560181035122673755667607979906103191    -0.9894009349916499325961541734503326274262740716576451300512239047
0.0622535239386478928628438369943776942749865083529068579013035158    -0.9445750230732325760779884155346083450911392725910726009255536521
0.0951585116824927848099251076022462263552635031837126581568222872    -0.8656312023878317438804678977123931323873353848475267081035114256
0.1246289712555338720524762821920164201448868592222026799447505904    -0.7554044083550030338951011948474422683538136564575030097817571769
0.1495959888165767320815017305474785489704910682078364668054219622    -0.6178762444026437484466717640487910189918822177656577941037973555
0.1691565193950025381893120790303599622116394734160282817450829357    -0.4580167776572273863424194429835775735400316130355234909011547509
0.1826034150449235888667636679692199393835562236546492824184951444    -0.2816035507792589132304605014604961064860694907705998005488347340
0.1894506104550684962853967232082831051469089883959029750375132452    -0.0950125098376374401853193354249580631303530556890654566972198172
0.1894506104550684962853967232082831051469089883959029750375132452    0.0950125098376374401853193354249580631303530556890654566972198172
0.1826034150449235888667636679692199393835562236546492824184951444    0.2816035507792589132304605014604961064860694907705998005488347340
0.1691565193950025381893120790303599622116394734160282817450829357    0.4580167776572273863424194429835775735400316130355234909011547509
0.1495959888165767320815017305474785489704910682078364668054219622    0.6178762444026437484466717640487910189918822177656577941037973555
0.1246289712555338720524762821920164201448868592222026799447505904    0.7554044083550030338951011948474422683538136564575030097817571769
0.0951585116824927848099251076022462263552635031837126581568222872    0.8656312023878317438804678977123931323873353848475267081035114256
0.0622535239386478928628438369943776942749865083529068579013035158    0.9445750230732325760779884155346083450911392725910726009255536521
0.0271524594117540948517805724560181035122673755667607979906103191    0.9894009349916499325961541734503326274262740716576451300512239047
