0.0058834334204430849757538962401126240307543177982329737116842045    -0.9977065690996002972601631393120947251932746371710133165922977137
0.0136508283483614922664040029205163839739940378414249209971900999    -0.9879357644438514980351170891854859853130082957141743547561139575
0.0213229799114835808834379839662050783238096447199362072648984556    -0.9704376160392298332150704825847701425248812393123766074206372201
0.0288292601088942540487160397144849162615277266295949997474737408    -0.9453451482078273295387259855299746448628112512478731541119369931
0.0361101158634633805327169696475499383085357789699869431667863952    -0.9128542613593176144649370635557642304880610136255580049297920305
0.0431084223261702187823064593749082034228065871639902087100629191    -0.8732191250252223315232823491413852666443389022793749466348294513
0.0497693704013535298051996760849949585944949531945731636957306644    -0.8267498990922254068340506127485575790468906179823073413529692464
0.0560408162123701285783277471651009644403485349045563455497052851    -0.7738102522869125552674230092098874810118100729715459263433991673
0.0618736719660801888870141387886886522653712258040964350734042918    -0.7148145015566287832644086312244467469620439685217305119253918434
0.0672222852690869039643055087481485585470931191496048084605592750    -0.6502243646658903886757928089845592633697623259283740012649869237
0.0720447947725600646654619097852777561472673930274272605632968216    -0.5805453447497645099345020081896900709320702035643324338922578072
0.0763034571554420535386585378842262255270800818956365343677288452    -0.5063227732414886150242975558373273765860879386363692475310728175
0.0799649422423242629326620809850457563288354994300888473804365441    -0.4281375415178142541876206130014798587847184464885338439539719768
0.0830005937288565883799265282161770034851745038134511199552888497    -0.3466015544308139458769798349302382318084087693772921087268798855
0.0853866533920991252259439873911175676411909882837507511205314619    -0.2623529412092960579708952004555805134863043986457812836582062216
0.0871044469971835342433220316055409366850567150938549314044538342    -0.1760510611659895699743036564450599296754297123297570474108880127
0.0881405304302754629707388075930966414254543172744908371705717846    -0.0883713432756592636009294334975488034241174347650981413972508667
0.0884867949071042906382073877776156691824091500106054233203930548    0.0000000000000000000000000000000000000000000000000000000000000000
0.0881405304302754629707388075930966414254543172744908371705717846    0.0883713432756592636009294334975488034241174347650981413972508667
0.0871044469971835342433220316055409366850567150938549314044538342    0.1760510611659895699743036564450599296754297123297570474108880127
0.0853866533920991252259439873911175676411909882837507511205314619    0.2623529412092960579708952004555805134863043986457812836582062216
0.0830005937288565883799265282161770034851745038134511199552888497    0.3466015544308139458769798349302382318084087693772921087268798855
0.0799649422423242629326620809850457563288354994300888473804365441    0.4281375415178142541876206130014798587847184464885338439539719768
0.0763034571554420535386585378842262255270800818956365343677288452    0.5063227732414886150242975558373273765860879386363692475310728175
0.0720447947725600646654619097852777561472673930274272605632968216    0.5805453447497645099345020081896900709320702035643324338922578072
0.0672222852690869039643055087481485585470931191496048084605592750    0.6502243646658903886757928089845592633697623259283740012649869237
0.0618736719660801888870141387886886522653712258040964350734042918    0.7148145015566287832644086312244467469620439685217305119253918434
0.0560408162123701285783277471651009644403485349045563455497052851    0.7738102522869125552674230092098874810118100729715459263433991673
0.0497693704013535298051996760849949585944949531945731636957306644    0.8267498990922254068340506127485575790468906179823073413529692464
0.0431084223261702187823064593749082034228065871639902087100629191    0.8732191250252223315232823491413852666443389022793749466348294513
0.0361101158634633805327169696475499383085357789699869431667863952    0.9128542613593176144649370635557642304880610136255580049297920305
0.0288292601088942540487160397144849162615277266295949997474737408    0.9453451482078273295387259855299746448628112512478731541119369931
0.0213229799114835808834379839662050783238096447199362072648984556    0.9704376160392298332150704825847701425248812393123766074206372201
0.0136508283483614922664040029205163839739940378414249209971900999    0.9879357644438514980351170891854859853130082957141743547561139575
0.0058834334204430849757538962401126240307543177982329737116842045    0.9977065690996002972601631393120947251932746371710133165922977137
