0.0003603483836455036780792752431970043435761953413955671155836876    -0.9998595824347909997296130153714407605239440291684825101861568414
0.0008386548411866099929367667381102738980316770616433162540971297    -0.9992602221281372618063621810490944993266498384543187041697162074
0.0013172679425311387112757860861029238121462620145994455034745682    -0.9981822284665410019221096247386429217764206356032099033648076242
0.0017953112756316119356719709499070341699523070067679307968513063    -0.9966258785315428389850354876567411336333663121194974351709243807
0.0022725065348282025106494956914231125713604800865892487684021158    -0.9945918888815018673376130936197261595584343590526085600555462383
0.0027486163578509865787608797781541295851545803123042728081858677    -0.9920812273316601792062751841322248723079048273023711343648990241
0.0032234102645913467332553173195112177651788537527202676929178041    -0.9890950948252518563345291836912621714019340809247784684142299773
0.0036966599207342014451268068357428065396163603155538854723813551    -0.9856349215653657596338218424422883491833885931366674720457789530
0.0041681381985796693551573131396829202783854159022345796423438806    -0.9817023654543502476392562195853096906643419853503106709655105941
0.0046376189907044497643794282774654850996883314327515533887804862    -0.9772993110081459624678220072043889085137168551753609623725245865
0.0051048772185970219095627755779103122641242569712108671939813117    -0.9724278683398635749081197158654172939450499771171001794574284694
0.0055696889019723950342131167193450569333901702122097772390162645    -0.9670903720989928428659885488993147960198209763100406075557735800
0.0060318312495747072886932708372607906412397462510359659517167600    -0.9612893803288181450711410227126115779679746739133051762643338919
0.0064910827582405093616722607893462582655179409921712547105254156    -0.9550276732282698619210451260581082220845941661163326884996975375
0.0069472233152090553668932080551748362009723691508018417199439223    -0.9483082518128345237478759774682248899045270283405379043120122291
0.0074000343015826440586279223393424018883679722579633928904760867    -0.9411343364724673138137176688534351537947319706465137851555998520
0.0078492986959774749292638029512346122918381147198479540503294744    -0.9335093654258948524009993010823758158491710611127304968688874212
0.0082948011778848583857328477027550060627467318275811599949590714    -0.9254369930713833836132006435811838407210376561251721949015980747
0.0087363282304783953060214262108164754098539595520884928543721565    -0.9169210882344061135818275204836012361522451848378090414917030436
0.0091736682427055565102916615902701060718590439906348934282464703    -0.9079657323128503652702872883526956672042394769736586596005460672
0.0096066116105536205452396982489499105266886892687571528309915756    -0.8985752173205381834062076620173714326921757689944059929821038528
0.0100349508374069754972590234599897909887605101847231798352470359    -0.8887540438299291504876565901221427209350217815759222412807522967
0.0104584806334276315272518001491473720121507298167795615403960325    -0.8785069188149490391574517593389672255111765453230762892536648033
0.0108769980138993084510631473107629723004479092008638767314625720    -0.8678387533949514457910126215202788933498537078382888684498541459
0.0112903023964805932458574839113430575656575913033996795713909600    -0.8567546604808764162006158776917437003141378780213060100852989538
0.0116981956973159253172441786380840307946263723522357276721675807    -0.8452599523247228336575150392256116056306002602371420723827180002
0.0121004824259553749514896094181828210033922833619520678278221609    -0.8333601379735014124035643174289346498093444858019219439184831961
0.0124969697790357796808985884579510257820405359571355592819904688    -0.8210609206288833367082031228269032528543043713397682197838257517
0.0128874677326770470004221195297989298281653201880531991738239607    -0.8083681949138063765861079107837489940254163704402282679499803344
0.0132717891335484662843553279510715755669117868929531239572941318    -0.7952880440473459724841767568124630740300924643718141146624231532
0.0136497497885607844221913385807472812264641081221328164972878060    -0.7818267369292034749014643543832295208657229651333531281666764953
0.0140211685531406408501051668693003625706360491927378960739259574    -0.7679907251352075455004674434815361907593502672581862886524731297
0.0143858674180447603672273293098707638196939354401739503000057404    -0.7537866398252677270053825116038759939354421805474816949532696995
0.0147436715946720863850671924648749380905529544381128855348580853    -0.7392212885652613977390922612815131390332217773985688346921184313
0.0150944095988328156850759973846735712092084399210209342345183087    -0.7243016520643767546925149020852109580181619456899614744086557142
0.0154379133329340763975053004073976061550388748407620472044092291    -0.7090348808294751180596394092382802067411514008681492341006791606
0.0157740181665427789196190167673192482512404016112868137585824042    -0.6934282917380757152299085869215517545487204509552693694909086429
0.0161025630152869681662414885189530962334931793199897307086479717    -0.6774893645316051741653979908159876211258054946524351358694428834
0.0164233904180578169890381638519319340163525579024530124020483157    -0.6612257382305922231036774611627557254767992720070287441336197433
0.0167363466124752261162331417981708084775499045943915982245720015    -0.6446452074735255421445853849434998053085085723428300952923424567
0.0170412816085808363230696413058455037506944150296211895276208245    -0.6277557187811293280066940090875820898627653065079944174054565555
0.0173380492607231141557125947419790386226834408650391754097653211    -0.6105653667478469010037767675952608823083502399023522145399371570
0.0176265073376000435597398766113494630429172227368589827175355063    -0.5930823901623575877410802477372494133063387278926429799549493873
0.0179065175904258421979699794968267489409631213803599872963247886    -0.5753151680589861387430262111053191481655440908742422620706976161
0.0181779458191890229476539665692359048579571378760087639836320782    -0.5572722157018970718511259099628697848846723410419699454837780762
0.0184406619369700378224311402632740750323274652194120464746316666    -0.5389621805039985546062732105564766681793824519196367752643633373
0.0186945400322876730839414474700320846052216720384704980313050498    -0.5203938378825117370415003212366878995120472903931760612858288342
0.0189394584294443102577621933555424498045821098942771262960498491    -0.5015760870531918057590843792561079962634843094028136729153620760
0.0191752997468411277782899020612993218932169370953306180925441269    -0.4825179467652164366017191014004156059273405919005540848613162364
0.0194019509532352916592085329946432617847495928183467548197506541    -0.4632285509787857627881324859649606654432615300675477557961619107
0.0196193034219121705000825330882697233544715664791850261321396626    -0.4437171444875054346154274663565024973177375206578576828670354548
0.0198272529827466098574317304166155563743735081415532363985681899    -0.4239930784876508127093147413437026164683524434221598694181009547
0.0200256999721283130778407373802432146631851091377340360690368061    -0.4040658060964357967505399757782379007471278036007622979931578014
0.0202145492807273996464687684270966081032170457770088163239251192    -0.3839448778214342335012482108083784124172597330899514394316297039
0.0203937103990772474715817057538125012790072158192952531500511840    -0.3636399369833252601489417323209960836107699392716825750327317442
0.0205630974609527718202258493019972107016774631291394647553644663    -0.3431607150941563103080288077116405545965925680230336442691663157
0.0207226292845233503497674702686137221858494927051540670710723735    -0.3225170271933388297879334409153316167026576189070178310250387067
0.0208722294112606703455430762528923736187998686608224762356272045    -0.3017187671436120072662730279214046934516876602988374957819882615
0.0210118261425828503707748226966896546499387651333198675057423844    -0.2807759028892290116120577586115047945151172207438960268987969204
0.0211413525742172735499446504538308773238737738483879318165468073    -0.2596984716786383336120087412320513250571725954443705486471166713
0.0212607466282656631245182553094297705972727355528014714651375292    -0.2384965752539498466016226318750270105619962052520204514566778859
0.0213699510829560322190392596121911732192614742071293962829268039    -0.2171803750094911198491053837805383798838726459792780830522433242
0.0214689136000672484106028896965401625619415162437278668857061646    -0.1957600871217743328657648552464253159849187938736600830124988341
0.0215575867500130691760247208422404564323618704984396679676259374    -0.1742459776532078410294869659206288308847931297350611159952466542
0.0216359280345736260654801455053294285373082547022576368667503262    -0.1526483576318990264484995183945733062270971604501495138467671792
0.0217038999072634629825491692733556005360511442184604748918106197    -0.1309775781099065268355643878582598083866659748164296046663378390
0.0217614697913263666990275160228655363495937421365235468424293157    -0.1092440252023102638208141629716289877152164608068656997276523217
0.0218086100953483651564550484685852847538854280114742935423485210    -0.0874581151094768856582376978914902830546309462826019632198242208
0.0218452982264814106605859209756579680430071001360225443713387597    -0.0656302891249062932732110039794941752247662731562274237749185403
0.0218715166012714102134146523791792007168027640830089274032020474    -0.0437710086310518291989036401720533354673617045674617920245729278
0.0218872526540854134015097664252133951187389483930786017277231866    -0.0218907500855124728477958737397924109029577689087193019011141682
0.0218924988431339189194031814360977360639903899394595456154785851    0.0000000000000000000000000000000000000000000000000000000000000000
0.0218872526540854134015097664252133951187389483930786017277231866    0.0218907500855124728477958737397924109029577689087193019011141682
0.0218715166012714102134146523791792007168027640830089274032020474    0.0437710086310518291989036401720533354673617045674617920245729278
0.0218452982264814106605859209756579680430071001360225443713387597    0.0656302891249062932732110039794941752247662731562274237749185403
0.0218086100953483651564550484685852847538854280114742935423485210    0.0874581151094768856582376978914902830546309462826019632198242208
0.0217614697913263666990275160228655363495937421365235468424293157    0.1092440252023102638208141629716289877152164608068656997276523217
0.0217038999072634629825491692733556005360511442184604748918106197    0.1309775781099065268355643878582598083866659748164296046663378390
0.0216359280345736260654801455053294285373082547022576368667503262    0.1526483576318990264484995183945733062270971604501495138467671792
0.0215575867500130691760247208422404564323618704984396679676259374    0.1742459776532078410294869659206288308847931297350611159952466542
0.0214689136000672484106028896965401625619415162437278668857061646    0.1957600871217743328657648552464253159849187938736600830124988341
0.0213699510829560322190392596121911732192614742071293962829268039    0.2171803750094911198491053837805383798838726459792780830522433242
0.0212607466282656631245182553094297705972727355528014714651375292    0.2384965752539498466016226318750270105619962052520204514566778859
0.0211413525742172735499446504538308773238737738483879318165468073    0.2596984716786383336120087412320513250571725954443705486471166713
0.0210118261425828503707748226966896546499387651333198675057423844    0.2807759028892290116120577586115047945151172207438960268987969204
0.0208722294112606703455430762528923736187998686608224762356272045    0.3017187671436120072662730279214046934516876602988374957819882615
0.0207226292845233503497674702686137221858494927051540670710723735    0.3225170271933388297879334409153316167026576189070178310250387067
0.0205630974609527718202258493019972107016774631291394647553644663    0.3431607150941563103080288077116405545965925680230336442691663157
0.0203937103990772474715817057538125012790072158192952531500511840    0.3636399369833252601489417323209960836107699392716825750327317442
0.0202145492807273996464687684270966081032170457770088163239251192    0.3839448778214342335012482108083784124172597330899514394316297039
0.0200256999721283130778407373802432146631851091377340360690368061    0.4040658060964357967505399757782379007471278036007622979931578014
0.0198272529827466098574317304166155563743735081415532363985681899    0.4239930784876508127093147413437026164683524434221598694181009547
0.0196193034219121705000825330882697233544715664791850261321396626    0.4437171444875054346154274663565024973177375206578576828670354548
0.0194019509532352916592085329946432617847495928183467548197506541    0.4632285509787857627881324859649606654432615300675477557961619107
0.0191752997468411277782899020612993218932169370953306180925441269    0.4825179467652164366017191014004156059273405919005540848613162364
0.0189394584294443102577621933555424498045821098942771262960498491    0.5015760870531918057590843792561079962634843094028136729153620760
0.0186945400322876730839414474700320846052216720384704980313050498    0.5203938378825117370415003212366878995120472903931760612858288342
0.0184406619369700378224311402632740750323274652194120464746316666    0.5389621805039985546062732105564766681793824519196367752643633373
0.0181779458191890229476539665692359048579571378760087639836320782    0.5572722157018970718511259099628697848846723410419699454837780762
0.0179065175904258421979699794968267489409631213803599872963247886    0.5753151680589861387430262111053191481655440908742422620706976161
0.0176265073376000435597398766113494630429172227368589827175355063    0.5930823901623575877410802477372494133063387278926429799549493873
0.0173380492607231141557125947419790386226834408650391754097653211    0.6105653667478469010037767675952608823083502399023522145399371570
0.0170412816085808363230696413058455037506944150296211895276208245    0.6277557187811293280066940090875820898627653065079944174054565555
0.0167363466124752261162331417981708084775499045943915982245720015    0.6446452074735255421445853849434998053085085723428300952923424567
0.0164233904180578169890381638519319340163525579024530124020483157    0.6612257382305922231036774611627557254767992720070287441336197433
0.0161025630152869681662414885189530962334931793199897307086479717    0.6774893645316051741653979908159876211258054946524351358694428834
0.0157740181665427789196190167673192482512404016112868137585824042    0.6934282917380757152299085869215517545487204509552693694909086429
0.0154379133329340763975053004073976061550388748407620472044092291    0.7090348808294751180596394092382802067411514008681492341006791606
0.0150944095988328156850759973846735712092084399210209342345183087    0.7243016520643767546925149020852109580181619456899614744086557142
0.0147436715946720863850671924648749380905529544381128855348580853    0.7392212885652613977390922612815131390332217773985688346921184313
0.0143858674180447603672273293098707638196939354401739503000057404    0.7537866398252677270053825116038759939354421805474816949532696995
0.0140211685531406408501051668693003625706360491927378960739259574    0.7679907251352075455004674434815361907593502672581862886524731297
0.0136497497885607844221913385807472812264641081221328164972878060    0.7818267369292034749014643543832295208657229651333531281666764953
0.0132717891335484662843553279510715755669117868929531239572941318    0.7952880440473459724841767568124630740300924643718141146624231532
0.0128874677326770470004221195297989298281653201880531991738239607    0.8083681949138063765861079107837489940254163704402282679499803344
0.0124969697790357796808985884579510257820405359571355592819904688    0.8210609206288833367082031228269032528543043713397682197838257517
0.0121004824259553749514896094181828210033922833619520678278221609    0.8333601379735014124035643174289346498093444858019219439184831961
0.0116981956973159253172441786380840307946263723522357276721675807    0.8452599523247228336575150392256116056306002602371420723827180002
0.0112903023964805932458574839113430575656575913033996795713909600    0.8567546604808764162006158776917437003141378780213060100852989538
0.0108769980138993084510631473107629723004479092008638767314625720    0.8678387533949514457910126215202788933498537078382888684498541459
0.0104584806334276315272518001491473720121507298167795615403960325    0.8785069188149490391574517593389672255111765453230762892536648033
0.0100349508374069754972590234599897909887605101847231798352470359    0.8887540438299291504876565901221427209350217815759222412807522967
0.0096066116105536205452396982489499105266886892687571528309915756    0.8985752173205381834062076620173714326921757689944059929821038528
0.0091736682427055565102916615902701060718590439906348934282464703    0.9079657323128503652702872883526956672042394769736586596005460672
0.0087363282304783953060214262108164754098539595520884928543721565    0.9169210882344061135818275204836012361522451848378090414917030436
0.0082948011778848583857328477027550060627467318275811599949590714    0.9254369930713833836132006435811838407210376561251721949015980747
0.0078492986959774749292638029512346122918381147198479540503294744    0.9335093654258948524009993010823758158491710611127304968688874212
0.0074000343015826440586279223393424018883679722579633928904760867    0.9411343364724673138137176688534351537947319706465137851555998520
0.0069472233152090553668932080551748362009723691508018417199439223    0.9483082518128345237478759774682248899045270283405379043120122291
0.0064910827582405093616722607893462582655179409921712547105254156    0.9550276732282698619210451260581082220845941661163326884996975375
0.0060318312495747072886932708372607906412397462510359659517167600    0.9612893803288181450711410227126115779679746739133051762643338919
0.0055696889019723950342131167193450569333901702122097772390162645    0.9670903720989928428659885488993147960198209763100406075557735800
0.0051048772185970219095627755779103122641242569712108671939813117    0.9724278683398635749081197158654172939450499771171001794574284694
0.0046376189907044497643794282774654850996883314327515533887804862    0.9772993110081459624678220072043889085137168551753609623725245865
0.0041681381985796693551573131396829202783854159022345796423438806    0.9817023654543502476392562195853096906643419853503106709655105941
0.0036966599207342014451268068357428065396163603155538854723813551    0.9856349215653657596338218424422883491833885931366674720457789530
0.0032234102645913467332553173195112177651788537527202676929178041    0.9890950948252518563345291836912621714019340809247784684142299773
0.0027486163578509865787608797781541295851545803123042728081858677    0.9920812273316601792062751841322248723079048273023711343648990241
0.0022725065348282025106494956914231125713604800865892487684021158    0.9945918888815018673376130936197261595584343590526085600555462383
0.0017953112756316119356719709499070341699523070067679307968513063    0.9966258785315428389850354876567411336333663121194974351709243807
0.0013172679425311387112757860861029238121462620145994455034745682    0.9981822284665410019221096247386429217764206356032099033648076242
0.0008386548411866099929367667381102738980316770616433162540971297    0.9992602221281372618063621810490944993266498384543187041697162074
0.0003603483836455036780792752431970043435761953413955671155836876    0.9998595824347909997296130153714407605239440291684825101861568414
