0.0176140071391521183118619623518528163621431055433367325243493267    -0.9931285991850949247861223884713202782226471309016558961481841312
0.0406014298003869413310399522749321098790906399899515368176068546    -0.9639719272779137912676661311972772219120603278061888560635375939
0.0626720483341090635695065351870416063516010765784363640995843454    -0.9122344282513259058677524412032981130491847974236917747958822192
0.0832767415767047487247581432220462061001778285831632907448820608    -0.8391169718222188233945290617015206853296293650656373732524927255
0.1019301198172404350367501354803498761666916560233925562619716162    -0.7463319064601507926143050703556415903107306795691764441395459061
0.1181945319615184173123773777113822870050412195489687754468899520    -0.6360536807265150254528366962262859367433891167993684639394466225
0.1316886384491766268984944997481631349161105111469835269964364937    -0.5108670019508270980043640509552509984254913292024268334723486199
0.1420961093183820513292983250671649330345154133920203033373670830    -0.3737060887154195606725481770249272373957463217056827118279486135
0.1491729864726037467878287370019694366926799040813683164962112178    -0.2277858511416450780804961953685746247430889376829274723146357392
0.1527533871307258506980843319550975934919486451123785972747010498    -0.0765265211334973337546404093988382110047962668134975008047952444
0.1527533871307258506980843319550975934919486451123785972747010498    0.0765265211334973337546404093988382110047962668134975008047952444
0.1491729864726037467878287370019694366926799040813683164962112178    0.2277858511416450780804961953685746247430889376829274723146357392
0.1420961093183820513292983250671649330345154133920203033373670830    0.3737060887154195606725481770249272373957463217056827118279486135
0.1316886384491766268984944997481631349161105111469835269964364937    0.5108670019508270980043640509552509984254913292024268334723486199
0.1181945319615184173123773777113822870050412195489687754468899520    0.6360536807265150254528366962262859367433891167993684639394466225
0.1019301198172404350367501354803498761666916560233925562619716162    0.7463319064601507926143050703556415903107306795691764441395459061
0.0832767415767047487247581432220462061001778285831632907448820608    0.8391169718222188233945290617015206853296293650656373732524927255
0.0626720483341090635695065351870416063516010765784363640995843454    0.9122344282513259058677524412032981130491847974236917747958822192
0.0406014298003869413310399522749321098790906399899515368176068546    0.9639719272779137912676661311972772219120603278061888560635375939
0.0176140071391521183118619623518528163621431055433367325243493267    0.9931285991850949247861223884713202782226471309016558961481841312
