0.0007062483514580890580420683274004149969913528469225406620907141    -0.9997247888247575840497213075368665880519932715303713459741322911
0.0016433679187249395456404454195118978381159091719739101232280331    -0.9985502126452126652984588889887696858010791839548121314813484567
0.0025803327578890424184802979625372124266351709531227728024936081    -0.9964382181158628696590941587764844875122928198000297946694559442
0.0035149944948897730295950125884737379614898648646030924949240496    -0.9933903194857222020095593548042616058035484540499338162491226211
0.0044463787344431784561263963276891350360725507035884730741946219    -0.9894093221895709317812098843837852701681595529934006186410711948
0.0053735936243990589039608366637961669364380640026515704108364468    -0.9844989519453872366981190902537587965140687517831506885850326264
0.0062957637019363053828957102621292349929259120731610322365227785    -0.9786638166244046079785497395374976082382178916232364713906315205
0.0072120212139205259430528435657514014881496390756433934511440557    -0.9719093954671734898410562350267227730982394201846215087162565837
0.0081215048759954475831170989302038792825418002447614679594100639    -0.9642420322205767212296205211978485584759516595035748373259804499
0.0090233601027405028107443792763846105975796967797906875504224178    -0.9556689286080153756737660103327022886724162313954563155387692324
0.0099167396148036403798083148762229625755344302231960402522172883    -0.9461981373424649956701341845667845731026816602911640878535385803
0.0108008041591362936307064702948120050660600277457481633102281328    -0.9358385544652219839885010484968280910328394165832860715500796539
0.0116747232648673149990290326530588827251627914995214952778820203    -0.9245999109431415945705690877020634483873773628675898047717673790
0.0125376760082505681770735185842678700998714041317103149157110274    -0.9124927635041749519958613806163530121609906191493422790656916268
0.0133888517762267707940010225414699708949288132216703362023701384    -0.8995284847081002463040643286487857388485647838749498784645218029
0.0142274510238648853295149768324579186541619658106038829934976842    -0.8857192522564804354705797088560485604735565177287591344018967549
0.0150526860231862069476744688440533536391385339716903927024449797    -0.8710780375493311561714723663600957620671292082470092152158114941
0.0158637816018229777527384480426283225607757548052329225714588830    -0.8556185934979411052736790873886269962275575138267129975477026744
0.0166599758703959909220086450752161883395326549816114143393640658    -0.8393554416045923129205059727086014222589321535467434293431825793
0.0174405209377074808666099350290236406576498161505065810279157728    -0.8223038583209255194069447051696908043400632587231548651973663358
0.0182046836129574992003019895113346567751799575845270977522774996    -0.8044798606975381083083699238450512378028541706262848153099621871
0.0189517460942564825606548414932012054580484219945960938004068694    -0.7859001913381589182516488079912134825436187328613870370009620542
0.0196810066427478739211760877865589729092959137790503184656677229    -0.7665823026724496287028921623087963039085116354575451433217069530
0.0203917802416839830856745649755679994618590577074573545760038733    -0.7465443405621532029508171684305546951996399445271943639473280671
0.0210833992398215074658348820463193888173436596161816619706487881    -0.7258051272559547128726660853728788560286114957301581353155293447
0.0217552139785232463950120198853183578212203273223459454589925819    -0.7043841437090432130015642374298526381463734052555217065124466827
0.0224065934019711097777293572927945296629949287288667517314263732    -0.6823015112839674292930765057701455733912807316737948662755410723
0.0230369256499134072326832860708229205552826536868556615596954913    -0.6595779728499639518659480393469407714813182654771620049782774277
0.0236456186323870879696845348553119398663882393587920804786332090    -0.6362348732985047896680529862642236393033836638556460314103071275
0.0242321005858733563322794768428165909155103635293112221187100550    -0.6122941394933616110707566533385305502767901998189083252759277155
0.0247958206103630675662818268676649115388948646588909065455524720    -0.5877782596740166027747924425694373789881101183271036114953309744
0.0253362491868265995226716051455733380216709555879392619144594887    -0.5627102623317643576414325801705030046590592946866555731415154608
0.0258528786746015452987349154896370479025245639788810375225676117    -0.5371136945783452127732952909869232612027491510901021508223727870
0.0263452237882306017945876358436894649550236902405850931776233304    -0.5110126000274276313978535303870455449470261752987065393816944400
0.0268128220533014474881009297269356013421989792401870601123561290    -0.4844314962097151703715216673963457955692424347285272361434696538
0.0272552342408602077202962438438897238160549512499669012857362783    -0.4573953515428919112981379669511149204671327434531520088026462806
0.0276720447799902897069592770431007698490056834673909321370677805    -0.4299295618780385741406819500037697364874320547640955178377328914
0.0280628621481689206325016615149818757391423906010599208102948320    -0.4020599266445495044535632886782605820774458429547424069986680923
0.0284273192390346261172177684935349997374891906926703153137350338    -0.3738126246159579687834300407373571556550490538200719643391204260
0.0287650737072201267744549124930663440347637952108581676182072294    -0.3452141893194333626053602471671824050396745353427083921104246153
0.0290758082899266898361137769550344652816709415545399751194962590    -0.3162914841120487036195919514388538714579481244025798810517329232
0.0293592311049378322742042154582441891213108373140400184872097815    -0.2870716769472298407480474959288639184359108823792952009487550781
0.0296150759247924120778916861692798000910006491426851858655326258    -0.2575822148550888651997308009202612649541289441625284827507956682
0.0298431024268595453647631424030031796616924752526528495248040278    -0.2278507981606129936909903346473406782582701695669586440614360695
0.0300430964190804283456349724142804332091711474808923746787819036    -0.1979053544639264547209235184924498935578650024319261615106863343
0.0302148700411650039733508155579760944602150993351575047097561797    -0.1677740124070664167889073545353522899844162033652084455352692428
0.0303582619410544722185850979799619166404491301407353061484900728    -0.1374850752519145436902100212243226076430599471681598925056465050
0.0304731374264838788944997721273555359023404149331083095859654449    -0.1070669942941031589327428487609451704623784436892548672033684921
0.0305593885915024091387512199322889799602404114120672698705944214    -0.0765483421378690828292028888804482807510581030225499120045078436
0.0306169344178325362105321570887526996080632423152309021013987900    -0.0459577858569588276347763608985710608269607153726867303074043881
0.0306457208509728121720154045946132601141969096247660351995510616    -0.0153240600667958758470582943356736945047311265657981127533358836
0.0306457208509728121720154045946132601141969096247660351995510616    0.0153240600667958758470582943356736945047311265657981127533358836
0.0306169344178325362105321570887526996080632423152309021013987900    0.0459577858569588276347763608985710608269607153726867303074043881
0.0305593885915024091387512199322889799602404114120672698705944214    0.0765483421378690828292028888804482807510581030225499120045078436
0.0304731374264838788944997721273555359023404149331083095859654449    0.1070669942941031589327428487609451704623784436892548672033684921
0.0303582619410544722185850979799619166404491301407353061484900728    0.1374850752519145436902100212243226076430599471681598925056465050
0.0302148700411650039733508155579760944602150993351575047097561797    0.1677740124070664167889073545353522899844162033652084455352692428
0.0300430964190804283456349724142804332091711474808923746787819036    0.1979053544639264547209235184924498935578650024319261615106863343
0.0298431024268595453647631424030031796616924752526528495248040278    0.2278507981606129936909903346473406782582701695669586440614360695
0.0296150759247924120778916861692798000910006491426851858655326258    0.2575822148550888651997308009202612649541289441625284827507956682
0.0293592311049378322742042154582441891213108373140400184872097815    0.2870716769472298407480474959288639184359108823792952009487550781
0.0290758082899266898361137769550344652816709415545399751194962590    0.3162914841120487036195919514388538714579481244025798810517329232
0.0287650737072201267744549124930663440347637952108581676182072294    0.3452141893194333626053602471671824050396745353427083921104246153
0.0284273192390346261172177684935349997374891906926703153137350338    0.3738126246159579687834300407373571556550490538200719643391204260
0.0280628621481689206325016615149818757391423906010599208102948320    0.4020599266445495044535632886782605820774458429547424069986680923
0.0276720447799902897069592770431007698490056834673909321370677805    0.4299295618780385741406819500037697364874320547640955178377328914
0.0272552342408602077202962438438897238160549512499669012857362783    0.4573953515428919112981379669511149204671327434531520088026462806
0.0268128220533014474881009297269356013421989792401870601123561290    0.4844314962097151703715216673963457955692424347285272361434696538
0.0263452237882306017945876358436894649550236902405850931776233304    0.5110126000274276313978535303870455449470261752987065393816944400
0.0258528786746015452987349154896370479025245639788810375225676117    0.5371136945783452127732952909869232612027491510901021508223727870
0.0253362491868265995226716051455733380216709555879392619144594887    0.5627102623317643576414325801705030046590592946866555731415154608
0.0247958206103630675662818268676649115388948646588909065455524720    0.5877782596740166027747924425694373789881101183271036114953309744
0.0242321005858733563322794768428165909155103635293112221187100550    0.6122941394933616110707566533385305502767901998189083252759277155
0.0236456186323870879696845348553119398663882393587920804786332090    0.6362348732985047896680529862642236393033836638556460314103071275
0.0230369256499134072326832860708229205552826536868556615596954913    0.6595779728499639518659480393469407714813182654771620049782774277
0.0224065934019711097777293572927945296629949287288667517314263732    0.6823015112839674292930765057701455733912807316737948662755410723
0.0217552139785232463950120198853183578212203273223459454589925819    0.7043841437090432130015642374298526381463734052555217065124466827
0.0210833992398215074658348820463193888173436596161816619706487881    0.7258051272559547128726660853728788560286114957301581353155293447
0.0203917802416839830856745649755679994618590577074573545760038733    0.7465443405621532029508171684305546951996399445271943639473280671
0.0196810066427478739211760877865589729092959137790503184656677229    0.7665823026724496287028921623087963039085116354575451433217069530
0.0189517460942564825606548414932012054580484219945960938004068694    0.7859001913381589182516488079912134825436187328613870370009620542
0.0182046836129574992003019895113346567751799575845270977522774996    0.8044798606975381083083699238450512378028541706262848153099621871
0.0174405209377074808666099350290236406576498161505065810279157728    0.8223038583209255194069447051696908043400632587231548651973663358
0.0166599758703959909220086450752161883395326549816114143393640658    0.8393554416045923129205059727086014222589321535467434293431825793
0.0158637816018229777527384480426283225607757548052329225714588830    0.8556185934979411052736790873886269962275575138267129975477026744
0.0150526860231862069476744688440533536391385339716903927024449797    0.8710780375493311561714723663600957620671292082470092152158114941
0.0142274510238648853295149768324579186541619658106038829934976842    0.8857192522564804354705797088560485604735565177287591344018967549
0.0133888517762267707940010225414699708949288132216703362023701384    0.8995284847081002463040643286487857388485647838749498784645218029
0.0125376760082505681770735185842678700998714041317103149157110274    0.9124927635041749519958613806163530121609906191493422790656916268
0.0116747232648673149990290326530588827251627914995214952778820203    0.9245999109431415945705690877020634483873773628675898047717673790
0.0108008041591362936307064702948120050660600277457481633102281328    0.9358385544652219839885010484968280910328394165832860715500796539
0.0099167396148036403798083148762229625755344302231960402522172883    0.9461981373424649956701341845667845731026816602911640878535385803
0.0090233601027405028107443792763846105975796967797906875504224178    0.9556689286080153756737660103327022886724162313954563155387692324
0.0081215048759954475831170989302038792825418002447614679594100639    0.9642420322205767212296205211978485584759516595035748373259804499
0.0072120212139205259430528435657514014881496390756433934511440557    0.9719093954671734898410562350267227730982394201846215087162565837
0.0062957637019363053828957102621292349929259120731610322365227785    0.9786638166244046079785497395374976082382178916232364713906315205
0.0053735936243990589039608366637961669364380640026515704108364468    0.9844989519453872366981190902537587965140687517831506885850326264
0.0044463787344431784561263963276891350360725507035884730741946219    0.9894093221895709317812098843837852701681595529934006186410711948
0.0035149944948897730295950125884737379614898648646030924949240496    0.9933903194857222020095593548042616058035484540499338162491226211
0.0025803327578890424184802979625372124266351709531227728024936081    0.9964382181158628696590941587764844875122928198000297946694559442
0.0016433679187249395456404454195118978381159091719739101232280331    0.9985502126452126652984588889887696858010791839548121314813484567
0.0007062483514580890580420683274004149969913528469225406620907141    0.9997247888247575840497213075368665880519932715303713459741322911
