0.0134118594871417720813094934586150649766183341057372333923958821    -0.9947693349975521235239257154455743605736273724588704209267938842
0.0309880058569794443106942196418845053837725289999280664348878066    -0.9725424712181152319560240768207773751816137953539739424912561587
0.0480376717310846685716410716320339965612163083035116113336836669    -0.9329710868260161023491969890384229782357018201513907706929012546
0.0642324214085258521271696151589109980391582757548068304953466821    -0.8767523582704416673781568859341456716389290299606506349094011158
0.0792814117767189549228925247420432269137119919384065025556345403    -0.8048884016188398921511184069967785579414301397303080225854324357
0.0929157660600351474770186173697646486034600717431298937326595046    -0.7186613631319501944616244837486188483299297451312927957547812882
0.1048920914645414100740861850147438548584715831939750055028251923    -0.6196098757636461563850973116495956533871806588070922957008655856
0.1149966402224113649416435129339613014914105229295856066090757034    -0.5095014778460075496897930478668464305448427691848576232271893808
0.1230490843067295304675784006720096548158528125464705744356703329    -0.3903010380302908314214888728806054585780508506925034812192052633
0.1289057221880821499785953393997936532597154971917834924443404317    -0.2641356809703449305338695382833096029790132501941396048690788771
0.1324620394046966173716424647033169258050356694742235243225122680    -0.1332568242984661109317426822417661370104052762533821565109453772
0.1336545721861061753514571105458443385831528076368833174819359780    0.0000000000000000000000000000000000000000000000000000000000000000
0.1324620394046966173716424647033169258050356694742235243225122680    0.1332568242984661109317426822417661370104052762533821565109453772
0.1289057221880821499785953393997936532597154971917834924443404317    0.2641356809703449305338695382833096029790132501941396048690788771
0.1230490843067295304675784006720096548158528125464705744356703329    0.3903010380302908314214888728806054585780508506925034812192052633
0.1149966402224113649416435129339613014914105229295856066090757034    0.5095014778460075496897930478668464305448427691848576232271893808
0.1048920914645414100740861850147438548584715831939750055028251923    0.6196098757636461563850973116495956533871806588070922957008655856
0.0929157660600351474770186173697646486034600717431298937326595046    0.7186613631319501944616244837486188483299297451312927957547812882
0.0792814117767189549228925247420432269137119919384065025556345403    0.8048884016188398921511184069967785579414301397303080225854324357
0.0642324214085258521271696151589109980391582757548068304953466821    0.8767523582704416673781568859341456716389290299606506349094011158
0.0480376717310846685716410716320339965612163083035116113336836669    0.9329710868260161023491969890384229782357018201513907706929012546
0.0309880058569794443106942196418845053837725289999280664348878066    0.9725424712181152319560240768207773751816137953539739424912561587
0.0134118594871417720813094934586150649766183341057372333923958821    0.9947693349975521235239257154455743605736273724588704209267938842
