0.0216160135264833103133427102664524693876852314755899454620759901    -0.9915651684209309467300160047061507702525789368454396929196756302
0.0497145488949697964533349462026386416808662461289102022463043079    -0.9558239495713977551811958929297763099728441348113064788453876297
0.0764257302548890565291296776166365256053179062083582874495213792    -0.8926024664975557392060605911271455154078952713522982141874663149
0.1009420441062871655628139849248346070628011388876789016103745367    -0.8037049589725231156824174550145907971032989216119224817504280642
0.1225552067114784601845191268002015552281638973334390971672535137    -0.6916870430603532078748910812888483894522705728175077589021626568
0.1406429146706506512047313037519472280955024103309725598834561953    -0.5597708310739475346078715485253291369276264857707094166399869441
0.1546846751262652449254180038363747721932183962673541726666419147    -0.4117511614628426460359317938330516370789896821200255112811488678
0.1642764837458327229860537764659275904123389539973529532444969709    -0.2518862256915055095889728548779112301628617656596404580202710317
0.1691423829631435918406564701349866103341058193703438802698751915    -0.0847750130417353012422618529357838117333173869060899200433645176
0.1691423829631435918406564701349866103341058193703438802698751915    0.0847750130417353012422618529357838117333173869060899200433645176
0.1642764837458327229860537764659275904123389539973529532444969709    0.2518862256915055095889728548779112301628617656596404580202710317
0.1546846751262652449254180038363747721932183962673541726666419147    0.4117511614628426460359317938330516370789896821200255112811488678
0.1406429146706506512047313037519472280955024103309725598834561953    0.5597708310739475346078715485253291369276264857707094166399869441
0.1225552067114784601845191268002015552281638973334390971672535137    0.6916870430603532078748910812888483894522705728175077589021626568
0.1009420441062871655628139849248346070628011388876789016103745367    0.8037049589725231156824174550145907971032989216119224817504280642
0.0764257302548890565291296776166365256053179062083582874495213792    0.8926024664975557392060605911271455154078952713522982141874663149
0.0497145488949697964533349462026386416808662461289102022463043079    0.9558239495713977551811958929297763099728441348113064788453876297
0.0216160135264833103133427102664524693876852314755899454620759901    0.9915651684209309467300160047061507702525789368454396929196756302
