0.0004865021151045074144064085414845388549865014594661305316883763    -0.9998104223430791144959298064253308228408941123829666656576482265
0.0011321788196965436832637568000805403132308999247460950172157799    -0.9990012613476081155277699225677386385277963047479686068600136745
0.0017780796365535331618685041363951746979913588378588732164982121    -0.9975460682123334700804666696246228396590183146384779723480594551
0.0024229130505056383159003236996862064114688048100582528592066750    -0.9954454610732012753872088815725799263063779654638491872818601380
0.0030661953947557931218204371120806610978682851074334671255043451    -0.9927007595108203445150323737125213540788843017360759677337316010
0.0037074987385883161426143071109287664772914690249161242388857365    -0.9893137300348529394798213061244779612226663146602383130997072739
0.0043464050220395135302671783933227500990234586120267679409997447    -0.9852865610894834163431734637833602047605629265980677332839014187
0.0049824997820882903472591863243824069289807568351955448814146313    -0.9806218571914865691651563705085811610343155028547239170296280341
0.0056153710049088620431708888701437059799327965515850067219699313    -0.9753226360631908434355942891835157957312858997792543342896425301
0.0062446089938489432359349787779893347460436661230729280651215982    -0.9693923262867360266531408814586807678632808172775352347914279687
0.0068698064998456813706659859920984393011005870996360070289195137    -0.9628347649326539348886427621139530609435580920024578458147101529
0.0074905589328645524812465842848186183799493013953590153300023096    -0.9556541950102311032364470368382148530684880924145122851704631122
0.0081064646013470079069445885223864727759164396294121458240391892    -0.9478552626900775877151725373047851794317048383449848898481066509
0.0087171249617086783633472952327662156408913413711965950893812814    -0.9394430142813623366401371887612841277826177249395631616048228881
0.0093221448710199806151079580846201730273889424318545934170383009    -0.9304228929576074047002054848276689085783201194976373403619411392
0.0099211328399398136199251065321203901236524420175583996375158954    -0.9208007352295152171221896822297170743754677272581729415594302867
0.0105137012845096790170063161654375007837331271026072733031112561    -0.9105827671653508018975305265662472153120534673446871525306017062
0.0110994667760638403534792919981653673994463331411117565361137145    -0.8997756003604253542403727258588022401579036213407548136677198684
0.0116780502888035985877526991349355763036635160210786901345553003    -0.8883862276578072342695295689378523299593212949880774011525519174
0.0122490774447237864362521007990419636553915620269123466070622737    -0.8764220186227602323528770481279203771804533398988861343394181030
0.0128121787556504368625555093847188621079914757790591508938397069    -0.8638907147736815830175764876185326762289126216656165954356203080
0.0133669898621864529793063274031819189153455236792614606936412913    -0.8508004245725324455343334126773636708875455761240609659350007240
0.0139131517693835685359136669466902893982889937965420836378103229    -0.8371596181779450590114865268944702166162522866365459151310856148
0.0144503110789718817275216453043416184775735394158093034085284314    -0.8229771219643654933668213332227327033142647832437384360742357399
0.0149781202179867335295266714247783017208105976354964997025126862    -0.8082621128107551203002788302087929934769049247008059046133044513
0.0154962376636387354847008548836563203857199344313426121869886556    -0.7930241121625309914607684215483413997851850934460459515402920579
0.0160043281642774262916183896374704452998115287007354234996748681    -0.7772729798705770859781246715841159031633205246636679632104763625
0.0165020629563029540537142214844949424201597978783471770701459163    -0.7610189078113059053794653442922568582649833501218955275017506241
0.0169891199768836815451526351804659293567483314963072514818915210    -0.7442724132918937218188569840870574023699288816778434570943581028
0.0174651840723408915347902919395468755982924267685197122925224884    -0.7270443322449532356699491710621441316031811595237182444308899472
0.0179299472020649435891700683061318884455734509976613943474531515    -0.7093458122170446289330805143644969251965599286964291772455208483
0.0183831086378303719613839646562962434924589142253423303986368266    -0.6911883051555600794365870915232705079771993517598828444575732031
0.0188243751583805580154818112220237769645102609986615305781764882    -0.6725835599986477410085732010424922735346401108859392337303232003
0.0192534612391557856394579648960463891262147421397945556257633914    -0.6535436150729689772049128594137649299295753480886929348806364459
0.0196700892370417097755934245276807694569098760360745177825459572    -0.6340807903042072212389977300663147817009894658101484729535644125
0.0200739895700185458378786915271265790663346874794187221893669566    -0.6142076792453681707437224080235980217503299821939780817491759888
0.0204649008915946267461134006356578039038274598645830508480386503    -0.5939371409280290540046004086154021230247767792481509108456889594
0.0208425702599113774008819945706536793043082248226666081643455019    -0.5732822915418093614389944353313554251951207348958578722048971512
0.0212067533014102248056480349399260103955489340858452275282251424    -0.5522564959474466575374092515297663738204610357225111265693751007
0.0215572143689554957556860654163691173791488337972149213765684789    -0.5308733590289688088440004130462405693640600847805353966770215246
0.0218937266943109523501197322755113817100629883521403611767739097    -0.5091467168905581178061066822723471167827443272382341091697087976
0.0222160725348712773144722156431481025843856769736025182009598339    -0.4870906279038033764218827073717277226646661957231447244590841030
0.0225240433145535446516088380107248184950477150008712418743750012    -0.4647193636111326849383563819485068084130435963707430672283814078
0.0228174397587574946093678036755467362825856895520299611033513066    -0.4420473994913129585111132426723847378600398208968161969336754916
0.0230960720233072733095841316192255904961021065477969122208088715    -0.4190894055929913098043978697209978318566652929043643758555283836
0.0233597598172911944249481280250597530158869159656980998786064174    -0.3958602370423388911904018980824836292582017250642696409243334320
0.0236083325197200307031869872100324108226445908777095709774553322    -0.3723749244309392519622206641755434405036295277743883547328871597
0.0238416292899283445186894116041779894448499401638430939223003076    -0.3486486640901407616302746291838037043083143519182297022606140985
0.0240594991716474165035117125687294365575313188450459897611363814    -0.3246968082581661201920444795603591592488010590106171209599662909
0.0242618011906824271361669706426273845953383582149452740779851597    -0.3005348551463413730222633108318903657016279167027524833092264448
0.0244484044461306853604242383484025459837945367434748013938468387    -0.2761784389108721270603428262958977010234021690575362269397487832
0.0246191881950818782367484682313192772120726019720067059368790298    -0.2516433195366557842184451338271178680160576049174394354860458663
0.0247740419307455336274264281247499378858408128537335769333666322    -0.2269453726396755279920115465880651304245683370215813208883001386
0.0249128654539551412811449578477531994551225590873638656521104384    -0.2021005791945744834049763011489032189808961547380810754968952428
0.0250355689380026636828599393904083691727865008581851844150616727    -0.1771250151940568846612062166285156634565468886681880098035074223
0.0251420729867614839133532744066923080229247537039050252264376929    -0.1520348412468071979429671381688232178465037016361308784742885483
0.0252323086860601807401019026725417497789484960345510360469439836    -0.1268462921206579302060492343434937407723637166645014848015222702
0.0253062176482738884368761972999967131191342151388308547109946258    -0.1015756662377722828693840174422361121912374707365363357132984733
0.0253637520501043875859317143215430562009541185867144423197226919    -0.0762393151286388590935607480616596539692228723337478530358052393
0.0254048746635244805203564591521409768197078740734565908080543137    -0.0508536328517022848224492614994567690199000773267145261485080311
0.0254295588798666282684121686545798798451387374066356643989214820    -0.0254350453854758397002295560776875362118841160518111249741886355
0.0254377887270402620087575789498916365712207389913793635019751577    0.0000000000000000000000000000000000000000000000000000000000000000
0.0254295588798666282684121686545798798451387374066356643989214820    0.0254350453854758397002295560776875362118841160518111249741886355
0.0254048746635244805203564591521409768197078740734565908080543137    0.0508536328517022848224492614994567690199000773267145261485080311
0.0253637520501043875859317143215430562009541185867144423197226919    0.0762393151286388590935607480616596539692228723337478530358052393
0.0253062176482738884368761972999967131191342151388308547109946258    0.1015756662377722828693840174422361121912374707365363357132984733
0.0252323086860601807401019026725417497789484960345510360469439836    0.1268462921206579302060492343434937407723637166645014848015222702
0.0251420729867614839133532744066923080229247537039050252264376929    0.1520348412468071979429671381688232178465037016361308784742885483
0.0250355689380026636828599393904083691727865008581851844150616727    0.1771250151940568846612062166285156634565468886681880098035074223
0.0249128654539551412811449578477531994551225590873638656521104384    0.2021005791945744834049763011489032189808961547380810754968952428
0.0247740419307455336274264281247499378858408128537335769333666322    0.2269453726396755279920115465880651304245683370215813208883001386
0.0246191881950818782367484682313192772120726019720067059368790298    0.2516433195366557842184451338271178680160576049174394354860458663
0.0244484044461306853604242383484025459837945367434748013938468387    0.2761784389108721270603428262958977010234021690575362269397487832
0.0242618011906824271361669706426273845953383582149452740779851597    0.3005348551463413730222633108318903657016279167027524833092264448
0.0240594991716474165035117125687294365575313188450459897611363814    0.3246968082581661201920444795603591592488010590106171209599662909
0.0238416292899283445186894116041779894448499401638430939223003076    0.3486486640901407616302746291838037043083143519182297022606140985
0.0236083325197200307031869872100324108226445908777095709774553322    0.3723749244309392519622206641755434405036295277743883547328871597
0.0233597598172911944249481280250597530158869159656980998786064174    0.3958602370423388911904018980824836292582017250642696409243334320
0.0230960720233072733095841316192255904961021065477969122208088715    0.4190894055929913098043978697209978318566652929043643758555283836
0.0228174397587574946093678036755467362825856895520299611033513066    0.4420473994913129585111132426723847378600398208968161969336754916
0.0225240433145535446516088380107248184950477150008712418743750012    0.4647193636111326849383563819485068084130435963707430672283814078
0.0222160725348712773144722156431481025843856769736025182009598339    0.4870906279038033764218827073717277226646661957231447244590841030
0.0218937266943109523501197322755113817100629883521403611767739097    0.5091467168905581178061066822723471167827443272382341091697087976
0.0215572143689554957556860654163691173791488337972149213765684789    0.5308733590289688088440004130462405693640600847805353966770215246
0.0212067533014102248056480349399260103955489340858452275282251424    0.5522564959474466575374092515297663738204610357225111265693751007
0.0208425702599113774008819945706536793043082248226666081643455019    0.5732822915418093614389944353313554251951207348958578722048971512
0.0204649008915946267461134006356578039038274598645830508480386503    0.5939371409280290540046004086154021230247767792481509108456889594
0.0200739895700185458378786915271265790663346874794187221893669566    0.6142076792453681707437224080235980217503299821939780817491759888
0.0196700892370417097755934245276807694569098760360745177825459572    0.6340807903042072212389977300663147817009894658101484729535644125
0.0192534612391557856394579648960463891262147421397945556257633914    0.6535436150729689772049128594137649299295753480886929348806364459
0.0188243751583805580154818112220237769645102609986615305781764882    0.6725835599986477410085732010424922735346401108859392337303232003
0.0183831086378303719613839646562962434924589142253423303986368266    0.6911883051555600794365870915232705079771993517598828444575732031
0.0179299472020649435891700683061318884455734509976613943474531515    0.7093458122170446289330805143644969251965599286964291772455208483
0.0174651840723408915347902919395468755982924267685197122925224884    0.7270443322449532356699491710621441316031811595237182444308899472
0.0169891199768836815451526351804659293567483314963072514818915210    0.7442724132918937218188569840870574023699288816778434570943581028
0.0165020629563029540537142214844949424201597978783471770701459163    0.7610189078113059053794653442922568582649833501218955275017506241
0.0160043281642774262916183896374704452998115287007354234996748681    0.7772729798705770859781246715841159031633205246636679632104763625
0.0154962376636387354847008548836563203857199344313426121869886556    0.7930241121625309914607684215483413997851850934460459515402920579
0.0149781202179867335295266714247783017208105976354964997025126862    0.8082621128107551203002788302087929934769049247008059046133044513
0.0144503110789718817275216453043416184775735394158093034085284314    0.8229771219643654933668213332227327033142647832437384360742357399
0.0139131517693835685359136669466902893982889937965420836378103229    0.8371596181779450590114865268944702166162522866365459151310856148
0.0133669898621864529793063274031819189153455236792614606936412913    0.8508004245725324455343334126773636708875455761240609659350007240
0.0128121787556504368625555093847188621079914757790591508938397069    0.8638907147736815830175764876185326762289126216656165954356203080
0.0122490774447237864362521007990419636553915620269123466070622737    0.8764220186227602323528770481279203771804533398988861343394181030
0.0116780502888035985877526991349355763036635160210786901345553003    0.8883862276578072342695295689378523299593212949880774011525519174
0.0110994667760638403534792919981653673994463331411117565361137145    0.8997756003604253542403727258588022401579036213407548136677198684
0.0105137012845096790170063161654375007837331271026072733031112561    0.9105827671653508018975305265662472153120534673446871525306017062
0.0099211328399398136199251065321203901236524420175583996375158954    0.9208007352295152171221896822297170743754677272581729415594302867
0.0093221448710199806151079580846201730273889424318545934170383009    0.9304228929576074047002054848276689085783201194976373403619411392
0.0087171249617086783633472952327662156408913413711965950893812814    0.9394430142813623366401371887612841277826177249395631616048228881
0.0081064646013470079069445885223864727759164396294121458240391892    0.9478552626900775877151725373047851794317048383449848898481066509
0.0074905589328645524812465842848186183799493013953590153300023096    0.9556541950102311032364470368382148530684880924145122851704631122
0.0068698064998456813706659859920984393011005870996360070289195137    0.9628347649326539348886427621139530609435580920024578458147101529
0.0062446089938489432359349787779893347460436661230729280651215982    0.9693923262867360266531408814586807678632808172775352347914279687
0.0056153710049088620431708888701437059799327965515850067219699313    0.9753226360631908434355942891835157957312858997792543342896425301
0.0049824997820882903472591863243824069289807568351955448814146313    0.9806218571914865691651563705085811610343155028547239170296280341
0.0043464050220395135302671783933227500990234586120267679409997447    0.9852865610894834163431734637833602047605629265980677332839014187
0.0037074987385883161426143071109287664772914690249161242388857365    0.9893137300348529394798213061244779612226663146602383130997072739
0.0030661953947557931218204371120806610978682851074334671255043451    0.9927007595108203445150323737125213540788843017360759677337316010
0.0024229130505056383159003236996862064114688048100582528592066750    0.9954454610732012753872088815725799263063779654638491872818601380
0.0017780796365535331618685041363951746979913588378588732164982121    0.9975460682123334700804666696246228396590183146384779723480594551
0.0011321788196965436832637568000805403132308999247460950172157799    0.9990012613476081155277699225677386385277963047479686068600136745
0.0004865021151045074144064085414845388549865014594661305316883763    0.9998104223430791144959298064253308228408941123829666656576482265
