0.0008308716126821624946415463243751108646222147720733549963068606    -0.9996762229550497944784643667474098481396278299665725066737377599
0.0019332198887254189431176272760075036694672356406846069259069706    -0.9982944310216876062435467680581080422680919906057876681783907439
0.0030350658910386280273919560714943133496224649101746084632894015    -0.9958100842017188794231909343291076252382009645303850041135214880
0.0041336998754077764832971397875062017239836051292168686269005660    -0.9922253754008766584537862269054716509624646313213177729130312343
0.0052277942895077675453055217278159842976140690760681914090932870    -0.9875441983204797886788497622735558044404816841770142127127653856
0.0063161200910364482231076493010603688629497930258882690129351569    -0.9817717098833782297243514954170302676137499049165523857664029062
0.0073974692881423562008628784001736043371437890402308541453499027    -0.9749142837904650425983153222909121371969455481173589116779602917
0.0084706450945346359999096567993524190685970161131253908568589968    -0.9669794958813433889446319687100415050605989294406615768190201350
0.0095344608328651582500631702099134362054859035562014483726786426    -0.9579761137429550239879589642110278952906445023486156270881974624
0.0105877405649541222367243510962109022310985714685046868873246683    -0.9479140863487617229019544976141212298966360407412332835893832737
0.0116293201611224145960741283712199003995361454872051080895072319    -0.9368045328028253782109200247274729952422746012801166516507899971
0.0126580484976389944448251137900186573874499116420926219442395580    -0.9246597299379514746877343477057353266615744757091442867743266937
0.0136727886906068785064401933159972607496367824473291975416822868    -0.9114930986940574859560757869349802124808607961885061966709556831
0.0146724193344994642042645450238501024486329699044873326779826577    -0.8973191892587679925751337365789880595088352994232739746852723873
0.0156558357325155578600224341784309847555613964457064926551543987    -0.8821536649728722607714443471832894718572272210307410406901381159
0.0166219511126654966383287524278131752227961860806962677548431343    -0.8660132850121986732777292012070619210906877092010260882204710619
0.0175696978261432519987255770001927674788053795871177938606268794    -0.8489158858620334001501904031371371543577690452913695430451866119
0.0184980285256659109538092555914945590215641174376280211419432087    -0.8308803616030173779792886664481469043672113228816335146295137087
0.0194059173219820048860518000260869511750575923969089217774120827    -0.8119266430294828831454952895578988222989810602775207957734053347
0.0202923609170111321798884289184195432814587434351818038539774606    -0.7920756756228451657014404704541361549535579541256139981431204826
0.0211563797122213898150452802905460959140922388999151204310414772    -0.7713493964041236993874539087577992763273667092472196793690038500
0.0219970188909400771733972260876431309649127113106295751053314094    -0.7497707096910135172187916308299185227748253479886650742008045591
0.0228133494733552364100120709752462141486809255831789777422307175    -0.7273634617861990593946367207889628717631412079222837999332940028
0.0236044693430143822805078668890496363294443840066293924359130505    -0.7041524146248202414455978843350768855748162444661640893652743098
0.0243695042436689883063465661684850502006359973665515836621551070    -0.6801632184101726210322542014330520361389243872975205335406928272
0.0251076087453524051285803448418566609943330911692926214055533886    -0.6554223832678552554359893930023210789217448469116197459743109971
0.0258179671786167281644027179298299915081600816733820081887010565    -0.6299572499496731901295466254836336651896974670962403871284835097
0.0264997945358916991966939328758809936913792117433596078005638333    -0.6037959596196572227273206749473379897480205883180043948411057859
0.0271523373389665647238825617484023584515020127432364945789833878    -0.5769674227555816205925813887044136488024640937846128596622416767
0.0277748744716342206206510478782326761730535380119375082276943551    -0.5495012872003403997550882401132660454782994062615435226773389400
0.0283667179765761068127294943265861848236344924917036396018924494    -0.5214279053984839409785519682477777167371086975077606254430804033
0.0289272138156062558422752107531591755211870220215548701123916146    -0.4927783008541193540401679153321337331357616532354481841251393804
0.0294557425924336763971915811949758187422430525843416988857329076    -0.4635841338472392789894469404479101165033963141232370427779892467
0.0299517202371438692000879897654083686755836389518951173674216969    -0.4338776664463638933989227928045689354695713471892327838224875425
0.0304145986516427122032814246978614096405987303061118054888305420    -0.4036917268561589450484687483361833993492712000366311569572664600
0.0308438663153491874111068279978917567959722531203732961171410361    -0.3730596731394278398061391354045561521551738591073627797691800927
0.0312390488504674178821911177861703731465515811193530367926537365    -0.3420153563535674058301470129944061806277231280009046259458882550
0.0315997095462132004647739918125143674597839426291385576152049729    -0.3105930831422241864542178392757096049633535014380978986050882508
0.0319254498414156139258407501131795303548396423311023385897174754    -0.2788275778234902860441635948931084646083646754885886728429849041
0.0322159097649603071128181449147394015515406504864829691517963537    -0.2467539440165342515552953213777826212298331202645829877975492744
0.0324707683335876794845084447841014090343839329504606667365628920    -0.2144076258490726105449540745961435523865295397715827820181220791
0.0326897439066063071525284519649607937663364009891135911178476375    -0.1818243687885509459815783422536640547324643648269657191347918337
0.0328725944971295907261477133981679420516062172140313056586363343    -0.1490401801403192615296054074425559292965184616561662252159316409
0.0330191180394916550766707419018238301410396939926840883175451132    -0.1160912892564544215004425702346031604792830729191942450275718079
0.0331291526125469632160051739396855714420333886021224711650273327    -0.0830141074992022328247687231070251764170435580615164014799191973
0.0332025766186068637987663578521218688383339483664954133418531224    -0.0498451880032829204296412530386891695662834551648080577649823812
0.0332393089178153208007052414740456431070533317384004033675636479    -0.0166211852815260337764030684225555148097106249581399812648258667
0.0332393089178153208007052414740456431070533317384004033675636479    0.0166211852815260337764030684225555148097106249581399812648258667
0.0332025766186068637987663578521218688383339483664954133418531224    0.0498451880032829204296412530386891695662834551648080577649823812
0.0331291526125469632160051739396855714420333886021224711650273327    0.0830141074992022328247687231070251764170435580615164014799191973
0.0330191180394916550766707419018238301410396939926840883175451132    0.1160912892564544215004425702346031604792830729191942450275718079
0.0328725944971295907261477133981679420516062172140313056586363343    0.1490401801403192615296054074425559292965184616561662252159316409
0.0326897439066063071525284519649607937663364009891135911178476375    0.1818243687885509459815783422536640547324643648269657191347918337
0.0324707683335876794845084447841014090343839329504606667365628920    0.2144076258490726105449540745961435523865295397715827820181220791
0.0322159097649603071128181449147394015515406504864829691517963537    0.2467539440165342515552953213777826212298331202645829877975492744
0.0319254498414156139258407501131795303548396423311023385897174754    0.2788275778234902860441635948931084646083646754885886728429849041
0.0315997095462132004647739918125143674597839426291385576152049729    0.3105930831422241864542178392757096049633535014380978986050882508
0.0312390488504674178821911177861703731465515811193530367926537365    0.3420153563535674058301470129944061806277231280009046259458882550
0.0308438663153491874111068279978917567959722531203732961171410361    0.3730596731394278398061391354045561521551738591073627797691800927
0.0304145986516427122032814246978614096405987303061118054888305420    0.4036917268561589450484687483361833993492712000366311569572664600
0.0299517202371438692000879897654083686755836389518951173674216969    0.4338776664463638933989227928045689354695713471892327838224875425
0.0294557425924336763971915811949758187422430525843416988857329076    0.4635841338472392789894469404479101165033963141232370427779892467
0.0289272138156062558422752107531591755211870220215548701123916146    0.4927783008541193540401679153321337331357616532354481841251393804
0.0283667179765761068127294943265861848236344924917036396018924494    0.5214279053984839409785519682477777167371086975077606254430804033
0.0277748744716342206206510478782326761730535380119375082276943551    0.5495012872003403997550882401132660454782994062615435226773389400
0.0271523373389665647238825617484023584515020127432364945789833878    0.5769674227555816205925813887044136488024640937846128596622416767
0.0264997945358916991966939328758809936913792117433596078005638333    0.6037959596196572227273206749473379897480205883180043948411057859
0.0258179671786167281644027179298299915081600816733820081887010565    0.6299572499496731901295466254836336651896974670962403871284835097
0.0251076087453524051285803448418566609943330911692926214055533886    0.6554223832678552554359893930023210789217448469116197459743109971
0.0243695042436689883063465661684850502006359973665515836621551070    0.6801632184101726210322542014330520361389243872975205335406928272
0.0236044693430143822805078668890496363294443840066293924359130505    0.7041524146248202414455978843350768855748162444661640893652743098
0.0228133494733552364100120709752462141486809255831789777422307175    0.7273634617861990593946367207889628717631412079222837999332940028
0.0219970188909400771733972260876431309649127113106295751053314094    0.7497707096910135172187916308299185227748253479886650742008045591
0.0211563797122213898150452802905460959140922388999151204310414772    0.7713493964041236993874539087577992763273667092472196793690038500
0.0202923609170111321798884289184195432814587434351818038539774606    0.7920756756228451657014404704541361549535579541256139981431204826
0.0194059173219820048860518000260869511750575923969089217774120827    0.8119266430294828831454952895578988222989810602775207957734053347
0.0184980285256659109538092555914945590215641174376280211419432087    0.8308803616030173779792886664481469043672113228816335146295137087
0.0175696978261432519987255770001927674788053795871177938606268794    0.8489158858620334001501904031371371543577690452913695430451866119
0.0166219511126654966383287524278131752227961860806962677548431343    0.8660132850121986732777292012070619210906877092010260882204710619
0.0156558357325155578600224341784309847555613964457064926551543987    0.8821536649728722607714443471832894718572272210307410406901381159
0.0146724193344994642042645450238501024486329699044873326779826577    0.8973191892587679925751337365789880595088352994232739746852723873
0.0136727886906068785064401933159972607496367824473291975416822868    0.9114930986940574859560757869349802124808607961885061966709556831
0.0126580484976389944448251137900186573874499116420926219442395580    0.9246597299379514746877343477057353266615744757091442867743266937
0.0116293201611224145960741283712199003995361454872051080895072319    0.9368045328028253782109200247274729952422746012801166516507899971
0.0105877405649541222367243510962109022310985714685046868873246683    0.9479140863487617229019544976141212298966360407412332835893832737
0.0095344608328651582500631702099134362054859035562014483726786426    0.9579761137429550239879589642110278952906445023486156270881974624
0.0084706450945346359999096567993524190685970161131253908568589968    0.9669794958813433889446319687100415050605989294406615768190201350
0.0073974692881423562008628784001736043371437890402308541453499027    0.9749142837904650425983153222909121371969455481173589116779602917
0.0063161200910364482231076493010603688629497930258882690129351569    0.9817717098833782297243514954170302676137499049165523857664029062
0.0052277942895077675453055217278159842976140690760681914090932870    0.9875441983204797886788497622735558044404816841770142127127653856
0.0041336998754077764832971397875062017239836051292168686269005660    0.9922253754008766584537862269054716509624646313213177729130312343
0.0030350658910386280273919560714943133496224649101746084632894015    0.9958100842017188794231909343291076252382009645303850041135214880
0.0019332198887254189431176272760075036694672356406846069259069706    0.9982944310216876062435467680581080422680919906057876681783907439
0.0008308716126821624946415463243751108646222147720733549963068606    0.9996762229550497944784643667474098481396278299665725066737377599
