0.0003654233887715072590983342594043408354544454624719086644316106    -0.9998576048020064543800462063491430218412305340786797843332819339
0.0008504637328969824362412659033811956514797771304950275165541209    -0.9992498041954749262426667126560546338639201988047744978256071817
0.0013358093014339535837905513211691023548985661253323337717642163    -0.9981566343394177108429590595867039826036655404961022351414433431
0.0018205680660756025912028302829523531142032115105041652490769833    -0.9965783835930419155921797510600995270214181133805389114431615500
0.0023044545375835930510742707776941315352786824319620887934117691    -0.9945157892505710826903951901937757080057766420142751327194875401
0.0027872247586323855277926850783884819467702119934864214837680455    -0.9919698466600565350410139394256710451521658745103408395181146441
0.0032686417659911321043798077975746781326175862773227284686916254    -0.9889417908257204394309605375424793336519322760517074775966625479
0.0037484707905814386080291984347057598696952442980860248985547016    -0.9854330924687678008303095598055922267076661341813593027588640504
0.0042264783081930908584259721814743272637277545784346384733055498    -0.9814454564251123456736788931306237459236733398535707285476060927
0.0047024318536275158402213216939045781480385172431423669496999498    -0.9769808205216051610629291860648087145086100222938521331969387071
0.0051761000325435316757528241683809193625721165623418901675953462    -0.9720413545193856373914572854411157670757074122613408845564516424
0.0056472525948173983335369728860531462427107614153393209453785294    -0.9666294590091596441162712462014787431604975180742070680008749283
0.0061156605296712385347024862908625688313887741340680270308528494    -0.9607477642204739995754464483036881445439977736222323419227373485
0.0065810961691541500525357245537253613489647080963067817578955194    -0.9543991287310458882518708930908104900785493045844455959156437106
0.0070433332948895164734587843120095284967305923426810935834444568    -0.9475866380707198548000701149147622345392678322312384509735266083
0.0075021472459598419572453604950558618583770834284674750150588659    -0.9403136032179946328344236842991738020543891138530783327655256873
0.0079573150269538956442786869142604890857425624190129794978297230    -0.9325835589885289220786919745175721361353605900403359091317515924
0.0084086154156870977053061263812642760030098765892037148362099486    -0.9244002623157342559916413257746564772433584148257164992163978217
0.0088558290703249155442391627507940688026833182831437359721462304    -0.9157676904239289139816455753027380858763978028035201580658415202
0.0092987386357433246725465377680116152307821214243990877417784843    -0.9066900388947387749740004612166681152941999964356296942848953599
0.0097371288490126664096488874300594115284570772733985866807497281    -0.8971717196275679387176510113501163305699209900281428488010190705
0.0101707866439186881984147708945520775169656414297046245674328484    -0.8872173586950604722436790741217280534468643097759292468882187689
0.0105995012544496290278987557360147798072592889043353403621111420    -0.8768317940945525954180639290564791026057946022810246382378329179
0.0110230643171868780638955369289572465454631220890402163106137250    -0.8660200733965810441224129987655566402074033464806626482099455603
0.0114412699725419667123692120914007017661612448079215265335922087    -0.8547874512915729983223554597976861976655944486027397248193947796
0.0118539149647859938377551072617182186930688250165521785753991544    -0.8431393870358984164612419531931637161490941634466402813351654079
0.0122607987408198543859718849952295969167744509472359657760621276    -0.8310815417985183164137222250378387997141590979235622551409457930
0.0126617235476352965775802301584048993487583217916089758358729459    -0.8186197759095133070533842950877673378407835855667829038648015829
0.0130564945284181283709535900155158579429862934103026221259008496    -0.8057601460118259789845087049009047744714424421732298689093524910
0.0134449198172459783829423845965767712831537394998874240911498001    -0.7925089021175988867948756471450488114564459734608460621923163236
0.0138268106323339776515398168873558874068198018690995549384204211    -0.7788724845705369617288984042644029332383199737233696806537162305
0.0142019813677826194727145030190296200146533702872294320477686858    -0.7648575209157693775993404159613188819016173985976381837653318170
0.0145702496837829075386944730485860816403703156300979062123457176    -0.7504708226787312068582782202798695472145711630587631063960646690
0.0149314365952347379967773074771198607812642136749933317028745908    -0.7357193820546296749781619157254464402012485842823278034194212494
0.0152853665587352916106020792891701502343717620165669608984414438    -0.7206103685101034603849671093567176332188407394743647220926682358
0.0156318675578950460722147259654518943238843603379072498807769900    -0.7051511252987262945975177453491473975677924016995192906569103718
0.0159707711869398608854094677516290625239206621353952126642076752    -0.6893491658920480868626870938209875643104587981639214539195469293
0.0163019127325584414423209203954313915752462430868307294784050085    -0.6732121703279079191432014176390396910847124692940173490203272615
0.0166251312539553570472546113562907240674226249185267844267028971    -0.6567479814777935178515218567568548964811961211399229094471854674
0.0169402696610706709985909156124046094244762114609664986587897230    -0.6399646012350611935977271512436069970675430753484871773707655199
0.0172471747909281401755081389939839593296179721675115710089802499    -0.6228701866258687337928512540645695306632555691809515334980969045
0.0175456974820748572789153588117692970729453373179251132095460338    -0.6054730458447113190237746796814377313879347358846068300194263726
0.0178356926470761410807496667251890841539247803585699894579564141    -0.5877816342164871962397108258997320564559892704464500228488754158
0.0181170193430304287019205148025448709025874722048061320506363520    -0.5698045500870555634695896112176731084951307477011232386045076713
0.0183895408400698889010984037799645013666049699056180673884960517    -0.5515505306442838856369010602684527591529731437064202051126395384
0.0186531246878134563588124639340055540817894969120949492457450865    -0.5330284476716156528794010577573530309377070690138325947643432043
0.0189076427797399836627331399080345362715693388577991948026915557    -0.5142473032362223957310598518353020495228627104866672126232841751
0.0191529714154502197703509113663024900057275206894575551710904664    -0.4952162253138355700451862575604931963520523904729201512645261977
0.0193889913607873507370777014632273743856616461320465960108378235    -0.4759444633523847034828752808749088440671331541979353111988158073
0.0196155879057868800148183624960444847470775447779869164367742028    -0.4564413837765979400343392552467719238666042183367871894185871109
0.0198326509204276811892087473716623078829282868702289591652009239    -0.4367164654357498151049296044477686721783021514657059280001779814
0.0200400749081571251555102081468818871692447315922156970376027478    -0.4167792949967687273739674447540237540781603893091973278168989553
0.0202377590571642659409373893847019580849111653495095024830417817    -0.3966395622849431315994050891700623496641577962913651871872712087
0.0204256072893761641595861597688479783181341370944313144186145956    -0.3763070555744909459705614360060560552718908116435562886197162704
0.0206035283071535339188358624699134523710029442442024781084271000    -0.3557916568312810361914090437020240839177308450568835297527089711
0.0207714356376630173573731825173453701764202314152712846560107562    -0.3351033369100188944159598953005489606519365592775961274685806081
0.0209292476749045203507344943441557727099426358937558798852474408    -0.3142521507082307631930252526665509708651917141610020633056312772
0.0210768877193731827289725057065794400158153612185060675705238569    -0.2932482322794014519857090452882425102175712371582767031754156736
0.0212142840153367060645273426036906867919601695748036903801157846    -0.2721017899076409464320430707529719974107085719495588666498747658
0.0213413697857099211523849225865229092079622338248598950829659588    -0.2508231011462736086790593975758070349723841302570047466043143128
0.0214580832645096451594044567308254475344556880982404047547800952    -0.2294225078227613017822215082787181376308474906369137565190309089
0.0215643677268740545005492760332386773241940879033478442231920851    -0.2079104110123881338066773304717314238638182161646576758264798098
0.0216601715166319832373440985731071592472395718991749738946029243    -0.1862972659831496999544954582967562196745905805065806979786951290
0.0217454480714087476147184461428501566658669750485765014337734610    -0.1645935771143036964025767632620893054192895147936001311692418314
0.0218201559452562946791946900759283046154595434512081410943533593    -0.1428098927910515807743910084331485271721256129365025352086814796
0.0218842588287966761734139035301057759898187880340488119216548372    -0.1209568002778325550692006373655433033788059195079508291580003518
0.0219377255668690574954374315973889720003318149338700908345733092    -0.0990449205727215418014342231071149107751317487697595784579174322
0.0219805301736716848595214270747240865371245813740932202490761386    -0.0770849032454320080120305364298230997294743892059580638791501255
0.0220126518453914513090923957514905650153382417979331200002601155    -0.0550874212614324602424070530468308372965582412746765676772134037
0.0220340749703149233212788630444483754129885125722805930119927159    -0.0330631657946921826398654519745676378617069539585574456858351231
0.0220447891364159138125814491025589371547507361518225124261695678    -0.0110228410315773168124941874011030074928757143574992300706312499
0.0220447891364159138125814491025589371547507361518225124261695678    0.0110228410315773168124941874011030074928757143574992300706312499
0.0220340749703149233212788630444483754129885125722805930119927159    0.0330631657946921826398654519745676378617069539585574456858351231
0.0220126518453914513090923957514905650153382417979331200002601155    0.0550874212614324602424070530468308372965582412746765676772134037
0.0219805301736716848595214270747240865371245813740932202490761386    0.0770849032454320080120305364298230997294743892059580638791501255
0.0219377255668690574954374315973889720003318149338700908345733092    0.0990449205727215418014342231071149107751317487697595784579174322
0.0218842588287966761734139035301057759898187880340488119216548372    0.1209568002778325550692006373655433033788059195079508291580003518
0.0218201559452562946791946900759283046154595434512081410943533593    0.1428098927910515807743910084331485271721256129365025352086814796
0.0217454480714087476147184461428501566658669750485765014337734610    0.1645935771143036964025767632620893054192895147936001311692418314
0.0216601715166319832373440985731071592472395718991749738946029243    0.1862972659831496999544954582967562196745905805065806979786951290
0.0215643677268740545005492760332386773241940879033478442231920851    0.2079104110123881338066773304717314238638182161646576758264798098
0.0214580832645096451594044567308254475344556880982404047547800952    0.2294225078227613017822215082787181376308474906369137565190309089
0.0213413697857099211523849225865229092079622338248598950829659588    0.2508231011462736086790593975758070349723841302570047466043143128
0.0212142840153367060645273426036906867919601695748036903801157846    0.2721017899076409464320430707529719974107085719495588666498747658
0.0210768877193731827289725057065794400158153612185060675705238569    0.2932482322794014519857090452882425102175712371582767031754156736
0.0209292476749045203507344943441557727099426358937558798852474408    0.3142521507082307631930252526665509708651917141610020633056312772
0.0207714356376630173573731825173453701764202314152712846560107562    0.3351033369100188944159598953005489606519365592775961274685806081
0.0206035283071535339188358624699134523710029442442024781084271000    0.3557916568312810361914090437020240839177308450568835297527089711
0.0204256072893761641595861597688479783181341370944313144186145956    0.3763070555744909459705614360060560552718908116435562886197162704
0.0202377590571642659409373893847019580849111653495095024830417817    0.3966395622849431315994050891700623496641577962913651871872712087
0.0200400749081571251555102081468818871692447315922156970376027478    0.4167792949967687273739674447540237540781603893091973278168989553
0.0198326509204276811892087473716623078829282868702289591652009239    0.4367164654357498151049296044477686721783021514657059280001779814
0.0196155879057868800148183624960444847470775447779869164367742028    0.4564413837765979400343392552467719238666042183367871894185871109
0.0193889913607873507370777014632273743856616461320465960108378235    0.4759444633523847034828752808749088440671331541979353111988158073
0.0191529714154502197703509113663024900057275206894575551710904664    0.4952162253138355700451862575604931963520523904729201512645261977
0.0189076427797399836627331399080345362715693388577991948026915557    0.5142473032362223957310598518353020495228627104866672126232841751
0.0186531246878134563588124639340055540817894969120949492457450865    0.5330284476716156528794010577573530309377070690138325947643432043
0.0183895408400698889010984037799645013666049699056180673884960517    0.5515505306442838856369010602684527591529731437064202051126395384
0.0181170193430304287019205148025448709025874722048061320506363520    0.5698045500870555634695896112176731084951307477011232386045076713
0.0178356926470761410807496667251890841539247803585699894579564141    0.5877816342164871962397108258997320564559892704464500228488754158
0.0175456974820748572789153588117692970729453373179251132095460338    0.6054730458447113190237746796814377313879347358846068300194263726
0.0172471747909281401755081389939839593296179721675115710089802499    0.6228701866258687337928512540645695306632555691809515334980969045
0.0169402696610706709985909156124046094244762114609664986587897230    0.6399646012350611935977271512436069970675430753484871773707655199
0.0166251312539553570472546113562907240674226249185267844267028971    0.6567479814777935178515218567568548964811961211399229094471854674
0.0163019127325584414423209203954313915752462430868307294784050085    0.6732121703279079191432014176390396910847124692940173490203272615
0.0159707711869398608854094677516290625239206621353952126642076752    0.6893491658920480868626870938209875643104587981639214539195469293
0.0156318675578950460722147259654518943238843603379072498807769900    0.7051511252987262945975177453491473975677924016995192906569103718
0.0152853665587352916106020792891701502343717620165669608984414438    0.7206103685101034603849671093567176332188407394743647220926682358
0.0149314365952347379967773074771198607812642136749933317028745908    0.7357193820546296749781619157254464402012485842823278034194212494
0.0145702496837829075386944730485860816403703156300979062123457176    0.7504708226787312068582782202798695472145711630587631063960646690
0.0142019813677826194727145030190296200146533702872294320477686858    0.7648575209157693775993404159613188819016173985976381837653318170
0.0138268106323339776515398168873558874068198018690995549384204211    0.7788724845705369617288984042644029332383199737233696806537162305
0.0134449198172459783829423845965767712831537394998874240911498001    0.7925089021175988867948756471450488114564459734608460621923163236
0.0130564945284181283709535900155158579429862934103026221259008496    0.8057601460118259789845087049009047744714424421732298689093524910
0.0126617235476352965775802301584048993487583217916089758358729459    0.8186197759095133070533842950877673378407835855667829038648015829
0.0122607987408198543859718849952295969167744509472359657760621276    0.8310815417985183164137222250378387997141590979235622551409457930
0.0118539149647859938377551072617182186930688250165521785753991544    0.8431393870358984164612419531931637161490941634466402813351654079
0.0114412699725419667123692120914007017661612448079215265335922087    0.8547874512915729983223554597976861976655944486027397248193947796
0.0110230643171868780638955369289572465454631220890402163106137250    0.8660200733965810441224129987655566402074033464806626482099455603
0.0105995012544496290278987557360147798072592889043353403621111420    0.8768317940945525954180639290564791026057946022810246382378329179
0.0101707866439186881984147708945520775169656414297046245674328484    0.8872173586950604722436790741217280534468643097759292468882187689
0.0097371288490126664096488874300594115284570772733985866807497281    0.8971717196275679387176510113501163305699209900281428488010190705
0.0092987386357433246725465377680116152307821214243990877417784843    0.9066900388947387749740004612166681152941999964356296942848953599
0.0088558290703249155442391627507940688026833182831437359721462304    0.9157676904239289139816455753027380858763978028035201580658415202
0.0084086154156870977053061263812642760030098765892037148362099486    0.9244002623157342559916413257746564772433584148257164992163978217
0.0079573150269538956442786869142604890857425624190129794978297230    0.9325835589885289220786919745175721361353605900403359091317515924
0.0075021472459598419572453604950558618583770834284674750150588659    0.9403136032179946328344236842991738020543891138530783327655256873
0.0070433332948895164734587843120095284967305923426810935834444568    0.9475866380707198548000701149147622345392678322312384509735266083
0.0065810961691541500525357245537253613489647080963067817578955194    0.9543991287310458882518708930908104900785493045844455959156437106
0.0061156605296712385347024862908625688313887741340680270308528494    0.9607477642204739995754464483036881445439977736222323419227373485
0.0056472525948173983335369728860531462427107614153393209453785294    0.9666294590091596441162712462014787431604975180742070680008749283
0.0051761000325435316757528241683809193625721165623418901675953462    0.9720413545193856373914572854411157670757074122613408845564516424
0.0047024318536275158402213216939045781480385172431423669496999498    0.9769808205216051610629291860648087145086100222938521331969387071
0.0042264783081930908584259721814743272637277545784346384733055498    0.9814454564251123456736788931306237459236733398535707285476060927
0.0037484707905814386080291984347057598696952442980860248985547016    0.9854330924687678008303095598055922267076661341813593027588640504
0.0032686417659911321043798077975746781326175862773227284686916254    0.9889417908257204394309605375424793336519322760517074775966625479
0.0027872247586323855277926850783884819467702119934864214837680455    0.9919698466600565350410139394256710451521658745103408395181146441
0.0023044545375835930510742707776941315352786824319620887934117691    0.9945157892505710826903951901937757080057766420142751327194875401
0.0018205680660756025912028302829523531142032115105041652490769833    0.9965783835930419155921797510600995270214181133805389114431615500
0.0013358093014339535837905513211691023548985661253323337717642163    0.9981566343394177108429590595867039826036655404961022351414433431
0.0008504637328969824362412659033811956514797771304950275165541209    0.9992498041954749262426667126560546338639201988047744978256071817
0.0003654233887715072590983342594043408354544454624719086644316106    0.9998576048020064543800462063491430218412305340786797843332819339
