0.0005467176644713580410452857885590643880945777956189434263253771    -0.9997869570223720175621606991881250314624730760310306402490789174
0.0012722688512552659084534907716708028857692406352603731304909008    -0.9988776593871702046283505054330670086212938573344036349333735732
0.0019979700458763015665883953691863740217487744098021505967151334    -0.9972424572129089774209699675039471838673901223134280523687050467
0.0027223118326486457738818367694305033247983401196119638812384413    -0.9948821760273694485058803825098846297159823524584014382614471747
0.0034446928620258853084365050870358160006290747263019311462853515    -0.9917984875595769461695276338346325697425241271257292220806993890
0.0041645747191901008710850393034338602669959942088963405711885812    -0.9879936234597296089170407439994387931843579847397149741535009551
0.0048814304606022544319420991152210639708272370143808688197718137    -0.9834703468716654468240577059386058066001290184556418434731023206
0.0055947376424833742643549060521574760815728969530363858138009513    -0.9782319454271522309838174902136953767648052441578200160682843301
0.0063039771094134252757652747139117195219023074050681045974985347    -0.9722822275271318349049683872053245175879882321983382078673227986
0.0070086329238337113709737939266640403204656155980066197976553346    -0.9656255191306374735992856853889404190717365154832772068532208876
0.0077081925898388133600275223430129727019489333992009801014881613    -0.9582666604372993151763015217204074063947048627904091115230177490
0.0084021473673068182711770690800363457158394755010513641203587292    -0.9502110022926893200482855782255912594888008977956103951015503472
0.0090899926167118990173912348106960472190309433491660986566785523    -0.9414644022615465030412233074185861397849674730469949937404543327
0.0097712281543594671200606343977300067727221087598757209905739883    -0.9320332203500047866514612488472018180111570348975290581740194353
0.0104453586102477457480435378608517733884749933472291739490239523    -0.9219243143708707479825259994316211805868829301328147453074426067
0.0111118937851868964044184003486806569916135234984282174963368588    -0.9111450349512250625878531016125742189355096576079747340513518187
0.0117703490055346396099598802253709192960725436269169660342389687    -0.8997032201839991167191746150136850110866393765133305606551106947
0.0124202454746368515510115060609910304767093283058609338561688323    -0.8876071899264050186000348451966565263313954705686016010555187846
0.0130611106203913682852926575673947050040231759190165750450020313    -0.8748657397488231913046363826946283550677246704075375792187184394
0.0136924784385117393211987534398044142976340951382573801529618887    -0.8614881345382450601387344680501207934822164015894488809822530769
0.0143138898311485151335476927518381332100019109679312009442897825    -0.8474841017607468917666215467188346981280799923610782179844018969
0.0149248929405694989201608554847589073065251324664606031880972240    -0.8328638243877892371974821707439848233444607979631859697903935778
0.0155250434776258624338127822780210767058182967159717393173142246    -0.8176379334914212011585834441758632387227021048271608239454535511
0.0161139050447470426762960527232113127257831879190638637057184776    -0.8018175005137332948870706358245274536482769858802101839715232769
0.0166910494532183532327628066600970374495952813751227924960680194    -0.7854140292161539055395526710497899545882579710422363437888987229
0.0172560570345035639296087906051313250757328583050995031465985565    -0.7684394473144261594686119439738662437220898773879087647217488707
0.0178085169453815550329790774942020470462880828519238909890943739    -0.7509060978053361884801919139526675942908220982078652505034615414
0.0183480274666722129423088742007234989638497709545850563172600447    -0.7328267299914916246940501010867267065820964304064849817388838247
0.0188741962953323838119841799790966540012734485072901325144849384    -0.7142144902106711345808454479525583088086744046071628934202341581
0.0193866408297081587594071241432051292189991517868356740229589357    -0.6950829122764822480480726744478150444856583871729869327644025250
0.0198849884477351575611242202948665214325526659079778257429581551    -0.6754459076372757666004592476794558647258021225724861424308156438
0.0203688767778838830867605657552870208811329344802409075858660118    -0.6553177552604706682794378272996318595332824152283423313639841460
0.0208379539626526815780658987259494535019793545553293019730718034    -0.6347130912496436295398013620925390015940821637828146958552685784
0.0212918789144163912366645833642170695594964440360312671311117399    -0.6136468982019319832657073417204490947889887661287580891980611912
0.0217303215634444091563290534097331840820265138203762968528385834    -0.5921344943134880346756360685307660022666487623910785094303360051
0.0221529630979076631100289165978075764381693126243429946608708752    -0.5701915222409060578977089463853539635534877029757912377441012456
0.0225594961956998442976108309658778003771918112530418442693285042    -0.5478339377267208842060372614120192397946408374509892148024997524
0.0229496252479042412045273382127645613168636464757357566066048941    -0.5250779979972486543174181868544828634872682953594899447973105745
0.0233230665737436126367959042127067022185212713997306689268721276    -0.5019402499412059274675184200322567867404812957691195501643999073
0.0236795486268567479215950325736152963236463925411770860641037107    -0.4784375180777028061894136414492136048517477663190795014447770005
0.0240188121927516814559429181065995739600938438120689804638927157    -0.4545868923223589371051271633821378048614111871110732446650604086
0.0243406105772919538897861900087907221670870570033470882878295086    -0.4304057155604380769796777888163233107923234858402749222719395756
0.0246447097860788394432553622674711411584204677864455575247503264    -0.4059115710360372657355312964226641107464246162097524427469399477
0.0249308886945990840531959944772385614862927430120240057811768420    -0.3811222695665004240141045951119908869808169083288102428804899384
0.0251989392090144178473114990472489304721667211561427742846019435    -0.3560558365913532963872734711320884465320689910162610407313462719
0.0254486664174759132903654754363684748965151202349834562243960967    -0.3307304990651770011262279770513302880634433520301856377508339016
0.0256798887318531525192015679863246348614417471836128479473157977    -0.3051646722039509368316367538595578875306172964682157858358133013
0.0258924380197751390417974023821950318359327088253504566148435563    -0.2793769460945023533024340222010201796449589778753694446419424109
0.0260861597268869351777024204339316090585055160815652763926304266    -0.2533860721767994417479087869103414603173791918138476959715602648
0.0262609129892331223340015044903674965259300916682545420284390915    -0.2272109496089172657933367055491797115441105982683061189752829908
0.0264165707356863613392351435436050940890079809306803076677676816    -0.2008706115245911727243406392575687955371108806448627972221460812
0.0265530197803465694301598634169752575172425318558387344301059870    -0.1743842111933504322266847014879832068469622199006860946728037779
0.0266701609048435238796295642454094024196343348025970048197393588    -0.1477710080932956908693979918671676673006461220456256727463167796
0.0267679089304830443962045385487065107166674017967556315647137819    -0.1210503539066473533612565474435843969804662190845836993157765545
0.0268461927801842920027922300562011209109960804584753212422810943    -0.0942416784482481600887731006002976483058250197436811719588381352
0.0269049555301631457612444702789649405836077053395923665017284386    -0.0673644755372519838564558553154875646996250033790522534695010919
0.0269441544513240750692703772079740257946993973853569667811297018    -0.0404382888222721817034016699889987643437158530016003662107391378
0.0269637610403304089054250746006775710634379020116531828033442855    -0.0134826975702966801673664066833057603919109154155262387168010922
0.0269637610403304089054250746006775710634379020116531828033442855    0.0134826975702966801673664066833057603919109154155262387168010922
0.0269441544513240750692703772079740257946993973853569667811297018    0.0404382888222721817034016699889987643437158530016003662107391378
0.0269049555301631457612444702789649405836077053395923665017284386    0.0673644755372519838564558553154875646996250033790522534695010919
0.0268461927801842920027922300562011209109960804584753212422810943    0.0942416784482481600887731006002976483058250197436811719588381352
0.0267679089304830443962045385487065107166674017967556315647137819    0.1210503539066473533612565474435843969804662190845836993157765545
0.0266701609048435238796295642454094024196343348025970048197393588    0.1477710080932956908693979918671676673006461220456256727463167796
0.0265530197803465694301598634169752575172425318558387344301059870    0.1743842111933504322266847014879832068469622199006860946728037779
0.0264165707356863613392351435436050940890079809306803076677676816    0.2008706115245911727243406392575687955371108806448627972221460812
0.0262609129892331223340015044903674965259300916682545420284390915    0.2272109496089172657933367055491797115441105982683061189752829908
0.0260861597268869351777024204339316090585055160815652763926304266    0.2533860721767994417479087869103414603173791918138476959715602648
0.0258924380197751390417974023821950318359327088253504566148435563    0.2793769460945023533024340222010201796449589778753694446419424109
0.0256798887318531525192015679863246348614417471836128479473157977    0.3051646722039509368316367538595578875306172964682157858358133013
0.0254486664174759132903654754363684748965151202349834562243960967    0.3307304990651770011262279770513302880634433520301856377508339016
0.0251989392090144178473114990472489304721667211561427742846019435    0.3560558365913532963872734711320884465320689910162610407313462719
0.0249308886945990840531959944772385614862927430120240057811768420    0.3811222695665004240141045951119908869808169083288102428804899384
0.0246447097860788394432553622674711411584204677864455575247503264    0.4059115710360372657355312964226641107464246162097524427469399477
0.0243406105772919538897861900087907221670870570033470882878295086    0.4304057155604380769796777888163233107923234858402749222719395756
0.0240188121927516814559429181065995739600938438120689804638927157    0.4545868923223589371051271633821378048614111871110732446650604086
0.0236795486268567479215950325736152963236463925411770860641037107    0.4784375180777028061894136414492136048517477663190795014447770005
0.0233230665737436126367959042127067022185212713997306689268721276    0.5019402499412059274675184200322567867404812957691195501643999073
0.0229496252479042412045273382127645613168636464757357566066048941    0.5250779979972486543174181868544828634872682953594899447973105745
0.0225594961956998442976108309658778003771918112530418442693285042    0.5478339377267208842060372614120192397946408374509892148024997524
0.0221529630979076631100289165978075764381693126243429946608708752    0.5701915222409060578977089463853539635534877029757912377441012456
0.0217303215634444091563290534097331840820265138203762968528385834    0.5921344943134880346756360685307660022666487623910785094303360051
0.0212918789144163912366645833642170695594964440360312671311117399    0.6136468982019319832657073417204490947889887661287580891980611912
0.0208379539626526815780658987259494535019793545553293019730718034    0.6347130912496436295398013620925390015940821637828146958552685784
0.0203688767778838830867605657552870208811329344802409075858660118    0.6553177552604706682794378272996318595332824152283423313639841460
0.0198849884477351575611242202948665214325526659079778257429581551    0.6754459076372757666004592476794558647258021225724861424308156438
0.0193866408297081587594071241432051292189991517868356740229589357    0.6950829122764822480480726744478150444856583871729869327644025250
0.0188741962953323838119841799790966540012734485072901325144849384    0.7142144902106711345808454479525583088086744046071628934202341581
0.0183480274666722129423088742007234989638497709545850563172600447    0.7328267299914916246940501010867267065820964304064849817388838247
0.0178085169453815550329790774942020470462880828519238909890943739    0.7509060978053361884801919139526675942908220982078652505034615414
0.0172560570345035639296087906051313250757328583050995031465985565    0.7684394473144261594686119439738662437220898773879087647217488707
0.0166910494532183532327628066600970374495952813751227924960680194    0.7854140292161539055395526710497899545882579710422363437888987229
0.0161139050447470426762960527232113127257831879190638637057184776    0.8018175005137332948870706358245274536482769858802101839715232769
0.0155250434776258624338127822780210767058182967159717393173142246    0.8176379334914212011585834441758632387227021048271608239454535511
0.0149248929405694989201608554847589073065251324664606031880972240    0.8328638243877892371974821707439848233444607979631859697903935778
0.0143138898311485151335476927518381332100019109679312009442897825    0.8474841017607468917666215467188346981280799923610782179844018969
0.0136924784385117393211987534398044142976340951382573801529618887    0.8614881345382450601387344680501207934822164015894488809822530769
0.0130611106203913682852926575673947050040231759190165750450020313    0.8748657397488231913046363826946283550677246704075375792187184394
0.0124202454746368515510115060609910304767093283058609338561688323    0.8876071899264050186000348451966565263313954705686016010555187846
0.0117703490055346396099598802253709192960725436269169660342389687    0.8997032201839991167191746150136850110866393765133305606551106947
0.0111118937851868964044184003486806569916135234984282174963368588    0.9111450349512250625878531016125742189355096576079747340513518187
0.0104453586102477457480435378608517733884749933472291739490239523    0.9219243143708707479825259994316211805868829301328147453074426067
0.0097712281543594671200606343977300067727221087598757209905739883    0.9320332203500047866514612488472018180111570348975290581740194353
0.0090899926167118990173912348106960472190309433491660986566785523    0.9414644022615465030412233074185861397849674730469949937404543327
0.0084021473673068182711770690800363457158394755010513641203587292    0.9502110022926893200482855782255912594888008977956103951015503472
0.0077081925898388133600275223430129727019489333992009801014881613    0.9582666604372993151763015217204074063947048627904091115230177490
0.0070086329238337113709737939266640403204656155980066197976553346    0.9656255191306374735992856853889404190717365154832772068532208876
0.0063039771094134252757652747139117195219023074050681045974985347    0.9722822275271318349049683872053245175879882321983382078673227986
0.0055947376424833742643549060521574760815728969530363858138009513    0.9782319454271522309838174902136953767648052441578200160682843301
0.0048814304606022544319420991152210639708272370143808688197718137    0.9834703468716654468240577059386058066001290184556418434731023206
0.0041645747191901008710850393034338602669959942088963405711885812    0.9879936234597296089170407439994387931843579847397149741535009551
0.0034446928620258853084365050870358160006290747263019311462853515    0.9917984875595769461695276338346325697425241271257292220806993890
0.0027223118326486457738818367694305033247983401196119638812384413    0.9948821760273694485058803825098846297159823524584014382614471747
0.0019979700458763015665883953691863740217487744098021505967151334    0.9972424572129089774209699675039471838673901223134280523687050467
0.0012722688512552659084534907716708028857692406352603731304909008    0.9988776593871702046283505054330670086212938573344036349333735732
0.0005467176644713580410452857885590643880945777956189434263253771    0.9997869570223720175621606991881250314624730760310306402490789174
