0.0003759003921435458615302755351292390891789133157379975878393502    -0.9998535221093255802387776234102143802126443311616806161177174665
0.0008748421774202983159336669084968969407917664688197886035935139    -0.9992282971521383983457816155696225986707536981701515524279399397
0.0013740857528258267367954896705261007916667722984095112122313438    -0.9981037975869393762115543742050048628128057418423823192762980463
0.0018727065641160001859854942356552045659841207537248138154800665    -0.9964803357026610666214125120432153583411576417197815680596255941
0.0023704040060146090155002240561798003305295300463384553859367566    -0.9943586925357146081298310529386011569028961845172557803391641008
0.0028669202217072471889688467026915103696399123674312950645202486    -0.9917399214934404387538934365179982134848578733272455419190064578
0.0033620045815524731038723413325428737839077755782390200140907837    -0.9886253293998112196557412516270415378431223524487678640700536018
0.0038554087523106756292500808756503390337711129676444442723105168    -0.9850164724073566220885729829114786327402048199651047405244412889
0.0043468857274110001398900133705899700003148948280652430830133552    -0.9809151543062230955948079036064619584319652680391035854129915207
0.0048361896425015503564687326264000696709552430593281973617848723    -0.9763234253187031823747994178503953120290523362422693567497971341
0.0053230757943314649970833753760211199949491414245118582734882085    -0.9712435809560950809984402775004957185526346441856330736395281796
0.0058073007228670121049277226747998553020803959429694263414553753    -0.9656781608194360084604191038316448097823275469775813929147259622
0.0062886223157512016217440725975249967903272175429446726042728381    -0.9596299473051373793290230557772545623903464415204924600734787657
0.0067667999213016653992096027447266882124588625434637482366649596    -0.9531019642012321864325531880266830884151003389267711614523762796
0.0072415944648095972273605512045725064923947125852634535510462727    -0.9460974751687079518756418437965495650799392124929894653073946496
0.0077127685659452119267310735464921170634054522822987532691738701    -0.9386199821058697137516173547666673005422056426761701502429302514
0.0081800866562617576203217266078049155442937357872555224072714304    -0.9306732233951912390493993878535054194438942058905975199294684761
0.0086433150962902459276516293497551972365660134975210221195873764    -0.9222611720328364919856879320176126093860157363097915006427541081
0.0091022222919422241909514128722125943637974735718869939265105995    -0.9133880336414144083090089779108864664664637170951267273576120185
0.0095565788100452413067919548606342002673296451928701032524986605    -0.9040582443667527164840002439101064206539341490897468070708392454
0.0100061574928894896653433096985249523422907953191467390653311628    -0.8942764686596220203473385315977316699029457475295127809701650607
0.0104507335716924038874476611341149987093469230604535927671909836    -0.8840475969434472760506743657803312180705634755925235755838756783
0.0108900847789035664250791657034973295720860548615452590437355773    -0.8733767431691284910222156387265939265598830655814300729277486254
0.0113239914592812475114954017527594970744410326547338713261942548    -0.8622692422581652431367372507900041779636057858684603183114192959
0.0117522366796773553619149020214230336934194863016187325326116035    -0.8507306474353453537826926189983972756066179799401160937519111724
0.0121746063374710769302779313787085342393323568097167514150329118    -0.8387667274523194014803278946159174900761964198148956621027246484
0.0125908892675938971550308033695256559557451602500222402642951297    -0.8263834637034412107046847432290599688019993820298853767071871734
0.0130008773480904617883859674115143672130618371203299338064192763    -0.8135870472353108347090530355887950466645935815279669977610284951
0.0134043656041611591309178960035492844771853821490270483934199032    -0.8003838756515113579449366031433276906952557380078713879832142978
0.0138011523106334918262805248979620427120143385293639386328085252    -0.7867805499140843570301937153060016893576484721176867925212597495
0.0141910390928103815321291902487159074331013754956204780575597160    -0.7727838710433412445590021918541777829799139727751076333763830856
0.0145738310256445511809460090744288360601335807399879296921286777    -0.7584008367176590721019407951740839659188621944340117109528179393
0.0149493367311890950541388576058683350510900999557282909687533966    -0.7436386377749597392561639442276193567212239720399379544786511257
0.0153173684742752967898573933713378921498454988507683986318141753    -0.7285046546176209697684787208188167493916927700364855342114535258
0.0156777422563697028140997392408798740504513045084774711946035475    -0.7130064535226158821414449363991328145973581382403854481527127496
0.0160302779075634118339667398733565338977922751501249445468882387    -0.6971517828587254988067935768468509411709779100178957429007414560
0.0163747991766475052536992807949770990709960376256591332617223227    -0.6809485692127150962867667568374545075761276157426551268209126797
0.0167111338192295220267943471464273255915755041367222298899268189    -0.6644049134264108858824372480837751812381887484283512435334611685
0.0170391136838468766405476519090372201288706880235601863608720381    -0.6475290865466581147638462820394514968560226377914844967840530284
0.0173585747960341319109399312416912655827236767796484955111791208    -0.6303295256901852736694176649940812630501781764408713104378440890
0.0176693574403020697570800845583253306027904128998811526881289893    -0.6128148298254416715596176547273037051899532859460671537664412479
0.0179713062399875534582750375234728416942919655626852811049425764    -0.5949937554735171708101914159644470214763009241986693875303197965
0.0182642702349342441452597796299581688166846207977220901213617329    -0.5768752123302933499769427327884545790371430468067790894631051112
0.0185481029569653223298191095439670389836803772399883294165344240    -0.5584682588120147559448244915412964981962511486324113990532617061
0.0188226625031104718940040599159220393452633623402550740181330197    -0.5397820975265072046957270928302209842398735220327188853398630768
0.0190878116065505088078510615697815578611427749803821744175394252    -0.5208260706723072715876608100767744852097181221546268894083066788
0.0193434177052441795206464241036277061891405103551152385206516023    -0.5016096553680031598985279347155165849060303657935674616198323950
0.0195893530082028140215591533192927120180665045718580689162859337    -0.4821424589141220328451147288390965621518247936071843317443001639
0.0198254945593796954978023370538908358801086394480300783106786226    -0.4624342139899326222113301474787742874015953976710483743937842881
0.0200517242991422018086538551840638246422661937525453415575241008    -0.4424947737875644694871210424458805303428953449054427419669456956
0.0202679291232959830935641480641889623429491071423603792482811555    -0.4223341070858764969453018038494582682126108334573736184720838696
0.0204740009396316641742762326816388395135742920195305213066224295    -0.4019622932665377308404909529525039927629474459928806778935426010
0.0206698367219657994100158528349937379769990703477586568069721088    -0.3813895172748118919515768774154141367715187644604491039788377567
0.0208553385616490607231150520540903670922160805563797782086710800    -0.3606260645275652156472663017205749874349069145722086152660111828
0.0210304137165159060196957791118310596433201410157525927625677433    -0.3396823157710432507783095883739723834597760773157436394034947757
0.0211949746572512545656113834444014368875979518567856241951700126    -0.3185687418909875008504983707829791029268741279758208398439577512
0.0213489391111509874118460888543187557025088035519855581868383279    -0.2972958986776865995953988642851221141293351223954017547878935721
0.0214922301032543940578860565424112662066280094124511897923600503    -0.2758744215485792443509967718825932593232369525878636484169162345
0.0216247759948280005506587898320851836548216457505727312078873922    -0.2543150202310473333538588066308505969910207483256928304091561750
0.0217465105191815384882277150925942667024952593885890159836411802    -0.2326284734080576565388898114602244578200787702639948351149485612
0.0218573728147981482731549000498085433695123445004947945135724042    -0.2108256233293290638084764263474808790455577488958376643144053560
0.0219573074557622527763755360224423473571322949978145428895995687    -0.1889173703907192706971459915430564643299946837831612650237184210
0.0220462644794698886595701752322141372807213441612274427027931889    -0.1669146676845413503147227633463000076945090608401068657496850156
0.0221241994116076412887839385513563519547542831707728217128387821    -0.1448285155235344944655516500163444449388805373158301661042458115
0.0221910732883876947766736980600256572972093473605364917735741755    -0.1226699559412267986546086680877812493696339646510913554608490028
0.0222468526760278805337673915911515093694768303078563001628497337    -0.1004500671714396287238120635171777656044198904893555141113630558
0.0222915096874669851056536472604794356801640454472782105237348259    -0.0781799581096935552173752291037983125916424465186201407606191845
0.0223250219963069603352914492441858307881486713851349724779493293    -0.0558707627592848900437379404902709532184319091558008142596165389
0.0223473728479750653272746215116535171676089797230880275964292006    -0.0335336346648095240627220354195951533274343714231570607735898482
0.0223585510681003596113456505351205571288800355781875331306091052    -0.0111797413359170400508200168967352463372546899949498492517086280
0.0223585510681003596113456505351205571288800355781875331306091052    0.0111797413359170400508200168967352463372546899949498492517086280
0.0223473728479750653272746215116535171676089797230880275964292006    0.0335336346648095240627220354195951533274343714231570607735898482
0.0223250219963069603352914492441858307881486713851349724779493293    0.0558707627592848900437379404902709532184319091558008142596165389
0.0222915096874669851056536472604794356801640454472782105237348259    0.0781799581096935552173752291037983125916424465186201407606191845
0.0222468526760278805337673915911515093694768303078563001628497337    0.1004500671714396287238120635171777656044198904893555141113630558
0.0221910732883876947766736980600256572972093473605364917735741755    0.1226699559412267986546086680877812493696339646510913554608490028
0.0221241994116076412887839385513563519547542831707728217128387821    0.1448285155235344944655516500163444449388805373158301661042458115
0.0220462644794698886595701752322141372807213441612274427027931889    0.1669146676845413503147227633463000076945090608401068657496850156
0.0219573074557622527763755360224423473571322949978145428895995687    0.1889173703907192706971459915430564643299946837831612650237184210
0.0218573728147981482731549000498085433695123445004947945135724042    0.2108256233293290638084764263474808790455577488958376643144053560
0.0217465105191815384882277150925942667024952593885890159836411802    0.2326284734080576565388898114602244578200787702639948351149485612
0.0216247759948280005506587898320851836548216457505727312078873922    0.2543150202310473333538588066308505969910207483256928304091561750
0.0214922301032543940578860565424112662066280094124511897923600503    0.2758744215485792443509967718825932593232369525878636484169162345
0.0213489391111509874118460888543187557025088035519855581868383279    0.2972958986776865995953988642851221141293351223954017547878935721
0.0211949746572512545656113834444014368875979518567856241951700126    0.3185687418909875008504983707829791029268741279758208398439577512
0.0210304137165159060196957791118310596433201410157525927625677433    0.3396823157710432507783095883739723834597760773157436394034947757
0.0208553385616490607231150520540903670922160805563797782086710800    0.3606260645275652156472663017205749874349069145722086152660111828
0.0206698367219657994100158528349937379769990703477586568069721088    0.3813895172748118919515768774154141367715187644604491039788377567
0.0204740009396316641742762326816388395135742920195305213066224295    0.4019622932665377308404909529525039927629474459928806778935426010
0.0202679291232959830935641480641889623429491071423603792482811555    0.4223341070858764969453018038494582682126108334573736184720838696
0.0200517242991422018086538551840638246422661937525453415575241008    0.4424947737875644694871210424458805303428953449054427419669456956
0.0198254945593796954978023370538908358801086394480300783106786226    0.4624342139899326222113301474787742874015953976710483743937842881
0.0195893530082028140215591533192927120180665045718580689162859337    0.4821424589141220328451147288390965621518247936071843317443001639
0.0193434177052441795206464241036277061891405103551152385206516023    0.5016096553680031598985279347155165849060303657935674616198323950
0.0190878116065505088078510615697815578611427749803821744175394252    0.5208260706723072715876608100767744852097181221546268894083066788
0.0188226625031104718940040599159220393452633623402550740181330197    0.5397820975265072046957270928302209842398735220327188853398630768
0.0185481029569653223298191095439670389836803772399883294165344240    0.5584682588120147559448244915412964981962511486324113990532617061
0.0182642702349342441452597796299581688166846207977220901213617329    0.5768752123302933499769427327884545790371430468067790894631051112
0.0179713062399875534582750375234728416942919655626852811049425764    0.5949937554735171708101914159644470214763009241986693875303197965
0.0176693574403020697570800845583253306027904128998811526881289893    0.6128148298254416715596176547273037051899532859460671537664412479
0.0173585747960341319109399312416912655827236767796484955111791208    0.6303295256901852736694176649940812630501781764408713104378440890
0.0170391136838468766405476519090372201288706880235601863608720381    0.6475290865466581147638462820394514968560226377914844967840530284
0.0167111338192295220267943471464273255915755041367222298899268189    0.6644049134264108858824372480837751812381887484283512435334611685
0.0163747991766475052536992807949770990709960376256591332617223227    0.6809485692127150962867667568374545075761276157426551268209126797
0.0160302779075634118339667398733565338977922751501249445468882387    0.6971517828587254988067935768468509411709779100178957429007414560
0.0156777422563697028140997392408798740504513045084774711946035475    0.7130064535226158821414449363991328145973581382403854481527127496
0.0153173684742752967898573933713378921498454988507683986318141753    0.7285046546176209697684787208188167493916927700364855342114535258
0.0149493367311890950541388576058683350510900999557282909687533966    0.7436386377749597392561639442276193567212239720399379544786511257
0.0145738310256445511809460090744288360601335807399879296921286777    0.7584008367176590721019407951740839659188621944340117109528179393
0.0141910390928103815321291902487159074331013754956204780575597160    0.7727838710433412445590021918541777829799139727751076333763830856
0.0138011523106334918262805248979620427120143385293639386328085252    0.7867805499140843570301937153060016893576484721176867925212597495
0.0134043656041611591309178960035492844771853821490270483934199032    0.8003838756515113579449366031433276906952557380078713879832142978
0.0130008773480904617883859674115143672130618371203299338064192763    0.8135870472353108347090530355887950466645935815279669977610284951
0.0125908892675938971550308033695256559557451602500222402642951297    0.8263834637034412107046847432290599688019993820298853767071871734
0.0121746063374710769302779313787085342393323568097167514150329118    0.8387667274523194014803278946159174900761964198148956621027246484
0.0117522366796773553619149020214230336934194863016187325326116035    0.8507306474353453537826926189983972756066179799401160937519111724
0.0113239914592812475114954017527594970744410326547338713261942548    0.8622692422581652431367372507900041779636057858684603183114192959
0.0108900847789035664250791657034973295720860548615452590437355773    0.8733767431691284910222156387265939265598830655814300729277486254
0.0104507335716924038874476611341149987093469230604535927671909836    0.8840475969434472760506743657803312180705634755925235755838756783
0.0100061574928894896653433096985249523422907953191467390653311628    0.8942764686596220203473385315977316699029457475295127809701650607
0.0095565788100452413067919548606342002673296451928701032524986605    0.9040582443667527164840002439101064206539341490897468070708392454
0.0091022222919422241909514128722125943637974735718869939265105995    0.9133880336414144083090089779108864664664637170951267273576120185
0.0086433150962902459276516293497551972365660134975210221195873764    0.9222611720328364919856879320176126093860157363097915006427541081
0.0081800866562617576203217266078049155442937357872555224072714304    0.9306732233951912390493993878535054194438942058905975199294684761
0.0077127685659452119267310735464921170634054522822987532691738701    0.9386199821058697137516173547666673005422056426761701502429302514
0.0072415944648095972273605512045725064923947125852634535510462727    0.9460974751687079518756418437965495650799392124929894653073946496
0.0067667999213016653992096027447266882124588625434637482366649596    0.9531019642012321864325531880266830884151003389267711614523762796
0.0062886223157512016217440725975249967903272175429446726042728381    0.9596299473051373793290230557772545623903464415204924600734787657
0.0058073007228670121049277226747998553020803959429694263414553753    0.9656781608194360084604191038316448097823275469775813929147259622
0.0053230757943314649970833753760211199949491414245118582734882085    0.9712435809560950809984402775004957185526346441856330736395281796
0.0048361896425015503564687326264000696709552430593281973617848723    0.9763234253187031823747994178503953120290523362422693567497971341
0.0043468857274110001398900133705899700003148948280652430830133552    0.9809151543062230955948079036064619584319652680391035854129915207
0.0038554087523106756292500808756503390337711129676444442723105168    0.9850164724073566220885729829114786327402048199651047405244412889
0.0033620045815524731038723413325428737839077755782390200140907837    0.9886253293998112196557412516270415378431223524487678640700536018
0.0028669202217072471889688467026915103696399123674312950645202486    0.9917399214934404387538934365179982134848578733272455419190064578
0.0023704040060146090155002240561798003305295300463384553859367566    0.9943586925357146081298310529386011569028961845172557803391641008
0.0018727065641160001859854942356552045659841207537248138154800665    0.9964803357026610666214125120432153583411576417197815680596255941
0.0013740857528258267367954896705261007916667722984095112122313438    0.9981037975869393762115543742050048628128057418423823192762980463
0.0008748421774202983159336669084968969407917664688197886035935139    0.9992282971521383983457816155696225986707536981701515524279399397
0.0003759003921435458615302755351292390891789133157379975878393502    0.9998535221093255802387776234102143802126443311616806161177174665
