0.0004711206484935239682775973245930097813997387079508145641362192    -0.9998164162977685171578463323452814481161444848352335565419815355
0.0010963927055869938280419300514486230491179823561119126698247604    -0.9990328347529764386026603221054966176298324304494594950871516229
0.0017219042078884712452196980337873304323239947029828922716524934    -0.9976236268109615775803242918079695228294193795328116579907071813
0.0023464172536737895748316015925131719130744587367572494370754717    -0.9955893622521627966053746426338077832011043510519359362102939268
0.0029694762015580528967858288234604237916543459735606553010361244    -0.9929312773666025112336267800273537401487103426091907486496367194
0.0035906793228245126417876126542050135467614755498841532190456580    -0.9896510285387506252486814657772720609415282208177474486661640622
0.0042096343701266988891712963033866586140216132627710116114437306    -0.9857506681124871969273955170297903173422185490085380076812973452
0.0048259524859394438806811175180815588492920102678733821650678461    -0.9812326387998598821113989770417289619212752101798345749491368794
0.0054392470750795889048945868869449772843974488432273311323381308    -0.9760997710061089148792329327365498523311458997003052253031792562
0.0060491336609403391010996528735489099534548749329017947407833603    -0.9703552806754754800960888619262469332515902858374234682207497585
0.0066552299959851367707651778152150175690865361849950990791001579    -0.9640027671280045712857912104041617362397720261138849431212499463
0.0072571562508376166913405876400970803569619797616586084514840989    -0.9570462107394971333869936288359904943850353093628259383887325306
0.0078545352306447368524865596614490963067611419072168428271783895    -0.9494899704164606177163210788790364908805144375450505780469283895
0.0084469926013376227396771209588432031590751623783745333455616644    -0.9413387808489154894063173816374549849190674364465005597011882601
0.0090341571191539028505210898981796422319025764482955362783028263    -0.9325977495349707395107347858114031130136844508984184188170403081
0.0096156608605994585333347591814752855434522112090697584631292613    -0.9232723535755038197299728641087486042155273390651662248827333836
0.0101911394515154062179467134805212459820318270441790300747256944    -0.9133684362392488493473646574125519306153003108844964456514448721
0.0107602322945437338675559434253883059776311006281555370619797292    -0.9028922032995746375765710015356348308304646040832456349777217782
0.0113225827945680393452372142590377665327917547451109296107198082    -0.8918502191447812938788059057364130514234556169490791499670275592
0.0118778385818412140875970219756944813127687070457658826929437528    -0.8802494026640921343032045290553724696112051456090228674024944732
0.0124256517325803141869158357206486557460093506649424588010828622    -0.8680970229117678445029078964026200641825930694680101862470434716
0.0129656789868453100540422909116394134959121474664602845075965917    -0.8554006945519695801398867085518808041169077145783234117111252138
0.0134975819635389521854517194869714539403535158386662593085932613    -0.8421683730871697981433711251157234204260322466875034138082425613
0.0140210273723773249946502513597360584957488419434893510153342011    -0.8284083498730657219205362775592086239082425914962033210640169557
0.0145356872226886213198559312703760771853238146602328571507781280    -0.8141292469230965286833105106416972764489558975362360881041500325
0.0150412390289032428106738543462748693758357105932530169840843019    -0.7993400115058048830883735379057000119947598101807142274771643987
0.0155373660126025769497512220036538552780956371157111025477129835    -0.7840499105384181322606872421978840556413099046647862081882950538
0.0160237573009973035485333218548872392268732553626100637843700982    -0.7682685247801553300168084209353167947625420979208183931587232803
0.0165001081217091715520075218478164926927021572173241617422323460    -0.7520057428288938362295461012555351293463696139068967478186827844
0.0169661199937330511351140802363749155132626459369379555302263378    -0.7352717549249538512625940642799756056360218182049457965104954902
0.0174215009144588184765822146013715013774158037618503609698899050    -0.7180770465658810582187199218326339515506758413457422668089873608
0.0178659655426353384378507823660766448314972007336938895122438853    -0.7004323919362266327290482748345457598196844566732151643144231458
0.0182992353771615144476340411524115985186952749951914999700247958    -0.6823488471564402636577584037283389715786657471172839337457989779
0.0187210389315921001660376970396668565433923902080613111870834513    -0.6638377433551054986775171952221453164843581971155006972715925194
0.0191311119042487292768625959367851808356081823672366157730773848    -0.6449106795688576567100154873347014730531765611166906547654331549
0.0195291973438294273184418173079843875135977990520746712059139311    -0.6255795154744326931860980703913555128565206633928620967678546140
0.0199150458104127282899316034568059962016931513789403255710051770    -0.6058563639574007151842885332791280325197699618637988079571481300
0.0202884155317554318882613420768488462175306911058141324756634121    -0.5857535835222402688136928747328434074900251919065171282113268607
0.0206490725547860060636572859371021618511263076531096799730460757    -0.5652837705485090056065811753228164811452723700980677325214429818
0.0209967908921986644839970598956064776303477592870636166962798809    -0.5444597513979628222130484409967294943694636626916595380540006678
0.0213313526640562291027831534370159383768760294100415745564487224    -0.5232945743775690024097078762794996569509164041920500108185495615
0.0216525482343130234667855598817789590679825114810253466425869691    -0.5018015015634492170425079463165396126001927204610424607178632001
0.0219601763421722314621874592457312345778163867186635396164059070    -0.4799940004908754017669419343023515278594108486941158716403650126
0.0222540442281953974165369912017102246778046162817774358036139259    -0.4578857357155254814208333387878588612645983648847354064712251003
0.0225339677550850351986291908706996755778602735600702440374608161    -0.4354905602512865922214001316184838772432697228391666719989509580
0.0227997715230646544028487336138134829971724234048816413748768515    -0.4128225068899708190965124195081702422963520341506471370138537774
0.0230512889797838989763431761116684578833406332292533882232246315    -0.3898957794083824675587297490402823586685830372979236210909743632
0.0232883625246799257717515950116557351821247413398747433498512044    -0.3667247436682464817637209009882106096278338661728278135445003483
0.0235108436077296254436353715609771875746825394707894581029995330    -0.3433239186145747589252434179983837602954224958569626961411074585
0.0237185928225308037571163845767823264353503170647915909583241341    -0.3197079671781107533198399440825370264570671857889957186193316182
0.0239114799936539956005435523007224631560805377271727695345651713    -0.2958916870875528710583329358467885442021272562331647155469442406
0.0240893842582101746091805688952830251748264632302988920449982198    -0.2718900015973136921426392465977597099106735546080301267546844300
0.0242521941415832460989675266281055892544951278425730877327309635    -0.2477179501366249837783759466802822222582903688944839173590800182
0.0243998076272798677337350026148797276602438647678153637098853280    -0.2233906788858477554192946287995978745134687673706996153668862232
0.0245321322208528287350404419887290128514513183209292996811289408    -0.1989234312858922207798456440388541438742718669420126200039653068
0.0246490850078579321970208237168181895926270872387882784254952563    -0.1743315384866944465508629776072011369948100068708156616859510504
0.0247505927058080638746163825682934039510256796592822526040176311    -0.1496304097407346555787671819442507523130789195267510208588817652
0.0248365917100918923391521068452328736824717038558286932599578952    -0.1248355227476165899331631906196751755867677461454037071989124344
0.0249070281338284272912288096627684531261863513719806930452376822    -0.0999624139557580050449869764074802855329693766245669698972887815
0.0249618578416324627235161053037674105915553992813407605355611979    -0.0750266688272692407578106583280056936139134570422508030369449902
0.0250010464772697471592265999826680503303997722067631200470674998    -0.0500439120721198818789744026661414828983109119159342871302996930
0.0250245694851845519689558757281160118932327618591448860271894897    -0.0250297978577127652069235896339097017727300695542387981599923154
0.0250324121258861483933860181717461634508217652948127419652076816    0.0000000000000000000000000000000000000000000000000000000000000000
0.0250245694851845519689558757281160118932327618591448860271894897    0.0250297978577127652069235896339097017727300695542387981599923154
0.0250010464772697471592265999826680503303997722067631200470674998    0.0500439120721198818789744026661414828983109119159342871302996930
0.0249618578416324627235161053037674105915553992813407605355611979    0.0750266688272692407578106583280056936139134570422508030369449902
0.0249070281338284272912288096627684531261863513719806930452376822    0.0999624139557580050449869764074802855329693766245669698972887815
0.0248365917100918923391521068452328736824717038558286932599578952    0.1248355227476165899331631906196751755867677461454037071989124344
0.0247505927058080638746163825682934039510256796592822526040176311    0.1496304097407346555787671819442507523130789195267510208588817652
0.0246490850078579321970208237168181895926270872387882784254952563    0.1743315384866944465508629776072011369948100068708156616859510504
0.0245321322208528287350404419887290128514513183209292996811289408    0.1989234312858922207798456440388541438742718669420126200039653068
0.0243998076272798677337350026148797276602438647678153637098853280    0.2233906788858477554192946287995978745134687673706996153668862232
0.0242521941415832460989675266281055892544951278425730877327309635    0.2477179501366249837783759466802822222582903688944839173590800182
0.0240893842582101746091805688952830251748264632302988920449982198    0.2718900015973136921426392465977597099106735546080301267546844300
0.0239114799936539956005435523007224631560805377271727695345651713    0.2958916870875528710583329358467885442021272562331647155469442406
0.0237185928225308037571163845767823264353503170647915909583241341    0.3197079671781107533198399440825370264570671857889957186193316182
0.0235108436077296254436353715609771875746825394707894581029995330    0.3433239186145747589252434179983837602954224958569626961411074585
0.0232883625246799257717515950116557351821247413398747433498512044    0.3667247436682464817637209009882106096278338661728278135445003483
0.0230512889797838989763431761116684578833406332292533882232246315    0.3898957794083824675587297490402823586685830372979236210909743632
0.0227997715230646544028487336138134829971724234048816413748768515    0.4128225068899708190965124195081702422963520341506471370138537774
0.0225339677550850351986291908706996755778602735600702440374608161    0.4354905602512865922214001316184838772432697228391666719989509580
0.0222540442281953974165369912017102246778046162817774358036139259    0.4578857357155254814208333387878588612645983648847354064712251003
0.0219601763421722314621874592457312345778163867186635396164059070    0.4799940004908754017669419343023515278594108486941158716403650126
0.0216525482343130234667855598817789590679825114810253466425869691    0.5018015015634492170425079463165396126001927204610424607178632001
0.0213313526640562291027831534370159383768760294100415745564487224    0.5232945743775690024097078762794996569509164041920500108185495615
0.0209967908921986644839970598956064776303477592870636166962798809    0.5444597513979628222130484409967294943694636626916595380540006678
0.0206490725547860060636572859371021618511263076531096799730460757    0.5652837705485090056065811753228164811452723700980677325214429818
0.0202884155317554318882613420768488462175306911058141324756634121    0.5857535835222402688136928747328434074900251919065171282113268607
0.0199150458104127282899316034568059962016931513789403255710051770    0.6058563639574007151842885332791280325197699618637988079571481300
0.0195291973438294273184418173079843875135977990520746712059139311    0.6255795154744326931860980703913555128565206633928620967678546140
0.0191311119042487292768625959367851808356081823672366157730773848    0.6449106795688576567100154873347014730531765611166906547654331549
0.0187210389315921001660376970396668565433923902080613111870834513    0.6638377433551054986775171952221453164843581971155006972715925194
0.0182992353771615144476340411524115985186952749951914999700247958    0.6823488471564402636577584037283389715786657471172839337457989779
0.0178659655426353384378507823660766448314972007336938895122438853    0.7004323919362266327290482748345457598196844566732151643144231458
0.0174215009144588184765822146013715013774158037618503609698899050    0.7180770465658810582187199218326339515506758413457422668089873608
0.0169661199937330511351140802363749155132626459369379555302263378    0.7352717549249538512625940642799756056360218182049457965104954902
0.0165001081217091715520075218478164926927021572173241617422323460    0.7520057428288938362295461012555351293463696139068967478186827844
0.0160237573009973035485333218548872392268732553626100637843700982    0.7682685247801553300168084209353167947625420979208183931587232803
0.0155373660126025769497512220036538552780956371157111025477129835    0.7840499105384181322606872421978840556413099046647862081882950538
0.0150412390289032428106738543462748693758357105932530169840843019    0.7993400115058048830883735379057000119947598101807142274771643987
0.0145356872226886213198559312703760771853238146602328571507781280    0.8141292469230965286833105106416972764489558975362360881041500325
0.0140210273723773249946502513597360584957488419434893510153342011    0.8284083498730657219205362775592086239082425914962033210640169557
0.0134975819635389521854517194869714539403535158386662593085932613    0.8421683730871697981433711251157234204260322466875034138082425613
0.0129656789868453100540422909116394134959121474664602845075965917    0.8554006945519695801398867085518808041169077145783234117111252138
0.0124256517325803141869158357206486557460093506649424588010828622    0.8680970229117678445029078964026200641825930694680101862470434716
0.0118778385818412140875970219756944813127687070457658826929437528    0.8802494026640921343032045290553724696112051456090228674024944732
0.0113225827945680393452372142590377665327917547451109296107198082    0.8918502191447812938788059057364130514234556169490791499670275592
0.0107602322945437338675559434253883059776311006281555370619797292    0.9028922032995746375765710015356348308304646040832456349777217782
0.0101911394515154062179467134805212459820318270441790300747256944    0.9133684362392488493473646574125519306153003108844964456514448721
0.0096156608605994585333347591814752855434522112090697584631292613    0.9232723535755038197299728641087486042155273390651662248827333836
0.0090341571191539028505210898981796422319025764482955362783028263    0.9325977495349707395107347858114031130136844508984184188170403081
0.0084469926013376227396771209588432031590751623783745333455616644    0.9413387808489154894063173816374549849190674364465005597011882601
0.0078545352306447368524865596614490963067611419072168428271783895    0.9494899704164606177163210788790364908805144375450505780469283895
0.0072571562508376166913405876400970803569619797616586084514840989    0.9570462107394971333869936288359904943850353093628259383887325306
0.0066552299959851367707651778152150175690865361849950990791001579    0.9640027671280045712857912104041617362397720261138849431212499463
0.0060491336609403391010996528735489099534548749329017947407833603    0.9703552806754754800960888619262469332515902858374234682207497585
0.0054392470750795889048945868869449772843974488432273311323381308    0.9760997710061089148792329327365498523311458997003052253031792562
0.0048259524859394438806811175180815588492920102678733821650678461    0.9812326387998598821113989770417289619212752101798345749491368794
0.0042096343701266988891712963033866586140216132627710116114437306    0.9857506681124871969273955170297903173422185490085380076812973452
0.0035906793228245126417876126542050135467614755498841532190456580    0.9896510285387506252486814657772720609415282208177474486661640622
0.0029694762015580528967858288234604237916543459735606553010361244    0.9929312773666025112336267800273537401487103426091907486496367194
0.0023464172536737895748316015925131719130744587367572494370754717    0.9955893622521627966053746426338077832011043510519359362102939268
0.0017219042078884712452196980337873304323239947029828922716524934    0.9976236268109615775803242918079695228294193795328116579907071813
0.0010963927055869938280419300514486230491179823561119126698247604    0.9990328347529764386026603221054966176298324304494594950871516229
0.0004711206484935239682775973245930097813997387079508145641362192    0.9998164162977685171578463323452814481161444848352335565419815355
