0.0003320058471481288209401100733421601307668275193122253954105648    -0.9998706269571737346585804727556320530381035497379934817071431697
0.0007727041395952144932454068779977237865883546879411465762009736    -0.9993184038884792754358824064597495294208762742330943502980636532
0.0012137140727611700375713608489916908116593975961823325982063826    -0.9983251681696680146697273515334496166804635201840332138239683619
0.0016542447773294881777170399468792451907162762967814571781174846    -0.9968911376649928382381673041235757757007753254591225970332348150
0.0020940564028428765857167048414705128221934766920354845914738659    -0.9950169185606876085649425325723780766218461221677520587862754487
0.0025329467643313499395603942167974849114596402533646388293290043    -0.9927033319996844318969177805800227862921105555862760324649521485
0.0029707199450292799689744340921807630056317194212557390074729615    -0.9899513974437097234517901581038311394978460143757001016042072879
0.0034071819173783715559584878858470372736354240283069117974459773    -0.9867623291896227997067062683808623881711999774187060537881579606
0.0038421396626018869798543604086047558599009267465849751829770090    -0.9831375350269424379836981937377569194429840424417983134865019506
0.0042754009839728802920761574593796344148212851360265227744206880    -0.9790786153480312267518874558697573368224390589503387998825097680
0.0047067744998015692877589037839499117134346044733662797078828331    -0.9745873623370884567005650738921398910201322678151911968114889577
0.0051360696924212741583453503411046451193220153993506202001988251    -0.9696657591331877656153882465135273896488818589040854670493516332
0.0055630969770742804625179010402526433321277532933479054718871145    -0.9643159789327813492869726541681228321733733448512293414824702668
0.0059876677785211380911446869712424453875848963436400450741567914    -0.9585403840188758813103483903758995887940418109590117085673540445
0.0064095946107642678348224090998093714511671457726740813875869896    -0.9523415247118083944895311249489731176750519721047420093097228128
0.0068286911579639683708992788867477093196591567752322433577416996    -0.9457221382395997007909292923167607952071844407040680274180015490
0.0072447723556727887566544683733016697535532757204977893367855803    -0.9386851475271835901753998408704140443107413498793742257062709545
0.0076576544719558115231606819999518671157991001942767863801246696    -0.9312336599044332085739310812073895336104717468326780148582052152
0.0080671551881631009839940361907057186759154850330505507223938639    -0.9233709657332265425824907762881096070504295329683779314081976036
0.0084730936792151992422901215534027400931557699605232757587883903    -0.9151005369539737855260746101433331168186735334333870467234806883
0.0088752906933099210324596534494873767590500422521112647457133844    -0.9064260255521421782089082081545994760295839879167105847564555380
0.0092735686309835062760241794099538170610651303813581496305925588    -0.8973512619453919810134994405244606834615861453786340898371705858
0.0096677516234727448694578088243166625646594709238942743341811131    -0.8878802532919967431809629412938317997739450423510919672909480015
0.0100576656103324120714417354740091629001503078718557199744677450    -0.8780171817212702127316373266048859308276891751623096395225127701
0.0104431384162669502984797506658048468424989329022160871459158644    -0.8677664024867654046529754461279040735102720233750143655101935137
0.0108239998271382042000673467105203078453219262562906343048887502    -0.8571324420430508678217601334559084517010233698826270994761164703
0.0112000816651129089934301041498776052202986347908139396262284872    -0.8461199960469063769826532093949283080184220152132488137809318875
0.0115712178629149591873129310137349763745277008467707865202373354    -0.8347339272838158770463415243971861590492583223833812362265521530
0.0119372445371484789146691198004099211549800381318267806551708206    -0.8229792635206699617476302505351227053681223311177163799951693986
0.0122980000606585110004093966401328071091516723494855989532774597    -0.8108611952856237369611118377241456177989811561289029014653959361
0.0126533251338968194534674429374915292895917102731540422373993245    -0.7983850735760887555716230611001920533475017962873856502903807702
0.0130030628552609075058656303071883659512640606302616120525237523    -0.7855564074958699079958185157679829919479306209993573704034509146
0.0133470587903749202677650017084189437356635364095317619497884006    -0.7723808618224897643827140889020929251463538574901475903025440627
0.0136851610402816460452607042153510520962491928234957181974572081    -0.7588642545057739217012002774907890838943240114968311218531774224
0.0140172203085153651078536689870361985860224990091885200647534422    -0.7450125540988014270158562863019768126041221994057309810776932366
0.0143430899670258267120423530877798390398321272703806243605836648    -0.7308318771223543334633047926014627794173077796732490653587963385
0.0146626261209241693443982808333523067312489306805590781145392004    -0.7163284853640298978866097027571234442652783284894263546765125479
0.0149756876720221385963538163403750235150859692219325286347429733    -0.7015087831132078449372217189699653376813852449244223348595808241
0.0152821363811365038708895798940298661594985569259469411640032350    -0.6863793143330934953232144884939710147763280148987501656198661172
0.0155818369291311305655821962132133665523761344856299092576039021    -0.6709467597710853777221934851293688619736443239150496984599666655
0.0158746569766697293066561613384051898094878078732672613063010398    -0.6552179340087432055831308076589083371778563215646591220638705653
0.0161604672226528787243226375784634253724226260297349127330930338    -0.6391997824526587918552650480171302597890785164027936727030301267
0.0164391414613135034340188862823663439019402539343734926210737699    -0.6228993782675585864664720166996900057460503929676111512219117060
0.0167105566379455844372082136952053259700228453691887927772810521    -0.6063239192529920428005690465243777700282735630968402566283511769
0.0169745929032414850845112171763527268766081374267835624898853199    -0.5894807246649849401077523767198668266903513782452492267202488753
0.0172311336662138919794714062706547709133111793228152839060972248    -0.5723772319840610983759879698130221143823812606645319024306708590
0.0174800656456789966123659424010753746919632799676806046621153739    -0.5550209936310596104486291098775711884544897378158561843019858481
0.0177212789202781799272452572634959053068060374542465237205501061    -0.5374196736321977730026925105285893779190810436246370624225720614
0.0179546669770161082374715214288229289287095947397319466451774244    -0.5195810442348523135003314060922266824275773044496317838668336078
0.0181801267582938046871578155204569324214297104527504154608660503    -0.5015129824755532747071782509413695989097860777034767374839896665
0.0183975587074159255612916079081242150302306532098472868751771902    -0.4832234667017060223873806134109696142943452639535583361751928423
0.0186068668125521449145293851774872224910736942750000394459977366    -0.4647205730485772761426985395257896404100426610505127490805880744
0.0188079586491332339444609499244460841022544362608244254292514222    -0.4460124718731008191358702867996482002109010350793179687622664196
0.0190007454206631129966704700253134981647131860353184224322865981    -0.4271074241460776109786891896370767219867531146416325078477504409
0.0191851419979288537651743388800694072930662143366618231680501069    -0.4080137778043634010120265765928947153328802207961908565057940794
0.0193610669565913168448978208150556265801864755663501055779899245    -0.3887399640646546084920742272117787084443940141650827914319994724
0.0195284426131398249988887560194424301074988959881844506031525969    -0.3692944937005001940590076858115540999972323785938351456802962962
0.0196871950591949950128283259665151515055976779883628311626971885    -0.3496859532841834858422870872464491069089346688418038433964318768
0.0198372541941445805092817677756693094897717990414344242024635895    -0.3299230013951334365036231575318158756061846763285094136894518509
0.0199785537560979142660285383733020708441205902199029530052776010    -0.3100143647965395676028924354333765389344251045340171169362223974
0.0201110313511452811049043196642592269114697610705982158961915291    -0.2899688345818588983825797245906249034297808269639295434733704646
0.0202346284809093009645835491268704423940502933736224859009745005    -0.2697952622929164512148305651208049687326147839478275837225537878
0.0203492905683761560141535095479399421786791455572976368469201839    -0.2495025560113134696809931994938391832891462664782909771967949209
0.0204549669819952552727759434666775521116901106927640426202301666    -0.2290996764248692720256600035970991285583215778987048837902021686
0.0205516110580366948401039597016814920176002842635938295412223102    -0.2085956328708336873474928020638926327369206294527592512282412404
0.0206391801211966411758482150966321697284616099124477023532290496    -0.1879994793576172794946964340606096491325350597434622620350941170
0.0207176355034415385561194184274395260363000438561673262090779831    -0.1673203105667960496987782617465709677553058943110023273017390306
0.0207869425610828195379826073776852690081421453803910783848770148    -0.1465672578371560193209910027717192451335132653439139264153987188
0.0208470706900745786392102018835459454088086676562676364891499024    -0.1257494851325510248582921513512025830969654451564969153081383041
0.0208979933395274541429599397874636689720565047660398013027989048    -0.1048761849953542050601636209504384140977147854821516684207091710
0.0209396880234327506209242055701845168310284344087890408401173603    -0.0839565744872900214899635493552012033635448893248884890409915984
0.0209721363305916250859114154669702353480635934842042038381569119    -0.0629998911194392263171828027516298795326759025545502637774827820
0.0209953239327449522871259340051134136912731844570009898976581647    -0.0420153887732139720907145785624771061458937078030719428133744982
0.0210092405909002791988586885457137377368792259479215936026930022    -0.0210123336141042456079202207457829827260819295179330388891697946
0.0210138801598530748752481539133104323333055877999597495984967503    0.0000000000000000000000000000000000000000000000000000000000000000
0.0210092405909002791988586885457137377368792259479215936026930022    0.0210123336141042456079202207457829827260819295179330388891697946
0.0209953239327449522871259340051134136912731844570009898976581647    0.0420153887732139720907145785624771061458937078030719428133744982
0.0209721363305916250859114154669702353480635934842042038381569119    0.0629998911194392263171828027516298795326759025545502637774827820
0.0209396880234327506209242055701845168310284344087890408401173603    0.0839565744872900214899635493552012033635448893248884890409915984
0.0208979933395274541429599397874636689720565047660398013027989048    0.1048761849953542050601636209504384140977147854821516684207091710
0.0208470706900745786392102018835459454088086676562676364891499024    0.1257494851325510248582921513512025830969654451564969153081383041
0.0207869425610828195379826073776852690081421453803910783848770148    0.1465672578371560193209910027717192451335132653439139264153987188
0.0207176355034415385561194184274395260363000438561673262090779831    0.1673203105667960496987782617465709677553058943110023273017390306
0.0206391801211966411758482150966321697284616099124477023532290496    0.1879994793576172794946964340606096491325350597434622620350941170
0.0205516110580366948401039597016814920176002842635938295412223102    0.2085956328708336873474928020638926327369206294527592512282412404
0.0204549669819952552727759434666775521116901106927640426202301666    0.2290996764248692720256600035970991285583215778987048837902021686
0.0203492905683761560141535095479399421786791455572976368469201839    0.2495025560113134696809931994938391832891462664782909771967949209
0.0202346284809093009645835491268704423940502933736224859009745005    0.2697952622929164512148305651208049687326147839478275837225537878
0.0201110313511452811049043196642592269114697610705982158961915291    0.2899688345818588983825797245906249034297808269639295434733704646
0.0199785537560979142660285383733020708441205902199029530052776010    0.3100143647965395676028924354333765389344251045340171169362223974
0.0198372541941445805092817677756693094897717990414344242024635895    0.3299230013951334365036231575318158756061846763285094136894518509
0.0196871950591949950128283259665151515055976779883628311626971885    0.3496859532841834858422870872464491069089346688418038433964318768
0.0195284426131398249988887560194424301074988959881844506031525969    0.3692944937005001940590076858115540999972323785938351456802962962
0.0193610669565913168448978208150556265801864755663501055779899245    0.3887399640646546084920742272117787084443940141650827914319994724
0.0191851419979288537651743388800694072930662143366618231680501069    0.4080137778043634010120265765928947153328802207961908565057940794
0.0190007454206631129966704700253134981647131860353184224322865981    0.4271074241460776109786891896370767219867531146416325078477504409
0.0188079586491332339444609499244460841022544362608244254292514222    0.4460124718731008191358702867996482002109010350793179687622664196
0.0186068668125521449145293851774872224910736942750000394459977366    0.4647205730485772761426985395257896404100426610505127490805880744
0.0183975587074159255612916079081242150302306532098472868751771902    0.4832234667017060223873806134109696142943452639535583361751928423
0.0181801267582938046871578155204569324214297104527504154608660503    0.5015129824755532747071782509413695989097860777034767374839896665
0.0179546669770161082374715214288229289287095947397319466451774244    0.5195810442348523135003314060922266824275773044496317838668336078
0.0177212789202781799272452572634959053068060374542465237205501061    0.5374196736321977730026925105285893779190810436246370624225720614
0.0174800656456789966123659424010753746919632799676806046621153739    0.5550209936310596104486291098775711884544897378158561843019858481
0.0172311336662138919794714062706547709133111793228152839060972248    0.5723772319840610983759879698130221143823812606645319024306708590
0.0169745929032414850845112171763527268766081374267835624898853199    0.5894807246649849401077523767198668266903513782452492267202488753
0.0167105566379455844372082136952053259700228453691887927772810521    0.6063239192529920428005690465243777700282735630968402566283511769
0.0164391414613135034340188862823663439019402539343734926210737699    0.6228993782675585864664720166996900057460503929676111512219117060
0.0161604672226528787243226375784634253724226260297349127330930338    0.6391997824526587918552650480171302597890785164027936727030301267
0.0158746569766697293066561613384051898094878078732672613063010398    0.6552179340087432055831308076589083371778563215646591220638705653
0.0155818369291311305655821962132133665523761344856299092576039021    0.6709467597710853777221934851293688619736443239150496984599666655
0.0152821363811365038708895798940298661594985569259469411640032350    0.6863793143330934953232144884939710147763280148987501656198661172
0.0149756876720221385963538163403750235150859692219325286347429733    0.7015087831132078449372217189699653376813852449244223348595808241
0.0146626261209241693443982808333523067312489306805590781145392004    0.7163284853640298978866097027571234442652783284894263546765125479
0.0143430899670258267120423530877798390398321272703806243605836648    0.7308318771223543334633047926014627794173077796732490653587963385
0.0140172203085153651078536689870361985860224990091885200647534422    0.7450125540988014270158562863019768126041221994057309810776932366
0.0136851610402816460452607042153510520962491928234957181974572081    0.7588642545057739217012002774907890838943240114968311218531774224
0.0133470587903749202677650017084189437356635364095317619497884006    0.7723808618224897643827140889020929251463538574901475903025440627
0.0130030628552609075058656303071883659512640606302616120525237523    0.7855564074958699079958185157679829919479306209993573704034509146
0.0126533251338968194534674429374915292895917102731540422373993245    0.7983850735760887555716230611001920533475017962873856502903807702
0.0122980000606585110004093966401328071091516723494855989532774597    0.8108611952856237369611118377241456177989811561289029014653959361
0.0119372445371484789146691198004099211549800381318267806551708206    0.8229792635206699617476302505351227053681223311177163799951693986
0.0115712178629149591873129310137349763745277008467707865202373354    0.8347339272838158770463415243971861590492583223833812362265521530
0.0112000816651129089934301041498776052202986347908139396262284872    0.8461199960469063769826532093949283080184220152132488137809318875
0.0108239998271382042000673467105203078453219262562906343048887502    0.8571324420430508678217601334559084517010233698826270994761164703
0.0104431384162669502984797506658048468424989329022160871459158644    0.8677664024867654046529754461279040735102720233750143655101935137
0.0100576656103324120714417354740091629001503078718557199744677450    0.8780171817212702127316373266048859308276891751623096395225127701
0.0096677516234727448694578088243166625646594709238942743341811131    0.8878802532919967431809629412938317997739450423510919672909480015
0.0092735686309835062760241794099538170610651303813581496305925588    0.8973512619453919810134994405244606834615861453786340898371705858
0.0088752906933099210324596534494873767590500422521112647457133844    0.9064260255521421782089082081545994760295839879167105847564555380
0.0084730936792151992422901215534027400931557699605232757587883903    0.9151005369539737855260746101433331168186735334333870467234806883
0.0080671551881631009839940361907057186759154850330505507223938639    0.9233709657332265425824907762881096070504295329683779314081976036
0.0076576544719558115231606819999518671157991001942767863801246696    0.9312336599044332085739310812073895336104717468326780148582052152
0.0072447723556727887566544683733016697535532757204977893367855803    0.9386851475271835901753998408704140443107413498793742257062709545
0.0068286911579639683708992788867477093196591567752322433577416996    0.9457221382395997007909292923167607952071844407040680274180015490
0.0064095946107642678348224090998093714511671457726740813875869896    0.9523415247118083944895311249489731176750519721047420093097228128
0.0059876677785211380911446869712424453875848963436400450741567914    0.9585403840188758813103483903758995887940418109590117085673540445
0.0055630969770742804625179010402526433321277532933479054718871145    0.9643159789327813492869726541681228321733733448512293414824702668
0.0051360696924212741583453503411046451193220153993506202001988251    0.9696657591331877656153882465135273896488818589040854670493516332
0.0047067744998015692877589037839499117134346044733662797078828331    0.9745873623370884567005650738921398910201322678151911968114889577
0.0042754009839728802920761574593796344148212851360265227744206880    0.9790786153480312267518874558697573368224390589503387998825097680
0.0038421396626018869798543604086047558599009267465849751829770090    0.9831375350269424379836981937377569194429840424417983134865019506
0.0034071819173783715559584878858470372736354240283069117974459773    0.9867623291896227997067062683808623881711999774187060537881579606
0.0029707199450292799689744340921807630056317194212557390074729615    0.9899513974437097234517901581038311394978460143757001016042072879
0.0025329467643313499395603942167974849114596402533646388293290043    0.9927033319996844318969177805800227862921105555862760324649521485
0.0020940564028428765857167048414705128221934766920354845914738659    0.9950169185606876085649425325723780766218461221677520587862754487
0.0016542447773294881777170399468792451907162762967814571781174846    0.9968911376649928382381673041235757757007753254591225970332348150
0.0012137140727611700375713608489916908116593975961823325982063826    0.9983251681696680146697273515334496166804635201840332138239683619
0.0007727041395952144932454068779977237865883546879411465762009736    0.9993184038884792754358824064597495294208762742330943502980636532
0.0003320058471481288209401100733421601307668275193122253954105648    0.9998706269571737346585804727556320530381035497379934817071431697
