0.0351194603317518630318328761381917806197056092771272765814998902    -0.9862838086968123388415972667040528016760914072392258816440708118
0.0801580871597602098056332770628543095836977853945947652013990655    -0.9284348836635735173363911393778742644770392104098376187179624475
0.1215185706879031846894148090724766259566693456900746722910753925    -0.8272013150697649931897947426503949610397011014750811815607090542
0.1572031671581935345696019386238421566056680373373233749693170439    -0.6872929048116854701480198030193341375384012127471706756192664886
0.1855383974779378137417165901251570362489226029373316590200349251    -0.5152486363581540919652907185511886623088852825693060369515047691
0.2051984637212956039659240656612180557103390613094194517168972903    -0.3191123689278897604356718241684754668342612035338439565966501873
0.2152638534631577901958764433162600352749975580541288002197763925    -0.1080549487073436620662446502198347476119516054742375570408210613
0.2152638534631577901958764433162600352749975580541288002197763925    0.1080549487073436620662446502198347476119516054742375570408210613
0.2051984637212956039659240656612180557103390613094194517168972903    0.3191123689278897604356718241684754668342612035338439565966501873
0.1855383974779378137417165901251570362489226029373316590200349251    0.5152486363581540919652907185511886623088852825693060369515047691
0.1572031671581935345696019386238421566056680373373233749693170439    0.6872929048116854701480198030193341375384012127471706756192664886
0.1215185706879031846894148090724766259566693456900746722910753925    0.8272013150697649931897947426503949610397011014750811815607090542
0.0801580871597602098056332770628543095836977853945947652013990655    0.9284348836635735173363911393778742644770392104098376187179624475
0.0351194603317518630318328761381917806197056092771272765814998902    0.9862838086968123388415972667040528016760914072392258816440708118
