0.0006794761824845529648789834430195051908863621933986148155092571    -0.9997352218760882703192719412996555378124219587811601529241037803
0.0015810952911948423213352061500395946062564010600373271948362382    -0.9986051626519773462076981757410678838066319796434354694939552595
0.0024826218021767846514996294505960042631544599070899488135337443    -0.9965731714060389386084213839897309701978765167705228869787599217
0.0033820208186870304830989231262799988652959139855013311964141666    -0.9936406326897030598435466446101492834665121954798492377267801752
0.0042783867524722746415721918688372124541998246029878101191090116    -0.9898101413367193058212139273871602017343875538405804869928565125
0.0051708932073277532916270909567499487720031354579822327033405596    -0.9850851458144620506359044758867085468116097958929402637312548554
0.0060587292747506519193187608839817988142370744598784549845381578    -0.9794699117905919780293289653280606615034922952614475949942587709
0.0069410911251809760262703051890430831801971548600124421337303448    -0.9729695120673583810237683059129426630041278786447858572810954971
0.0078171807564253495417073772619336352743154826818916210731753153    -0.9655898203461570855186343854913734488398867710165630495896837920
0.0086862061579237202554919238838116961444225348040536764013346069    -0.9573375053700733511995509677066847258474719694101626523647474021
0.0095473818383269230163984870526849348607007850836071216827344674    -0.9482200246834838499703133084356471686661791265367809483821828790
0.0103999294625946865339640619106154808766805360315015381741498502    -0.9382456177991042759169616341602744339666226900378704532631522393
0.0112430785241654301199942266622107541530615426063315640800501065    -0.9274232987070864899938714458523140047227986495585199898492920947
0.0120760670267164512624887531680472893055510538641919671155376316    -0.9157628477059157327897114263797423806842983937275213075017276421
0.0128981421655273319995832544066889392919055002256628181786244842    -0.9032748025512220880594845495924457323353806840914537419657998599
0.0137085610039659059705385684073632027943902681821435745869250113    -0.8899704489254118526356298284920975188831393070274888332439374993
0.0145065911427678912484512387420631992599203287820855383256741935    -0.8758618102342710618967144753614212156803636166255957241952561655
0.0152915113806926720929266939593418728549530792477852162287863439    -0.8609616367385050937188498754059092717672217616049803429578167507
0.0160626123655525193854422752756836667969711279817461651949760897    -0.8452833940293626970098795620635796134502117341931027010749122454
0.0168191972348148284655237163765580201374292812890408139713358999    -0.8288412508583829690514846205107895421340352765038570206479304234
0.0175605822450830157355638513153547535961296785083697143820848319    -0.8116500663320458859559970350640667217306859950874405423250248448
0.0182860973898220936824165018533744854584487246034764416473889199    -0.7937253764827685774553174370106583465567469455475397049744281508
0.0189950870047327748410807016344099654636693696942344118868788864    -0.7750833802283033031511720228960957612904553405269882087322502089
0.0196869103602043231471967294241148778552638253664967655676687883    -0.7557409247321753838661131542018793067054533772952226777416307482
0.0203609422402968033930350389977742954085481635102127096296391530    -0.7357154901783585590284878909201589880948621179438482511866963794
0.0210165735077207312987416096822994786352622955673244188935653584    -0.7150251739739257351334020474311286428119885109615330379131911672
0.0216532116542979191490379317211442070417024672017776787206592440    -0.6936886743939371037111624686303563298022283242015240755353591671
0.0222702813364023771429226090967059230174122849689180890375197226    -0.6717252736833362424716686230504314375144084230966278530262901356
0.0228672248948949337196895838710047625367154604189708467467640140    -0.6491548206311185429838154269213714548478507475164625604370617214
0.0234435028590800432952776547497643529961709941802505160150578405    -0.6259977126325152501405091038919644896219746072803523527299529204
0.0239985944342282081835166391418045540928751489194444859835769168    -0.6022748772554004681466627959697598289047339366846906677244156520
0.0245319979722226389991770253899527570373155916171747469356117903    -0.5780077533275774845923880589497211870989979413053613016490199997
0.0250432314249042621869948688366353849395861134826593315647031559    -0.5532182715620344228977758291015709374813207469806292649397738460
0.0255318327797049790213588921480740943558283245984207951792466708    -0.5279288347376772534651777667361424125590018469865427617397069658
0.0259973604771751977759938125014259437895569838035066160267692821    -0.5021622974534502578211819390025438585482435738172698048542694910
0.0264393938100281011254651110210959279142417380331456742942649311    -0.4759419454741398249538926706765047206338121770985259472039730980
0.0268575333033398698129002680024285414764558572285973925375289261    -0.4492914746865266437595988506478917020004674378272845270199042485
0.0272514010755621530202570951091059302863347093385516836033343860    -0.4222349696849036252314381160723976245246072953399266639364597248
0.0276206411800204449786848884533158927778298552937929085719362224    -0.3947968820053119375124825273386798306552209841052967134553244812
0.0279649199265896836638227253545198953488328399196557111438573431    -0.3670020080281650726216972650257623240999657052261037267348659086
0.0282839261832563171878489061443261710377804383049338251051017061    -0.3388754665692306051222430734324727079307616534494609160626615096
0.0285773716572942720638213640271374662713223336325797981031737670    -0.3104426761792209840437874045855054692951189241314378167906776173
0.0288449911558006895256677113402739497233766535239181441853482508    -0.2817293321725080688233136085624934977351419017021626014730758414
0.0290865428253559556527517041962552705193370414031834244265016008    -0.2527613834057209423521251136150131344520583079563583212074988622
0.0293018083705914218613348052672233266947225429099198276013044534    -0.2235650088272125899759460681849079548693868526022868764102796972
0.0294905932514672777328410200294134092318538522831484905564033122    -0.1941665938185881195433085796836277143763913965492889569459726315
0.0296527268590822812131108568705402723262133805943794696068487594    -0.1645927063496751281877883384027931146370428134260359215714203565
0.0297880626698564547627763387683942570275507201338334393886173991    -0.1348700729684854273748008947582525863148079663220358492734063332
0.0298964783779474026912614557436293328061573912758300598735776014    -0.1050255546478664670342407822950499653853838621367684467715494109
0.0299778760057805771213510150733845530341343810656526964493030751    -0.0750861225106703179890681594105076119893639471686049412995882812
0.0300321819925936001211654134699201179454929461763687198285163332    -0.0450788334553778626474421259008150357964863269985446473306924591
0.0300593472609146197008242025896460114573460451343413895329318779    -0.0150308057042058080702446658612512308682602267836511196436763422
0.0300593472609146197008242025896460114573460451343413895329318779    0.0150308057042058080702446658612512308682602267836511196436763422
0.0300321819925936001211654134699201179454929461763687198285163332    0.0450788334553778626474421259008150357964863269985446473306924591
0.0299778760057805771213510150733845530341343810656526964493030751    0.0750861225106703179890681594105076119893639471686049412995882812
0.0298964783779474026912614557436293328061573912758300598735776014    0.1050255546478664670342407822950499653853838621367684467715494109
0.0297880626698564547627763387683942570275507201338334393886173991    0.1348700729684854273748008947582525863148079663220358492734063332
0.0296527268590822812131108568705402723262133805943794696068487594    0.1645927063496751281877883384027931146370428134260359215714203565
0.0294905932514672777328410200294134092318538522831484905564033122    0.1941665938185881195433085796836277143763913965492889569459726315
0.0293018083705914218613348052672233266947225429099198276013044534    0.2235650088272125899759460681849079548693868526022868764102796972
0.0290865428253559556527517041962552705193370414031834244265016008    0.2527613834057209423521251136150131344520583079563583212074988622
0.0288449911558006895256677113402739497233766535239181441853482508    0.2817293321725080688233136085624934977351419017021626014730758414
0.0285773716572942720638213640271374662713223336325797981031737670    0.3104426761792209840437874045855054692951189241314378167906776173
0.0282839261832563171878489061443261710377804383049338251051017061    0.3388754665692306051222430734324727079307616534494609160626615096
0.0279649199265896836638227253545198953488328399196557111438573431    0.3670020080281650726216972650257623240999657052261037267348659086
0.0276206411800204449786848884533158927778298552937929085719362224    0.3947968820053119375124825273386798306552209841052967134553244812
0.0272514010755621530202570951091059302863347093385516836033343860    0.4222349696849036252314381160723976245246072953399266639364597248
0.0268575333033398698129002680024285414764558572285973925375289261    0.4492914746865266437595988506478917020004674378272845270199042485
0.0264393938100281011254651110210959279142417380331456742942649311    0.4759419454741398249538926706765047206338121770985259472039730980
0.0259973604771751977759938125014259437895569838035066160267692821    0.5021622974534502578211819390025438585482435738172698048542694910
0.0255318327797049790213588921480740943558283245984207951792466708    0.5279288347376772534651777667361424125590018469865427617397069658
0.0250432314249042621869948688366353849395861134826593315647031559    0.5532182715620344228977758291015709374813207469806292649397738460
0.0245319979722226389991770253899527570373155916171747469356117903    0.5780077533275774845923880589497211870989979413053613016490199997
0.0239985944342282081835166391418045540928751489194444859835769168    0.6022748772554004681466627959697598289047339366846906677244156520
0.0234435028590800432952776547497643529961709941802505160150578405    0.6259977126325152501405091038919644896219746072803523527299529204
0.0228672248948949337196895838710047625367154604189708467467640140    0.6491548206311185429838154269213714548478507475164625604370617214
0.0222702813364023771429226090967059230174122849689180890375197226    0.6717252736833362424716686230504314375144084230966278530262901356
0.0216532116542979191490379317211442070417024672017776787206592440    0.6936886743939371037111624686303563298022283242015240755353591671
0.0210165735077207312987416096822994786352622955673244188935653584    0.7150251739739257351334020474311286428119885109615330379131911672
0.0203609422402968033930350389977742954085481635102127096296391530    0.7357154901783585590284878909201589880948621179438482511866963794
0.0196869103602043231471967294241148778552638253664967655676687883    0.7557409247321753838661131542018793067054533772952226777416307482
0.0189950870047327748410807016344099654636693696942344118868788864    0.7750833802283033031511720228960957612904553405269882087322502089
0.0182860973898220936824165018533744854584487246034764416473889199    0.7937253764827685774553174370106583465567469455475397049744281508
0.0175605822450830157355638513153547535961296785083697143820848319    0.8116500663320458859559970350640667217306859950874405423250248448
0.0168191972348148284655237163765580201374292812890408139713358999    0.8288412508583829690514846205107895421340352765038570206479304234
0.0160626123655525193854422752756836667969711279817461651949760897    0.8452833940293626970098795620635796134502117341931027010749122454
0.0152915113806926720929266939593418728549530792477852162287863439    0.8609616367385050937188498754059092717672217616049803429578167507
0.0145065911427678912484512387420631992599203287820855383256741935    0.8758618102342710618967144753614212156803636166255957241952561655
0.0137085610039659059705385684073632027943902681821435745869250113    0.8899704489254118526356298284920975188831393070274888332439374993
0.0128981421655273319995832544066889392919055002256628181786244842    0.9032748025512220880594845495924457323353806840914537419657998599
0.0120760670267164512624887531680472893055510538641919671155376316    0.9157628477059157327897114263797423806842983937275213075017276421
0.0112430785241654301199942266622107541530615426063315640800501065    0.9274232987070864899938714458523140047227986495585199898492920947
0.0103999294625946865339640619106154808766805360315015381741498502    0.9382456177991042759169616341602744339666226900378704532631522393
0.0095473818383269230163984870526849348607007850836071216827344674    0.9482200246834838499703133084356471686661791265367809483821828790
0.0086862061579237202554919238838116961444225348040536764013346069    0.9573375053700733511995509677066847258474719694101626523647474021
0.0078171807564253495417073772619336352743154826818916210731753153    0.9655898203461570855186343854913734488398867710165630495896837920
0.0069410911251809760262703051890430831801971548600124421337303448    0.9729695120673583810237683059129426630041278786447858572810954971
0.0060587292747506519193187608839817988142370744598784549845381578    0.9794699117905919780293289653280606615034922952614475949942587709
0.0051708932073277532916270909567499487720031354579822327033405596    0.9850851458144620506359044758867085468116097958929402637312548554
0.0042783867524722746415721918688372124541998246029878101191090116    0.9898101413367193058212139273871602017343875538405804869928565125
0.0033820208186870304830989231262799988652959139855013311964141666    0.9936406326897030598435466446101492834665121954798492377267801752
0.0024826218021767846514996294505960042631544599070899488135337443    0.9965731714060389386084213839897309701978765167705228869787599217
0.0015810952911948423213352061500395946062564010600373271948362382    0.9986051626519773462076981757410678838066319796434354694939552595
0.0006794761824845529648789834430195051908863621933986148155092571    0.9997352218760882703192719412996555378124219587811601529241037803
