0.0004637020271121630456644205911839168298883737644936462797749931    -0.9998193072324032291566210792340931343015330730348049445014908544
0.0010791325186222900370870690409008394577371032483084612331196389    -0.9990480629675667719767834763612458677446026404439255920695444734
0.0016948093274012729468407337469421298661842528517560262280116360    -0.9976610346359589847082770279131452426694508846964957780517463509
0.0023095201121181941349386203931242392564208989685277478231048136    -0.9956587693679207925376179258794357714530177314388644602052249013
0.0029228224520372727619934144659786298150960261497175329540685536    -0.9930424642509680434694538759427846900738884894453440315632366285
0.0035343269617605101802685876149632427429341659947435333212325319    -0.9898137238197386100248674289301076022134634946010610721425812999
0.0041436535521327256912106031280751462907364318196457013923783193    -0.9859745363331003957756045666896073388291639593200059144566799682
0.0047504254271538848606656522149398382386494443459780966412808716    -0.9815272683105117324217206956515544836099646910510569604471889796
0.0053542679668269408445769667036664571986268564264823020291789232    -0.9764746619461729615006882021227364796755946622582400201022341532
0.0059548085782750182668704762213914571384821043750717755226632267    -0.9708198330431654998993503031028564238936698021791015540269322909
0.0065516767971682322152709006190368712785171710087749662955752842    -0.9645662689460818805636249428829520516237943013145217924914412610
0.0071445044665699330851820474933121610268641397997452221360847274    -0.9577178263265721928584592993302391493040626349145893124872984230
0.0077329259426945176723799956803156782729104968146699765598793531    -0.9502787287743498428907159344426969800817398027316804125359559200
0.0083165783104817263431901112498358578920812729322690854761561986    -0.9422535641767128631265751175813786020332504508238079148158368484
0.0088951016024624006207627276965792824465793027541744965506760841    -0.9336472818805116888463366211854134301912295718214092336301204046
0.0094681390181446876811499408051299090520450417635831716571804773    -0.9244651896348403855269357408254694863334057076957712585433601796
0.0100353371426140686149901063659577116897057093392287339791921725    -0.9147129503146591588661020117503770022770079800711965073655124015
0.0105963461636582289984078383406480485046169602122088832278540909    -0.9043965784265117668022514406164049997944260206206799768282440615
0.0111508200870062751862020986228376564833927860248271554189882072    -0.8935224363980336364611688554101854441035458440744745710090403217
0.0116984169494049740208444149879734079613879424703605717736999926    -0.8820972306532826037128960797579482232228398319972498479148409360
0.0122387990293219207630045898390629372558198201631191611423595843    -0.8701280074761642550251492581779991791879345975822828646461046691
0.0127716330551013154873864469640586156865655115148786996708802598    -0.8576221486644142735994117455476062494766726830582327801287028967
0.0132965904104181462376689505648913617077633521099003308624461679    -0.8445873669767635437184874061637558002195503991465609706943843994
0.0138133473368886076671276927248834011758697326911986852500340094    -0.8310317013760594753321007647634984070764392837281771568621968342
0.0143215851337023044783606329001805522997516898791193294778634919    -0.8169635120712550629666362398160711362468798025290609192188553028
0.0148209903541471542583224567201892596859110100589525763201393339    -0.8023914753613088179148387111253524000452778100649576658145331300
0.0153112549989019586909869704200288389153574736503850654053302180    -0.7873245782841656906101015723247032946142147875400474153508272761
0.0157920767059749300935370992674433454262248724734958939071235910    -0.7717721130741124270009182430756642383199999794092535390318189443
0.0162631589371693660591423287097304982957944300293723737370702244    -0.7557436714309210378574781264393736469077251833850606761452183609
0.0167242111609603460477062578049262614237934867346433878655295546    -0.7392491386043115133654768636879116630119040090767153167060988190
0.0171749490316688904909093384264920180285684608607283156730051851    -0.7222986872973797518942330471985646803095560183639833335522369348
0.0176150945648225416059904556626343938111616647276131169426575470    -0.7049027713927489699150018659534018849146595678986367953441987577
0.0180443763085938359081652914195375974487091078937127338398449153    -0.6870721195053126460110208880597821393991531523777986787155134658
0.0184625295112106660682286244948371490634728107070702989430557079    -0.6688177283655443202523803588324410698767070855427450682332673018
0.0188692962842350894605205931551194556527852110053441085748758946    -0.6501508560374542958395430041500971034730907419125925121620573890
0.0192644257616097417502956115594854549097001233530619042041325754    -0.6310830149753754357892891995392177194057688793778955620340812477
0.0196476742543736616971093796793637358835061105566520961186291003    -0.6116259649238597692347931692633312836638742919377448738143117956
0.0200188054009520311110695358365120668386016034012233069567224050    -0.5917917056650644710990341624079106681373135735219194813310199878
0.0203775903129270831245395251704113004966274263368873651758440535    -0.5715924696180999046729821684611794421352363805686910434241173924
0.0207238077162002331180017719223256033205136982212713069193930135    -0.5510407142949037672080691638381847487259196772082643869917882598
0.0210572440874583395414536536350798489367949243652818736752435759    -0.5301491146172939021294672203938270499792409844162110287092754155
0.0213776937858599057904237959029900885484175276531800495252483449    -0.5089305550999379864881855384873828003502381585191847794986664311
0.0216849591798599881750925012599529464139945547792248378762920389    -0.4873981219040610182837634670046278553495484475216508671116883133
0.0219788507690955775643099566174628880741482678567069695373120863    -0.4655650947667912659753434472756733893027417820317568526201500970
0.0222591873012562720173202086781637365962774022098186644452616946    -0.4434449388111220539186164661823870625625972007305746464993093170
0.0225257958838681530252968893130258529351814210307035823657916722    -0.4210512962415403962269278105922278157487088566131361656364947480
0.0227785120909219171611748651976870390368762094402700399529204287    -0.3983979779304440129265870420792568249307338780323751580419019883
0.0230171800642794961888879746265143922476719404935923198146458638    -0.3754989549005356232815827244492660735170495589752704979400908962
0.0232416526097966201573947504190304033160008690476055407651222875    -0.3523683497084475706477338783825737214806655678850609245471273802
0.0234517912881020377939695480123103281945567700619995104120732271    -0.3290204277349107519086246994432961616050076665556300414249320360
0.0236474664999774046646880380734019748794081089612888153689468333    -0.3054695883868394651025368564222004923319503101813449500144815109
0.0238285575662851801002332563913006418274342475784465984582711728    -0.2817303562167581158975975172070286255986153632018776165348132114
0.0239949528023952367723897520298665042184023204829399489420405801    -0.2578173719650467037421127749583212930391796799523635036305950787
0.0241465495870642800031123093973296262870843750906163261339234067    -0.2337453835305296104732024995727768616394997014577384287965309346
0.0242832544257255953213188193035229023478025180047216370113981907    -0.2095292368749764086344414419601717513929373718784870876299938981
0.0244049830081500903580414528312722127383775033649989790129478099    -0.1851838668671241665410323737840364474655180279673041862646774055
0.0245116602604430687741681528933950812244796563440122971902247632    -0.1607242880718680271523830361702472419813066942973093271407711268
0.0246032203913446674151577941640977238417521204449363006561561846    -0.1361655854903006551031253076159715479520653680149951369377564239
0.0246796069328054011367441083968755668843503244018647277123834849    -0.1115229052563114599803692494935860178305312784041879375274519809
0.0247407727748117905839655012507531537777475151216052492098267624    -0.0868114452954832954471699778258674591046269201022527436086286179
0.0247866801944405944600556176715481322400274702649725515595964529    -0.0620464459520475865965849676046501578651578043789246820831882889
0.0248173008791237273085809729874779541130700462455621685531272987    -0.0372431805896785376522472179028795978078268356021166556624529460
0.0248326159441095143596498017220346725507898293224538683342089115    -0.0124169461719232066727824586200595468370073621128161005690822314
0.0248326159441095143596498017220346725507898293224538683342089115    0.0124169461719232066727824586200595468370073621128161005690822314
0.0248173008791237273085809729874779541130700462455621685531272987    0.0372431805896785376522472179028795978078268356021166556624529460
0.0247866801944405944600556176715481322400274702649725515595964529    0.0620464459520475865965849676046501578651578043789246820831882889
0.0247407727748117905839655012507531537777475151216052492098267624    0.0868114452954832954471699778258674591046269201022527436086286179
0.0246796069328054011367441083968755668843503244018647277123834849    0.1115229052563114599803692494935860178305312784041879375274519809
0.0246032203913446674151577941640977238417521204449363006561561846    0.1361655854903006551031253076159715479520653680149951369377564239
0.0245116602604430687741681528933950812244796563440122971902247632    0.1607242880718680271523830361702472419813066942973093271407711268
0.0244049830081500903580414528312722127383775033649989790129478099    0.1851838668671241665410323737840364474655180279673041862646774055
0.0242832544257255953213188193035229023478025180047216370113981907    0.2095292368749764086344414419601717513929373718784870876299938981
0.0241465495870642800031123093973296262870843750906163261339234067    0.2337453835305296104732024995727768616394997014577384287965309346
0.0239949528023952367723897520298665042184023204829399489420405801    0.2578173719650467037421127749583212930391796799523635036305950787
0.0238285575662851801002332563913006418274342475784465984582711728    0.2817303562167581158975975172070286255986153632018776165348132114
0.0236474664999774046646880380734019748794081089612888153689468333    0.3054695883868394651025368564222004923319503101813449500144815109
0.0234517912881020377939695480123103281945567700619995104120732271    0.3290204277349107519086246994432961616050076665556300414249320360
0.0232416526097966201573947504190304033160008690476055407651222875    0.3523683497084475706477338783825737214806655678850609245471273802
0.0230171800642794961888879746265143922476719404935923198146458638    0.3754989549005356232815827244492660735170495589752704979400908962
0.0227785120909219171611748651976870390368762094402700399529204287    0.3983979779304440129265870420792568249307338780323751580419019883
0.0225257958838681530252968893130258529351814210307035823657916722    0.4210512962415403962269278105922278157487088566131361656364947480
0.0222591873012562720173202086781637365962774022098186644452616946    0.4434449388111220539186164661823870625625972007305746464993093170
0.0219788507690955775643099566174628880741482678567069695373120863    0.4655650947667912659753434472756733893027417820317568526201500970
0.0216849591798599881750925012599529464139945547792248378762920389    0.4873981219040610182837634670046278553495484475216508671116883133
0.0213776937858599057904237959029900885484175276531800495252483449    0.5089305550999379864881855384873828003502381585191847794986664311
0.0210572440874583395414536536350798489367949243652818736752435759    0.5301491146172939021294672203938270499792409844162110287092754155
0.0207238077162002331180017719223256033205136982212713069193930135    0.5510407142949037672080691638381847487259196772082643869917882598
0.0203775903129270831245395251704113004966274263368873651758440535    0.5715924696180999046729821684611794421352363805686910434241173924
0.0200188054009520311110695358365120668386016034012233069567224050    0.5917917056650644710990341624079106681373135735219194813310199878
0.0196476742543736616971093796793637358835061105566520961186291003    0.6116259649238597692347931692633312836638742919377448738143117956
0.0192644257616097417502956115594854549097001233530619042041325754    0.6310830149753754357892891995392177194057688793778955620340812477
0.0188692962842350894605205931551194556527852110053441085748758946    0.6501508560374542958395430041500971034730907419125925121620573890
0.0184625295112106660682286244948371490634728107070702989430557079    0.6688177283655443202523803588324410698767070855427450682332673018
0.0180443763085938359081652914195375974487091078937127338398449153    0.6870721195053126460110208880597821393991531523777986787155134658
0.0176150945648225416059904556626343938111616647276131169426575470    0.7049027713927489699150018659534018849146595678986367953441987577
0.0171749490316688904909093384264920180285684608607283156730051851    0.7222986872973797518942330471985646803095560183639833335522369348
0.0167242111609603460477062578049262614237934867346433878655295546    0.7392491386043115133654768636879116630119040090767153167060988190
0.0162631589371693660591423287097304982957944300293723737370702244    0.7557436714309210378574781264393736469077251833850606761452183609
0.0157920767059749300935370992674433454262248724734958939071235910    0.7717721130741124270009182430756642383199999794092535390318189443
0.0153112549989019586909869704200288389153574736503850654053302180    0.7873245782841656906101015723247032946142147875400474153508272761
0.0148209903541471542583224567201892596859110100589525763201393339    0.8023914753613088179148387111253524000452778100649576658145331300
0.0143215851337023044783606329001805522997516898791193294778634919    0.8169635120712550629666362398160711362468798025290609192188553028
0.0138133473368886076671276927248834011758697326911986852500340094    0.8310317013760594753321007647634984070764392837281771568621968342
0.0132965904104181462376689505648913617077633521099003308624461679    0.8445873669767635437184874061637558002195503991465609706943843994
0.0127716330551013154873864469640586156865655115148786996708802598    0.8576221486644142735994117455476062494766726830582327801287028967
0.0122387990293219207630045898390629372558198201631191611423595843    0.8701280074761642550251492581779991791879345975822828646461046691
0.0116984169494049740208444149879734079613879424703605717736999926    0.8820972306532826037128960797579482232228398319972498479148409360
0.0111508200870062751862020986228376564833927860248271554189882072    0.8935224363980336364611688554101854441035458440744745710090403217
0.0105963461636582289984078383406480485046169602122088832278540909    0.9043965784265117668022514406164049997944260206206799768282440615
0.0100353371426140686149901063659577116897057093392287339791921725    0.9147129503146591588661020117503770022770079800711965073655124015
0.0094681390181446876811499408051299090520450417635831716571804773    0.9244651896348403855269357408254694863334057076957712585433601796
0.0088951016024624006207627276965792824465793027541744965506760841    0.9336472818805116888463366211854134301912295718214092336301204046
0.0083165783104817263431901112498358578920812729322690854761561986    0.9422535641767128631265751175813786020332504508238079148158368484
0.0077329259426945176723799956803156782729104968146699765598793531    0.9502787287743498428907159344426969800817398027316804125359559200
0.0071445044665699330851820474933121610268641397997452221360847274    0.9577178263265721928584592993302391493040626349145893124872984230
0.0065516767971682322152709006190368712785171710087749662955752842    0.9645662689460818805636249428829520516237943013145217924914412610
0.0059548085782750182668704762213914571384821043750717755226632267    0.9708198330431654998993503031028564238936698021791015540269322909
0.0053542679668269408445769667036664571986268564264823020291789232    0.9764746619461729615006882021227364796755946622582400201022341532
0.0047504254271538848606656522149398382386494443459780966412808716    0.9815272683105117324217206956515544836099646910510569604471889796
0.0041436535521327256912106031280751462907364318196457013923783193    0.9859745363331003957756045666896073388291639593200059144566799682
0.0035343269617605101802685876149632427429341659947435333212325319    0.9898137238197386100248674289301076022134634946010610721425812999
0.0029228224520372727619934144659786298150960261497175329540685536    0.9930424642509680434694538759427846900738884894453440315632366285
0.0023095201121181941349386203931242392564208989685277478231048136    0.9956587693679207925376179258794357714530177314388644602052249013
0.0016948093274012729468407337469421298661842528517560262280116360    0.9976610346359589847082770279131452426694508846964957780517463509
0.0010791325186222900370870690409008394577371032483084612331196389    0.9990480629675667719767834763612458677446026404439255920695444734
0.0004637020271121630456644205911839168298883737644936462797749931    0.9998193072324032291566210792340931343015330730348049445014908544
