0.0004424679418293929692366800571660351525698959471582224218955759    -0.9998275818477487191077440734693592762451793795460714485797684469
0.0010297284461962239446327351931438881331239092025951128449616303    -0.9990916504696409986514388848622432324714063824565156469768879174
0.0016172530556785534682413679271005790897928649124922755246059863    -0.9977681080525852721429460287999595163594099732681339871199923426
0.0022039015180966937075786419741041170940094925412107458510446504    -0.9958574393142831982149111358812085541762835870326185343864303871
0.0027892681877797554940944677056525877356230973751271324566401338    -0.9933607326210712814854011261498483651234906513384103490583177935
0.0033729979506246246117755709287647264309861067762885823625664022    -0.9902794486488178389207688538716407140711238778503678384714147251
0.0039547444682113562172392974765374910029086201105293147577431795    -0.9866153978313475022005761301581537648051786280343046901881613232
0.0045341644298525434513226874954432767081123635058738785670924278    -0.9823707352517413115507418301659058224750642953763848906536489061
0.0051109164669246267289761565765659522687758121624731257058806407    -0.9775479582993672474447813995292003947396999396855050336894313092
0.0056846609912469045788016012202718980024799819163322807483833942    -0.9721499048427034297274162756276465506706365791203800369568680551
0.0062550602724461408889348709585437337399684520845465859939035289    -0.9661797514202097197778763204721932843152208066528978282072916124
0.0068217785893519121070498527768760929670280649911080136457463389    -0.9596410113101918904168119052145655187002210646308189351643602593
0.0073844824072454014447165055697969179419739971264192870292175813    -0.9525375324342090471027731568066468560114897535009091860415057852
0.0079428405646668029041114107831962372394875414834338219997333371    -0.9448734950776734726784763992682630781972502898356489033466246095
0.0084965244635723279730542832506053314345286738118242521447670754    -0.9366534094216514605284616353608831395818632716068531480435867563
0.0090452082602137316404219313818895368833929385020380373825113853    -0.9278821128840036204317295657053061367588743150544431209423737408
0.0095885690555104190787301294509920649764360162942073500761357331    -0.9185647672698286252225114993018328388800326666389783005249830241
0.0101262870842733548093160774580089213933992260660091833515173853    -0.9087068557320696331245538810483911053816108577766808423313095024
0.0106580459029055185304204093001064777736007522929178365700748248    -0.8983141795436338850435985401593960573171600086448429075440268969
0.0111835325753305049735380697538038923395519278209491475369705482    -0.8873928546826803665034968228379885007223201661852982922340264616
0.0117024378569647781857464368337673187412528715211375012885828951    -0.8759493082329433892035216766229836430947291592848421684466187965
0.0122144563765829794162211059142041565310607697946120917342473210    -0.8639902746011257878940215647000867881098958824700105098791215514
0.0127192868159446234650990363300537920880551111633052498926885001    -0.8515227915535356930243825810021913283557688355511041562515659272
0.0132166320870617242314823873450692951815887221394411193433508226    -0.8385541960742664442975407015577092772679729519454402245702835811
0.0137061995069939712440605632344544666048588860471663459575303818    -0.8250921200473358809210133285304246706164472106826832244429373673
0.0141877009700629004193172309377068830751027206868139844881464499    -0.8111444857653120742087716709612903886470325822604964070950521289
0.0146608531173800609710410274928110792616440171231182396328164168    -0.7967195012670592680339606389904577303899597991543238153151878879
0.0151253775035870246904034327705204228855036583739932426567352544    -0.7818256555073413245387499915820347644529587832135452124041260139
0.0155810007607075234158812875575348452901685568525436620165005638    -0.7664717133611208816717785303088034945801110423266459727059089473
0.0160274547590142144364039504646060919692181312650354536943098661    -0.7506667104654910227632367685768692969226786276710074353706282673
0.0164644767648146674671691896398774424747795211399035453424029774    -0.7344199479022727047791516402740907761282845702239198669099739923
0.0168918095950632041775262088193378202339043771936861553672522512    -0.7177409867244055767721220334611605788819197576248005503942377151
0.0173092017687072407312935964443675256725954993953592339639646843    -0.7006396423293521790044710158406750333514217865572494755906969155
0.0177164076546788092697020318096254109697714523083126758399977823    -0.6831259786828258512462247569950904632164568276792097603650589395
0.0181131876164439805039997838122040665324397373403361876344073011    -0.6652103023962409818802201668778447351400353364962265006885599687
0.0184993081530249857277919185178007135435394644633849973006542656    -0.6469031566613704719753372780481673040030258468431296028315778822
0.0188745420364119481816175921688661253999267685127887674189556960    -0.6282153150457794374886894738067777671966855085390038616148033085
0.0192386684452832840851994922024082473151183965695885804568036467    -0.6091577751526861909563305829874605873732023731092439748705035782
0.0195914730949560245802839872155952275429226834715338567984701728    -0.5897417521489813916767843870079227916921851314264232695044332627
0.0199327483634895420897066753878508703129144431799556590425800431    -0.5699786721652138894754095733396391247032074783282650798659329619
0.0202622934138684383171044230810223827275921022900691432688640224    -0.5498801655714271702189358051756269296683481057298844907321061143
0.0205799143121926659481855170847648569526363582054864634786876030    -0.5294580601328034000099406164619683060253745439424400431349177293
0.0208854241418053114099900246835856705071470797173782325537543830    -0.5087243740491428186199463298589045045822716740457172812984053329
0.0211786431132908609128810387029260042040769959140361221506759672    -0.4876913088822746111853066059407826829164825101061495822112932973
0.0214593986702792053899815981960849728402714446327783023202741511    -0.4663712423755613514331868848703042834594728224518603657100248823
0.0217275255909931106873051787098623037031252537812182473432456002    -0.4447767211697226217818454170851231646317701276852166055431652704
0.0219828660854793861795549688991706508088078710897418203664800131    -0.4229204534192644388475065234826074746593191930558944885723960231
0.0222252698884665265547369109188531447669195150061466274527724775    -0.4008153013138596117693121314038201255464299615243738663078312192
0.0224545943477941764320665645114459556594719415285904332790949784    -0.3784742735090801012801265199512693826092264651654816678527095577
0.0226707045083623743130939709580068775140381743570231648597097404    -0.3559105174709357969672655819213773567704552655334063971998922667
0.0228734731915511696385920834923281983685715827443073137743503215    -0.3331373117387248575049982173485927893804921137025229299450189875
0.0230627810700638729246704950060386728313119980228090490837075495    -0.3101680581107488341147317785909481831145348008053306736427336267
0.0232385167381498925444904357705266227317451763572435622137205931    -0.2870162737574911929568755078539336215464990774046350042234511014
0.0234005767771658311467143466350248223659738195739298622369153575    -0.2636955832669005409666948965327392887940396355632890710132506585
0.0235488658164362583772690942630339318995159307627177356279153505    -0.2402197106264598167721148437193694894081277192584358549064079590
0.0236832965893783428973415434846227822685155292737905298153096457    -0.2166024711467599103221439085192556013868034729450989166070534088
0.0238037899848573140513252997439775955097002269890180465795285053    -0.1928577633313305998663880063832927990688936165391714320945359248
0.0239102750937425303023672302956090012597902637118117822709554223    -0.1689995606975133227390302300592078447963901297717520931939305382
0.0240026892506367560755470297201704156579037677868611098038468006    -0.1450419035531891084328305701541993789420051016070157683781711363
0.0240809780707540892729596340411041178553561302637998459702493316    -0.1209988907342009817690539025428422080686564552929392690482022532
0.0241450954819248367838431560141885731706084653664334963574340391    -0.0968846713073332753086909189796684466324743346945527670441784855
0.0241950037517085031298181115965705159405908702207947266840442853    -0.0727134362437305599118207485004537106732486012543692280084040496
0.0242306735095989362755084606245430758880218125968743640356494552    -0.0484994100676562986191764034167769200974187615168475762895332574
0.0242520837643085629064988640712337024243039186684778450571782594    -0.0242568424855058415749953549174996969328189382033317765261822490
0.0242592219161215414320286747161471844197764953462228731476941913    0.0000000000000000000000000000000000000000000000000000000000000000
0.0242520837643085629064988640712337024243039186684778450571782594    0.0242568424855058415749953549174996969328189382033317765261822490
0.0242306735095989362755084606245430758880218125968743640356494552    0.0484994100676562986191764034167769200974187615168475762895332574
0.0241950037517085031298181115965705159405908702207947266840442853    0.0727134362437305599118207485004537106732486012543692280084040496
0.0241450954819248367838431560141885731706084653664334963574340391    0.0968846713073332753086909189796684466324743346945527670441784855
0.0240809780707540892729596340411041178553561302637998459702493316    0.1209988907342009817690539025428422080686564552929392690482022532
0.0240026892506367560755470297201704156579037677868611098038468006    0.1450419035531891084328305701541993789420051016070157683781711363
0.0239102750937425303023672302956090012597902637118117822709554223    0.1689995606975133227390302300592078447963901297717520931939305382
0.0238037899848573140513252997439775955097002269890180465795285053    0.1928577633313305998663880063832927990688936165391714320945359248
0.0236832965893783428973415434846227822685155292737905298153096457    0.2166024711467599103221439085192556013868034729450989166070534088
0.0235488658164362583772690942630339318995159307627177356279153505    0.2402197106264598167721148437193694894081277192584358549064079590
0.0234005767771658311467143466350248223659738195739298622369153575    0.2636955832669005409666948965327392887940396355632890710132506585
0.0232385167381498925444904357705266227317451763572435622137205931    0.2870162737574911929568755078539336215464990774046350042234511014
0.0230627810700638729246704950060386728313119980228090490837075495    0.3101680581107488341147317785909481831145348008053306736427336267
0.0228734731915511696385920834923281983685715827443073137743503215    0.3331373117387248575049982173485927893804921137025229299450189875
0.0226707045083623743130939709580068775140381743570231648597097404    0.3559105174709357969672655819213773567704552655334063971998922667
0.0224545943477941764320665645114459556594719415285904332790949784    0.3784742735090801012801265199512693826092264651654816678527095577
0.0222252698884665265547369109188531447669195150061466274527724775    0.4008153013138596117693121314038201255464299615243738663078312192
0.0219828660854793861795549688991706508088078710897418203664800131    0.4229204534192644388475065234826074746593191930558944885723960231
0.0217275255909931106873051787098623037031252537812182473432456002    0.4447767211697226217818454170851231646317701276852166055431652704
0.0214593986702792053899815981960849728402714446327783023202741511    0.4663712423755613514331868848703042834594728224518603657100248823
0.0211786431132908609128810387029260042040769959140361221506759672    0.4876913088822746111853066059407826829164825101061495822112932973
0.0208854241418053114099900246835856705071470797173782325537543830    0.5087243740491428186199463298589045045822716740457172812984053329
0.0205799143121926659481855170847648569526363582054864634786876030    0.5294580601328034000099406164619683060253745439424400431349177293
0.0202622934138684383171044230810223827275921022900691432688640224    0.5498801655714271702189358051756269296683481057298844907321061143
0.0199327483634895420897066753878508703129144431799556590425800431    0.5699786721652138894754095733396391247032074783282650798659329619
0.0195914730949560245802839872155952275429226834715338567984701728    0.5897417521489813916767843870079227916921851314264232695044332627
0.0192386684452832840851994922024082473151183965695885804568036467    0.6091577751526861909563305829874605873732023731092439748705035782
0.0188745420364119481816175921688661253999267685127887674189556960    0.6282153150457794374886894738067777671966855085390038616148033085
0.0184993081530249857277919185178007135435394644633849973006542656    0.6469031566613704719753372780481673040030258468431296028315778822
0.0181131876164439805039997838122040665324397373403361876344073011    0.6652103023962409818802201668778447351400353364962265006885599687
0.0177164076546788092697020318096254109697714523083126758399977823    0.6831259786828258512462247569950904632164568276792097603650589395
0.0173092017687072407312935964443675256725954993953592339639646843    0.7006396423293521790044710158406750333514217865572494755906969155
0.0168918095950632041775262088193378202339043771936861553672522512    0.7177409867244055767721220334611605788819197576248005503942377151
0.0164644767648146674671691896398774424747795211399035453424029774    0.7344199479022727047791516402740907761282845702239198669099739923
0.0160274547590142144364039504646060919692181312650354536943098661    0.7506667104654910227632367685768692969226786276710074353706282673
0.0155810007607075234158812875575348452901685568525436620165005638    0.7664717133611208816717785303088034945801110423266459727059089473
0.0151253775035870246904034327705204228855036583739932426567352544    0.7818256555073413245387499915820347644529587832135452124041260139
0.0146608531173800609710410274928110792616440171231182396328164168    0.7967195012670592680339606389904577303899597991543238153151878879
0.0141877009700629004193172309377068830751027206868139844881464499    0.8111444857653120742087716709612903886470325822604964070950521289
0.0137061995069939712440605632344544666048588860471663459575303818    0.8250921200473358809210133285304246706164472106826832244429373673
0.0132166320870617242314823873450692951815887221394411193433508226    0.8385541960742664442975407015577092772679729519454402245702835811
0.0127192868159446234650990363300537920880551111633052498926885001    0.8515227915535356930243825810021913283557688355511041562515659272
0.0122144563765829794162211059142041565310607697946120917342473210    0.8639902746011257878940215647000867881098958824700105098791215514
0.0117024378569647781857464368337673187412528715211375012885828951    0.8759493082329433892035216766229836430947291592848421684466187965
0.0111835325753305049735380697538038923395519278209491475369705482    0.8873928546826803665034968228379885007223201661852982922340264616
0.0106580459029055185304204093001064777736007522929178365700748248    0.8983141795436338850435985401593960573171600086448429075440268969
0.0101262870842733548093160774580089213933992260660091833515173853    0.9087068557320696331245538810483911053816108577766808423313095024
0.0095885690555104190787301294509920649764360162942073500761357331    0.9185647672698286252225114993018328388800326666389783005249830241
0.0090452082602137316404219313818895368833929385020380373825113853    0.9278821128840036204317295657053061367588743150544431209423737408
0.0084965244635723279730542832506053314345286738118242521447670754    0.9366534094216514605284616353608831395818632716068531480435867563
0.0079428405646668029041114107831962372394875414834338219997333371    0.9448734950776734726784763992682630781972502898356489033466246095
0.0073844824072454014447165055697969179419739971264192870292175813    0.9525375324342090471027731568066468560114897535009091860415057852
0.0068217785893519121070498527768760929670280649911080136457463389    0.9596410113101918904168119052145655187002210646308189351643602593
0.0062550602724461408889348709585437337399684520845465859939035289    0.9661797514202097197778763204721932843152208066528978282072916124
0.0056846609912469045788016012202718980024799819163322807483833942    0.9721499048427034297274162756276465506706365791203800369568680551
0.0051109164669246267289761565765659522687758121624731257058806407    0.9775479582993672474447813995292003947396999396855050336894313092
0.0045341644298525434513226874954432767081123635058738785670924278    0.9823707352517413115507418301659058224750642953763848906536489061
0.0039547444682113562172392974765374910029086201105293147577431795    0.9866153978313475022005761301581537648051786280343046901881613232
0.0033729979506246246117755709287647264309861067762885823625664022    0.9902794486488178389207688538716407140711238778503678384714147251
0.0027892681877797554940944677056525877356230973751271324566401338    0.9933607326210712814854011261498483651234906513384103490583177935
0.0022039015180966937075786419741041170940094925412107458510446504    0.9958574393142831982149111358812085541762835870326185343864303871
0.0016172530556785534682413679271005790897928649124922755246059863    0.9977681080525852721429460287999595163594099732681339871199923426
0.0010297284461962239446327351931438881331239092025951128449616303    0.9990916504696409986514388848622432324714063824565156469768879174
0.0004424679418293929692366800571660351525698959471582224218955759    0.9998275818477487191077440734693592762451793795460714485797684469
