0.0004564572610958666279193651926491053880395345906626328002570112    -0.9998221304153061462673511645734156433020310722775908541724699242
0.0010622766869538486959652359853209318834960705461583465531006728    -0.9990629343553118951383158831953436817350200113479273617070264379
0.0016683488125171936761028862914749571932491089090366952419950748    -0.9976975661898046210744170248983493516828678492533727536605095827
0.0022734860707492547802810840776365740139565664210726957472267034    -0.9957265513520272266354333703954437458311841881972437514678209758
0.0028772587656289004082883197513548010822751129506347680070290280    -0.9931510492545171473611307948678825352298216997806996807755942346
0.0034792893810051465908910894100252089115977041856894777159462231    -0.9899726145914841576077866996736974276251702845873832271629146239
0.0040792095178254605327114733456870136872340213990321527039283354    -0.9861931740169316667104383317538749850969136945874979052621862904
0.0046766539777779034772638165662550324208358847485895308491906012    -0.9818150208038141100334631245119764095369334112257680394557277960
0.0052712596565634400891303815906261879242789600770989813398773142    -0.9768408123430703268174439188622031975459387970697558661227731768
0.0058626653903523901033648343751369365553197774864433374811204467    -0.9712735681615291922889468983051178948239390726685087751197103996
0.0064505120486899171845442463868748451170749959925586664682933786    -0.9651166679452921210908250770339129606236728581046955109919203609
0.0070344427036681608755685893032552542887770262685240754483235738    -0.9583738494252387711491028699806021928629858211419614444912880141
0.0076141028256526859356393930849227177431280918033410685419896783    -0.9510492060778803105479076465963590527782864128046340375408861004
0.0081891404887415730817235884718725973908422620279899044800054361    -0.9431471846248148273454496302620099766155752846624781581091092373
0.0087592065795403145773316804234385293207573945934601307418567674    -0.9346725823247379685736348779490573339997437390266014134716621768
0.0093239550065309714787536985834028584042451488932855564383098098    -0.9256305440562338491274646681425916607726284461787998649886725584
0.0098830429087554914716648010899606329752877853915283046165181680    -0.9160265591914658093130886174171593946385524166804603056033728768
0.0104361308631410052256731719976676203065650703725966765648604317    -0.9058664582618213828024613176028155789940895923302655382451809817
0.0109828830900689757887996573760648573908310193290173418885788830    -0.8951564094170837089690438264245106627607764857233652002641571302
0.0115229676569210871548116097345104806064071004437227709780087483    -0.8839029146800265699452579480284895550866798420465256376592084594
0.0120560566794008481835295621446965950045878401661478238398393142    -0.8721128059985607114196375342886425061016633979395124387154341411
0.0125818265204650131015143654241717744625585944453406038024074560    -0.8597932410977408098120313441448261832682211192743547233152534737
0.0130999579867186274261726819124990579246482028518349076992163191    -0.8469516991340975984533393108543674510180538879076480943822274038
0.0136101365221392499060342375337585964167943635534615515594846448    -0.8335959761548995143795571648012275021042539801415694052496085859
0.0141120523990033957740441616336134497354953513529243373578902696    -0.8197341803650786741551191016746973849439050721465747253812307427
0.0146054009058934183517372880789524054799638238111324830094504488    -0.8053747272046802146665607940464422592857445104636393505420128480
0.0150898825326669229926357339814305318322923793419954490823429411    -0.7905263342398137999454499525274013396006638573624708668010114028
0.0155652031522739550985325902629746981713073107321681063566245140    -0.7751980158702023824449627635456576292851542803871592914234213240
0.0160310741993099418022541518427625631532780079109995164258818518    -0.7593990778565366715566636665981005828941180414686663847481625455
0.0164872128451948793993460603581457978011090892098968159424502594    -0.7431391116709545129205668899759490013454321801438024813611784725
0.0169333421698716545458788152952004932684594705119143280631405817    -0.7264279886740726855356929015327022769476639445143936033809967151
0.0173691913299187319221647212503504568695840248798742507195955919    -0.7092758541221045609994446390675733499941092154841357159805823864
0.0177944957229747742310279129003505454727122795713144861539735086    -0.6916931210077006701564414328666620846275334718361780395936101565
0.0182089971483751064687214691544785965168249150255722112116253439    -0.6736904637382504853466825383160187049199478747308963349404565722
0.0186124439639023104294404198989576610564474919053046369539817680    -0.6552788116554826302767650515685236564264369931666351788384990920
0.0190045912385556466111489010445332311108430755224211598319945365    -0.6364693424002972413476081568417521979250162957275931215894959858
0.0193852009012464546281126234894706952313197470313435021648435399    -0.6172734751268582838576391634082226599809202745965136208196544304
0.0197540418853291830818152173231693300856280844340356779900222439    -0.5977028635700652293844120188747764346898926898150901588886217517
0.0201108902688802472256446239562865536324802296112868240413344965    -0.5777693889706125800032516571376446719604682947176748647751300578
0.0204555294106395082794970657133009660250162576318906998519052577    -0.5574851528619322329218619068787225221093402002516632943953780939
0.0207877500815318118126521372912498768091523158915627726741399204    -0.5368624697233975674581663635345232806808595025082549435126436582
0.0211073505916887136435238479216577331335439231969869567698617220    -0.5159138595042493572772772990666206640540511699087835364613598996
0.0214141369128932592954496932335446314018404241150609825852841762    -0.4946520400227821173949401736863628088356458982512813858239353477
0.0217079227963734660523013246953306345569534306059839259636792061    -0.4730899192454052416450998993969859865370540827360523790665144577
0.0219885298858729837564784097588071379720777713619471014891765743    -0.4512405874502662273318985802072905951620429913076571385679518018
0.0222557878259302802356314164601582744074272226196791694335700823    -0.4291173092801933762625440535541761070655091706696786585066523275
0.0225095343653006080856944299030498158985665933999551840767416756    -0.4067335156897825634086728812433911458542281137154091234997294458
0.0227496154554579598522425532409822637256872513816038681863100988    -0.3841027957915169357790778145223866519254985106579021763777972278
0.0229758853441172067543774378389470370140749192373097541551244801    -0.3612388886058697060709248434672283027773325965530344085554855650
0.0231882066637196402499225829817294384961142285151702979360856915    -0.3381556747203985013760002765709534688710385315152839639525960359
0.0233864505148281941707220434969500978674443075594520620141054947    -0.3148671678628949814860147537488979579377028199558562471167993524
0.0235704965443817160500336768443058244592725216799277886076871688    -0.2913875063937056207945187528456776809838994128763164848032984238
0.0237402330187607777777147267034238027165615388395058291216441695    -0.2677309447223886208883435202793763702815480304857143723846191173
0.0238955568916206659838644817541721381995681461488826952430220188    -0.2439118446539178579707132445313776176237811530536521035939026952
0.0240363738664503696751320860264563086951335071968077384404722021    -0.2199446666696875424545233786694024923655803115539194034847333693
0.0241625984538195847165229177109862250303088812879136506293269803    -0.1958439611486108515042816251961033050714380773095325824686738011
0.0242741540232789798331950639367483074153919106561273750004289111    -0.1716243595336421650083449224895391008766947364562628502160958685
0.0243709728498822149528135619072410621710149340833970335193618572    -0.1473005654490856693893292931980660603392923902238401589829471988
0.0244529961553014679561401984715287363034954352053271586003829420    -0.1228873457740829717260336528856685660478852255407869458615118353
0.0245201741435115082751830332901746629561066190308398444563176130    -0.0983995216776989707510917515091009028531525915248120413390352143
0.0245724660310206532863541373351861637890108469042261656696866534    -0.0738519596210485452734404093605689336199334476335972244235550084
0.0246098400716302540925456340033600065529070113719256408787260884    -0.0492595623319266303153793218219269279234667357470333052090532426
0.0246322735757076790660333702180172962507298029241089480586746970    -0.0246372597574209446148970718460882236008575243362347174634896128
0.0246397529239610944195794174775027646441345617099911396515368065    0.0000000000000000000000000000000000000000000000000000000000000000
0.0246322735757076790660333702180172962507298029241089480586746970    0.0246372597574209446148970718460882236008575243362347174634896128
0.0246098400716302540925456340033600065529070113719256408787260884    0.0492595623319266303153793218219269279234667357470333052090532426
0.0245724660310206532863541373351861637890108469042261656696866534    0.0738519596210485452734404093605689336199334476335972244235550084
0.0245201741435115082751830332901746629561066190308398444563176130    0.0983995216776989707510917515091009028531525915248120413390352143
0.0244529961553014679561401984715287363034954352053271586003829420    0.1228873457740829717260336528856685660478852255407869458615118353
0.0243709728498822149528135619072410621710149340833970335193618572    0.1473005654490856693893292931980660603392923902238401589829471988
0.0242741540232789798331950639367483074153919106561273750004289111    0.1716243595336421650083449224895391008766947364562628502160958685
0.0241625984538195847165229177109862250303088812879136506293269803    0.1958439611486108515042816251961033050714380773095325824686738011
0.0240363738664503696751320860264563086951335071968077384404722021    0.2199446666696875424545233786694024923655803115539194034847333693
0.0238955568916206659838644817541721381995681461488826952430220188    0.2439118446539178579707132445313776176237811530536521035939026952
0.0237402330187607777777147267034238027165615388395058291216441695    0.2677309447223886208883435202793763702815480304857143723846191173
0.0235704965443817160500336768443058244592725216799277886076871688    0.2913875063937056207945187528456776809838994128763164848032984238
0.0233864505148281941707220434969500978674443075594520620141054947    0.3148671678628949814860147537488979579377028199558562471167993524
0.0231882066637196402499225829817294384961142285151702979360856915    0.3381556747203985013760002765709534688710385315152839639525960359
0.0229758853441172067543774378389470370140749192373097541551244801    0.3612388886058697060709248434672283027773325965530344085554855650
0.0227496154554579598522425532409822637256872513816038681863100988    0.3841027957915169357790778145223866519254985106579021763777972278
0.0225095343653006080856944299030498158985665933999551840767416756    0.4067335156897825634086728812433911458542281137154091234997294458
0.0222557878259302802356314164601582744074272226196791694335700823    0.4291173092801933762625440535541761070655091706696786585066523275
0.0219885298858729837564784097588071379720777713619471014891765743    0.4512405874502662273318985802072905951620429913076571385679518018
0.0217079227963734660523013246953306345569534306059839259636792061    0.4730899192454052416450998993969859865370540827360523790665144577
0.0214141369128932592954496932335446314018404241150609825852841762    0.4946520400227821173949401736863628088356458982512813858239353477
0.0211073505916887136435238479216577331335439231969869567698617220    0.5159138595042493572772772990666206640540511699087835364613598996
0.0207877500815318118126521372912498768091523158915627726741399204    0.5368624697233975674581663635345232806808595025082549435126436582
0.0204555294106395082794970657133009660250162576318906998519052577    0.5574851528619322329218619068787225221093402002516632943953780939
0.0201108902688802472256446239562865536324802296112868240413344965    0.5777693889706125800032516571376446719604682947176748647751300578
0.0197540418853291830818152173231693300856280844340356779900222439    0.5977028635700652293844120188747764346898926898150901588886217517
0.0193852009012464546281126234894706952313197470313435021648435399    0.6172734751268582838576391634082226599809202745965136208196544304
0.0190045912385556466111489010445332311108430755224211598319945365    0.6364693424002972413476081568417521979250162957275931215894959858
0.0186124439639023104294404198989576610564474919053046369539817680    0.6552788116554826302767650515685236564264369931666351788384990920
0.0182089971483751064687214691544785965168249150255722112116253439    0.6736904637382504853466825383160187049199478747308963349404565722
0.0177944957229747742310279129003505454727122795713144861539735086    0.6916931210077006701564414328666620846275334718361780395936101565
0.0173691913299187319221647212503504568695840248798742507195955919    0.7092758541221045609994446390675733499941092154841357159805823864
0.0169333421698716545458788152952004932684594705119143280631405817    0.7264279886740726855356929015327022769476639445143936033809967151
0.0164872128451948793993460603581457978011090892098968159424502594    0.7431391116709545129205668899759490013454321801438024813611784725
0.0160310741993099418022541518427625631532780079109995164258818518    0.7593990778565366715566636665981005828941180414686663847481625455
0.0155652031522739550985325902629746981713073107321681063566245140    0.7751980158702023824449627635456576292851542803871592914234213240
0.0150898825326669229926357339814305318322923793419954490823429411    0.7905263342398137999454499525274013396006638573624708668010114028
0.0146054009058934183517372880789524054799638238111324830094504488    0.8053747272046802146665607940464422592857445104636393505420128480
0.0141120523990033957740441616336134497354953513529243373578902696    0.8197341803650786741551191016746973849439050721465747253812307427
0.0136101365221392499060342375337585964167943635534615515594846448    0.8335959761548995143795571648012275021042539801415694052496085859
0.0130999579867186274261726819124990579246482028518349076992163191    0.8469516991340975984533393108543674510180538879076480943822274038
0.0125818265204650131015143654241717744625585944453406038024074560    0.8597932410977408098120313441448261832682211192743547233152534737
0.0120560566794008481835295621446965950045878401661478238398393142    0.8721128059985607114196375342886425061016633979395124387154341411
0.0115229676569210871548116097345104806064071004437227709780087483    0.8839029146800265699452579480284895550866798420465256376592084594
0.0109828830900689757887996573760648573908310193290173418885788830    0.8951564094170837089690438264245106627607764857233652002641571302
0.0104361308631410052256731719976676203065650703725966765648604317    0.9058664582618213828024613176028155789940895923302655382451809817
0.0098830429087554914716648010899606329752877853915283046165181680    0.9160265591914658093130886174171593946385524166804603056033728768
0.0093239550065309714787536985834028584042451488932855564383098098    0.9256305440562338491274646681425916607726284461787998649886725584
0.0087592065795403145773316804234385293207573945934601307418567674    0.9346725823247379685736348779490573339997437390266014134716621768
0.0081891404887415730817235884718725973908422620279899044800054361    0.9431471846248148273454496302620099766155752846624781581091092373
0.0076141028256526859356393930849227177431280918033410685419896783    0.9510492060778803105479076465963590527782864128046340375408861004
0.0070344427036681608755685893032552542887770262685240754483235738    0.9583738494252387711491028699806021928629858211419614444912880141
0.0064505120486899171845442463868748451170749959925586664682933786    0.9651166679452921210908250770339129606236728581046955109919203609
0.0058626653903523901033648343751369365553197774864433374811204467    0.9712735681615291922889468983051178948239390726685087751197103996
0.0052712596565634400891303815906261879242789600770989813398773142    0.9768408123430703268174439188622031975459387970697558661227731768
0.0046766539777779034772638165662550324208358847485895308491906012    0.9818150208038141100334631245119764095369334112257680394557277960
0.0040792095178254605327114733456870136872340213990321527039283354    0.9861931740169316667104383317538749850969136945874979052621862904
0.0034792893810051465908910894100252089115977041856894777159462231    0.9899726145914841576077866996736974276251702845873832271629146239
0.0028772587656289004082883197513548010822751129506347680070290280    0.9931510492545171473611307948678825352298216997806996807755942346
0.0022734860707492547802810840776365740139565664210726957472267034    0.9957265513520272266354333703954437458311841881972437514678209758
0.0016683488125171936761028862914749571932491089090366952419950748    0.9976975661898046210744170248983493516828678492533727536605095827
0.0010622766869538486959652359853209318834960705461583465531006728    0.9990629343553118951383158831953436817350200113479273617070264379
0.0004564572610958666279193651926491053880395345906626328002570112    0.9998221304153061462673511645734156433020310722775908541724699242
