0.0006303044261234539857734091135700136821193090559431849654266926    -0.9997543838994397675715263689225498968806063641606321646886634122
0.0014667159325723224971053824844761273430030968302288013330201787    -0.9987060895484798254156120431803780268717104129662048661364935010
0.0023031374081837722563928744717590069844215231560763084016935375    -0.9968210500492203610238045889478374405365634262790486598853069161
0.0031377358139347461965486482456423638789024576759104439855149920    -0.9941004265723660856399743400929730018320028274279101828595803652
0.0039697254241071436315171128931226645421945005679000958682996734    -0.9905464485172708817299943005660771983004265131210949485925968292
0.0047983936164099499007110031594306965471281374825690408010934095    -0.9861620829852558444367068198499456191610839323986794635132931202
0.0056230416838569983699598469017618821041852410760179849512260397    -0.9809510013874645422370332573282036621646561729532827267371795760
0.0064429769408025396017749374267412269393272337912110994949417405    -0.9749175706060934075585465092331271141851903609769372686773661530
0.0072575114688689495020879914824114648832803675688233777064682932    -0.9680668478021075711841252593443893210619572558170888005175150481
0.0080659621770801555492844382321657606730421484994508619129426996    -0.9604045756662569259526781494797518283031182182341312214310466318
0.0088676511999674012197279074547698091981712945539159102170414312    -0.9519371774066431101784074947589391658357382872980279122025429274
0.0096619063983451348286381034887992276784634476776493249700493785    -0.9426717512773784588675170856977812566779236789085799995521808310
0.0104480618938153352549595411589942071021040227523734602335407086    -0.9326160645865381577942411926412323875653961104741370659948443930
0.0112254586134804077946485121376951785237222202792599091228621703    -0.9217785471633679398210173217365620893418881889291322840522156002
0.0119934448357160750714119576880348035570814424708597040546362711    -0.9101682842797724370646768465824254729779404275324105772158394452
0.0127513767329620001217522713776202186947671785421499837065892418    -0.8977950090272942902689726946188504784430790722267047341011685294
0.0134986189094821098661756769766964007756190538919252232163412235    -0.8846690941536925187302152551205760561163975833682462300874784944
0.0142345449328900756388883343238624044065484389823092485161099849    -0.8708015433647978521255892287728630263921488911782828889877362807
0.0149585378586181349798373585018720073382188623710586582077779751    -0.8562039820983120634593409120113919620408113483206365767320615759
0.0156699907466929028301887012814383295153835163528851649646032326    -0.8408886477769368522321485051696891083825368851711444551589819710
0.0163683071702778976663855157318407559527015289586261930930410730    -0.8248683795488012042434386224639798648858991035646912217780663474
0.0170529017154960853958311799991316227269286736759762875831341116    -0.8081566075236672345191132548923094601154904357473661091924355544
0.0177232004720782860811615288128348512600041575522126798832205045    -0.7907673415138637310804485835966996462036215601625385102036924131
0.0183786415144050807475009223103430384428378034665011259037992108    -0.7727151592893392459162050033458717803543267578498222557451912665
0.0190186753725260278328908944266016899259052475842894503945371497    -0.7540151943566505238224173363061054524949489268020342743338883806
0.0196427654927532028441191609220775856493246910962302424949157927    -0.7346831232721114728084892362648635508550020161980380999711446772
0.0202503886874377246629344769150108143674309672837891834484891632    -0.7147351524997249509120272470229041953547573754069304846576736703
0.0208410355735488028865231157763343462529706027304878860006536181    -0.6941880048249055022747662354334931245211502306644399242595466642
0.0214142109996853674729343626887828111727293840666935054606591014    -0.6730589053353763612564153966199493811357235824927816689797187327
0.0219694344611607733268116591169040733083621736744148067752235414    -0.6513655669809887656203607102344962644864245327841778547519389043
0.0225062405028115520999151499671452062289211846229604697643263329    -0.6291261757245658955604140800313202961453330430227678745727715890
0.0230241791091917949044288748869734088116383786665990590289433582    -0.6063593752962174907443909883658269995589024972333048988145008929
0.0235228160818255408635104766359199015577689849091771124517727703    -0.5830842515639042345836325824292959962259457776410113292394634927
0.0240017334032005441261575956430727515931057411992531701190174783    -0.5593203165333531390885485264732855341581802123151171962452894534
0.0244605295871980097200469779016275112253725628081212622240305889    -0.5350874919907362008283617857132253732313993773718782727925617468
0.0248988200156643317628699275911457034945555444703297194944081130    -0.5104060928018243054174833430125643118748264355598815977097664716
0.0253162372608425362047491920719985533642242932028998122008784741    -0.4852968098816165088000099288911463891241286820092345720437139497
0.0257124313933930211067209536295101433253834125129575675103433176    -0.4597806928487211943245743195735656790181326971588524867904513388
0.0260870702757452948581774641531286184648638645866642597219638397    -0.4338791323790299756655056586742852726081548326946423170398154625
0.0264398398405347295195804846576494916835162450909415990182616528    -0.4076138422734773739695888859882241478355963587282595958008504085
0.0267704443538908643688109890082613302185211207215950059388964088    -0.3810068412549190378669082835152848362340057530151880969718909481
0.0270786066633565046641196864007833590087318989540336544341080877    -0.3540804345093884005477508147567394900700296097111509704333326642
0.0273640684302297529640010935637068936527872952115233683861938250    -0.3268571949872059917156628177180495629798722770663748920065549735
0.0276265903461341749708703440929564514112989908996355002721013744    -0.2993599444796169665011095763580110970005755711050163633405938640
0.0278659523336355283510496242317211951190662553330227950198749715    -0.2716117344868206112559905484500796236265790936950457986774063421
0.0280819537307368606106994725565407018872136205371011201017264743    -0.2436358268934304810254398765379452378379791432114592817416800545
0.0282744134590972999314035545785600918661516224363554695344082869    -0.2154556744675652697234898928682603577832114686634711315013417832
0.0284431701758335097565308667919208880927922908377892216324775821    -0.1870949011999183769787303532714366038856693475580360217353154423
0.0285880824087765425770697848728096155546589192209198817194083069    -0.1585772824992882918360699535874863751433407175744119102555600238
0.0287090286750706993642656088254113031447174615212947278359183460    -0.1299267252611722509350343097133966885501747429283345902437085830
0.0288059075830149668908168835436620832221491089023502371481315077    -0.1011672478261320468563481067004206543113587046661223317322673218
0.0288786379170616541280855031623013115011243649198318546473966336    -0.0723229598447332720556994319281183754057237703711268904433798098
0.0289271587059009692750640955296453070014221002851072246795376588    -0.0434180420659376078932127608256103844992109052892413086441452674
0.0289514292735744589665785702028227951431360144817967594480224698    -0.0144767260658919411909197928303990435774459346213745590524125513
0.0289514292735744589665785702028227951431360144817967594480224698    0.0144767260658919411909197928303990435774459346213745590524125513
0.0289271587059009692750640955296453070014221002851072246795376588    0.0434180420659376078932127608256103844992109052892413086441452674
0.0288786379170616541280855031623013115011243649198318546473966336    0.0723229598447332720556994319281183754057237703711268904433798098
0.0288059075830149668908168835436620832221491089023502371481315077    0.1011672478261320468563481067004206543113587046661223317322673218
0.0287090286750706993642656088254113031447174615212947278359183460    0.1299267252611722509350343097133966885501747429283345902437085830
0.0285880824087765425770697848728096155546589192209198817194083069    0.1585772824992882918360699535874863751433407175744119102555600238
0.0284431701758335097565308667919208880927922908377892216324775821    0.1870949011999183769787303532714366038856693475580360217353154423
0.0282744134590972999314035545785600918661516224363554695344082869    0.2154556744675652697234898928682603577832114686634711315013417832
0.0280819537307368606106994725565407018872136205371011201017264743    0.2436358268934304810254398765379452378379791432114592817416800545
0.0278659523336355283510496242317211951190662553330227950198749715    0.2716117344868206112559905484500796236265790936950457986774063421
0.0276265903461341749708703440929564514112989908996355002721013744    0.2993599444796169665011095763580110970005755711050163633405938640
0.0273640684302297529640010935637068936527872952115233683861938250    0.3268571949872059917156628177180495629798722770663748920065549735
0.0270786066633565046641196864007833590087318989540336544341080877    0.3540804345093884005477508147567394900700296097111509704333326642
0.0267704443538908643688109890082613302185211207215950059388964088    0.3810068412549190378669082835152848362340057530151880969718909481
0.0264398398405347295195804846576494916835162450909415990182616528    0.4076138422734773739695888859882241478355963587282595958008504085
0.0260870702757452948581774641531286184648638645866642597219638397    0.4338791323790299756655056586742852726081548326946423170398154625
0.0257124313933930211067209536295101433253834125129575675103433176    0.4597806928487211943245743195735656790181326971588524867904513388
0.0253162372608425362047491920719985533642242932028998122008784741    0.4852968098816165088000099288911463891241286820092345720437139497
0.0248988200156643317628699275911457034945555444703297194944081130    0.5104060928018243054174833430125643118748264355598815977097664716
0.0244605295871980097200469779016275112253725628081212622240305889    0.5350874919907362008283617857132253732313993773718782727925617468
0.0240017334032005441261575956430727515931057411992531701190174783    0.5593203165333531390885485264732855341581802123151171962452894534
0.0235228160818255408635104766359199015577689849091771124517727703    0.5830842515639042345836325824292959962259457776410113292394634927
0.0230241791091917949044288748869734088116383786665990590289433582    0.6063593752962174907443909883658269995589024972333048988145008929
0.0225062405028115520999151499671452062289211846229604697643263329    0.6291261757245658955604140800313202961453330430227678745727715890
0.0219694344611607733268116591169040733083621736744148067752235414    0.6513655669809887656203607102344962644864245327841778547519389043
0.0214142109996853674729343626887828111727293840666935054606591014    0.6730589053353763612564153966199493811357235824927816689797187327
0.0208410355735488028865231157763343462529706027304878860006536181    0.6941880048249055022747662354334931245211502306644399242595466642
0.0202503886874377246629344769150108143674309672837891834484891632    0.7147351524997249509120272470229041953547573754069304846576736703
0.0196427654927532028441191609220775856493246910962302424949157927    0.7346831232721114728084892362648635508550020161980380999711446772
0.0190186753725260278328908944266016899259052475842894503945371497    0.7540151943566505238224173363061054524949489268020342743338883806
0.0183786415144050807475009223103430384428378034665011259037992108    0.7727151592893392459162050033458717803543267578498222557451912665
0.0177232004720782860811615288128348512600041575522126798832205045    0.7907673415138637310804485835966996462036215601625385102036924131
0.0170529017154960853958311799991316227269286736759762875831341116    0.8081566075236672345191132548923094601154904357473661091924355544
0.0163683071702778976663855157318407559527015289586261930930410730    0.8248683795488012042434386224639798648858991035646912217780663474
0.0156699907466929028301887012814383295153835163528851649646032326    0.8408886477769368522321485051696891083825368851711444551589819710
0.0149585378586181349798373585018720073382188623710586582077779751    0.8562039820983120634593409120113919620408113483206365767320615759
0.0142345449328900756388883343238624044065484389823092485161099849    0.8708015433647978521255892287728630263921488911782828889877362807
0.0134986189094821098661756769766964007756190538919252232163412235    0.8846690941536925187302152551205760561163975833682462300874784944
0.0127513767329620001217522713776202186947671785421499837065892418    0.8977950090272942902689726946188504784430790722267047341011685294
0.0119934448357160750714119576880348035570814424708597040546362711    0.9101682842797724370646768465824254729779404275324105772158394452
0.0112254586134804077946485121376951785237222202792599091228621703    0.9217785471633679398210173217365620893418881889291322840522156002
0.0104480618938153352549595411589942071021040227523734602335407086    0.9326160645865381577942411926412323875653961104741370659948443930
0.0096619063983451348286381034887992276784634476776493249700493785    0.9426717512773784588675170856977812566779236789085799995521808310
0.0088676511999674012197279074547698091981712945539159102170414312    0.9519371774066431101784074947589391658357382872980279122025429274
0.0080659621770801555492844382321657606730421484994508619129426996    0.9604045756662569259526781494797518283031182182341312214310466318
0.0072575114688689495020879914824114648832803675688233777064682932    0.9680668478021075711841252593443893210619572558170888005175150481
0.0064429769408025396017749374267412269393272337912110994949417405    0.9749175706060934075585465092331271141851903609769372686773661530
0.0056230416838569983699598469017618821041852410760179849512260397    0.9809510013874645422370332573282036621646561729532827267371795760
0.0047983936164099499007110031594306965471281374825690408010934095    0.9861620829852558444367068198499456191610839323986794635132931202
0.0039697254241071436315171128931226645421945005679000958682996734    0.9905464485172708817299943005660771983004265131210949485925968292
0.0031377358139347461965486482456423638789024576759104439855149920    0.9941004265723660856399743400929730018320028274279101828595803652
0.0023031374081837722563928744717590069844215231560763084016935375    0.9968210500492203610238045889478374405365634262790486598853069161
0.0014667159325723224971053824844761273430030968302288013330201787    0.9987060895484798254156120431803780268717104129662048661364935010
0.0006303044261234539857734091135700136821193090559431849654266926    0.9997543838994397675715263689225498968806063641606321646886634122
