0.0006926682970719545911044512473624288486643961431154995519212850    -0.9997300809445724859641954750063278764624066594410803308394853412
0.0016117806581439126830128853198316362178424414061691694065946998    -0.9985780856946574055890783209165770134387365574993072769398552000
0.0025307703603569515186385067346083375655810649254232628752469081    -0.9965066718828270495498570931680678249632829998486564333550933550
0.0034475469052730769534790580984434147090686531228415019901494152    -0.9935172872581345972280052894428060489020121822489211664877055188
0.0043611711119913970651813537095329514226695723177618314254237407    -0.9896126294038798804385567402808090558646414013299373157531738598
0.0052707846396477091700673477330662267453885427561618090286142018    -0.9847962820681036253186754520116262378754553335918230524974194367
0.0061755450752270700353998658470110683169137938090445076966199447    -0.9790726778979437176614490710285207560109673061378264328332161567
0.0070746173904721224278363430131077816408246607167040037641657077    -0.9724470880245821675753112534601248254538553951887334525132201508
0.0079671726947187438058230869852010517435165966765789872298356634    -0.9649256155239889331095508239546997504770755646908933352204745977
0.0088523884307968403804266129887050173703784208652660662097049652    -0.9565151892344075710778658997931094637181521590590721192794282652
0.0097294489409874857568058982749331145604417084094634425096147151    -0.9472235571551710729733790830518824716538408761876992707196024934
0.0105975461442792581782494219543456333098443911228624997062046976    -0.9370592792134927876432877739530770119520284645825693227608365446
0.0114558802489912080985886776375623426216350083347792345437245366    -0.9260317193329335557135395305007057261246193575884292112251250417
0.0123036604747484426487145333433470732634607717954370365402288902    -0.9141510367833075173390087440328758108193495444203050005177200028
0.0131401057735919193486607023550565348628966334638534209820044849    -0.9014281768085080184169733250443973849418802193057221741588108804
0.0139644455456180414563067304016155909649179593894182127445725247    -0.8878748605356954184514398633142545648996228130691680932514126235
0.0147759203467378001609390867272688186561167024342295864900829972    -0.8735035741726346836837967445854780069565277512155763051245132691
0.0155737825870749353071138536657919020273472923895823458365112049    -0.8583275575018533173738148318139397045846460252514242730821576943
0.0163572972189461426653227964262804349869950041584016334183574877    -0.8423607916815327436373789010575611969085377958532749299122240426
0.0171257424135733105698844852864826460505957349884776531887968082    -0.8256179863639881506006253657994215084293499090315599223200982684
0.0178784102257866706543138970612923170213264012598193810488794404    -0.8081145661433819553296219362655316712876154419436415951847134570
0.0186146072460401188844439878250549367695006652566033009346426761    -0.7898666563450233531798116615845515311745883485609849284539164644
0.0193336552390993894148446539009272644165860361507145920433454369    -0.7708910681692641239209199028020430877571919532774843425627558487
0.0200348917687915436721011115265469491418654255049128748776485087    -0.7512052832036256157496555049343728525621518140144680457541320609
0.0207176708082260040995602258727763086149893394103519179828680654    -0.7308274373173921306260434655082258872385784153493870070584735586
0.0213813633349160257323290399108216974323292154320134933535524921    -0.7097763039534861933449921909701356889795406616259502890218415675
0.0220253579102466087410114846599562898188850930699217869506602684    -0.6880712768330036519569049583044864491977127624550620321212652057
0.0226490612427512584053986586154972538715591118093534779366280034    -0.6657323520883323172581810343288951397435660933141628146303778159
0.0232518987346761686487973967693238362972772737189229002353788475    -0.6427801098413073517476067964283732629762641577898995597697786990
0.0238333150113266093082785020687161136597304188243925919466341879    -0.6192356952433699508196347548094568109982329932519956347402778336
0.0243927744327066885104605744820950174873695044614956537872969093    -0.5951207989951929031457563300166049698586550861767820176879437327
0.0249297615869803262378379803489665224354406109166436988854741022    -0.5704576373637171386816713053247746616916694866229751284510310934
0.0254437817652982606298732439455136476767677478932367902244955443    -0.5452689317150070719127832415455065304426716688593510739720019346
0.0259343614175532383919873847302061930589176581749671076802197121    -0.5195778875817790907405037903209638965605101665288824532190370122
0.0264010485886432239746506815724722413783071257201730584373368392    -0.4934081732848865779565799988176429412615777783892501286438094565
0.0268434133348404988733875119911722456441302827203976003316407925    -0.4667838981284560285197952253254145216626088220319137511670543714
0.0272610481198829065363130298586702547461268265412766550605940345    -0.4397295901887617910227021425613105840442560388901651033808398458
0.0276535681904222201131061725958151800066477634952190236242214257    -0.4122701737173013730237647504701475125696208553026509242446772446
0.0280206119304836571781989720250498106111978790542863210790590882    -0.3844309461788887757610222787299114939225789808876483993479369590
0.0283618411946099233305599652755771724250630565227216235115394506    -0.3562375549459196460193048870650748714925959148804046897232243838
0.0286769416193828196324320132145832941400733154775071922484582908    -0.3277159736702788484217683338022381917543314484087214496289370812
0.0289656229130353806649282913921191466701481272829380845416742013    -0.2988924783546580830666115353040111061498839141218949354132385186
0.0292276191228877032930993958280239153428623728696202607486161164    -0.2697936231453281310513783340036101114886475466893943316037994247
0.0294626888803600632298706344702059882847095664719398792024850403    -0.2404462158686669513881992970517758245886712206839954891028391996
0.0296706156233375789033672576014815172261294138238333094726207306    -0.2108772933339809425301210569888741880122397296577690841046760158
0.0298512077956815513384497176259599098875571849992647899325221514    -0.1811140964253720040691261259846136250043357954676892219265343783
0.0300042990237036658330402763943814181255071306012562573196338866    -0.1511840450055973917804128955671263427584824034139239276519904998
0.0301297482694404669638524237104597972869178594646386172175475873    -0.1211147126550425737819431963218771320311444207233363068672418643
0.0302274399605868935036849660949360621056853004566152032896194930    -0.0909338012690792081481255974725601844562761507923926501565914542
0.0302972840969691646047950093023678839796630855340132282158055246    -0.0606691155372108333390693881238819157794000327502810623839171726
0.0303392163334589233826309406650275830036905439638079135398688743    -0.0303485373275177724047542840183400206089081420026293134359084557
0.0303531980392522489816778018288964510958786277831394184013147990    0.0000000000000000000000000000000000000000000000000000000000000000
0.0303392163334589233826309406650275830036905439638079135398688743    0.0303485373275177724047542840183400206089081420026293134359084557
0.0302972840969691646047950093023678839796630855340132282158055246    0.0606691155372108333390693881238819157794000327502810623839171726
0.0302274399605868935036849660949360621056853004566152032896194930    0.0909338012690792081481255974725601844562761507923926501565914542
0.0301297482694404669638524237104597972869178594646386172175475873    0.1211147126550425737819431963218771320311444207233363068672418643
0.0300042990237036658330402763943814181255071306012562573196338866    0.1511840450055973917804128955671263427584824034139239276519904998
0.0298512077956815513384497176259599098875571849992647899325221514    0.1811140964253720040691261259846136250043357954676892219265343783
0.0296706156233375789033672576014815172261294138238333094726207306    0.2108772933339809425301210569888741880122397296577690841046760158
0.0294626888803600632298706344702059882847095664719398792024850403    0.2404462158686669513881992970517758245886712206839954891028391996
0.0292276191228877032930993958280239153428623728696202607486161164    0.2697936231453281310513783340036101114886475466893943316037994247
0.0289656229130353806649282913921191466701481272829380845416742013    0.2988924783546580830666115353040111061498839141218949354132385186
0.0286769416193828196324320132145832941400733154775071922484582908    0.3277159736702788484217683338022381917543314484087214496289370812
0.0283618411946099233305599652755771724250630565227216235115394506    0.3562375549459196460193048870650748714925959148804046897232243838
0.0280206119304836571781989720250498106111978790542863210790590882    0.3844309461788887757610222787299114939225789808876483993479369590
0.0276535681904222201131061725958151800066477634952190236242214257    0.4122701737173013730237647504701475125696208553026509242446772446
0.0272610481198829065363130298586702547461268265412766550605940345    0.4397295901887617910227021425613105840442560388901651033808398458
0.0268434133348404988733875119911722456441302827203976003316407925    0.4667838981284560285197952253254145216626088220319137511670543714
0.0264010485886432239746506815724722413783071257201730584373368392    0.4934081732848865779565799988176429412615777783892501286438094565
0.0259343614175532383919873847302061930589176581749671076802197121    0.5195778875817790907405037903209638965605101665288824532190370122
0.0254437817652982606298732439455136476767677478932367902244955443    0.5452689317150070719127832415455065304426716688593510739720019346
0.0249297615869803262378379803489665224354406109166436988854741022    0.5704576373637171386816713053247746616916694866229751284510310934
0.0243927744327066885104605744820950174873695044614956537872969093    0.5951207989951929031457563300166049698586550861767820176879437327
0.0238333150113266093082785020687161136597304188243925919466341879    0.6192356952433699508196347548094568109982329932519956347402778336
0.0232518987346761686487973967693238362972772737189229002353788475    0.6427801098413073517476067964283732629762641577898995597697786990
0.0226490612427512584053986586154972538715591118093534779366280034    0.6657323520883323172581810343288951397435660933141628146303778159
0.0220253579102466087410114846599562898188850930699217869506602684    0.6880712768330036519569049583044864491977127624550620321212652057
0.0213813633349160257323290399108216974323292154320134933535524921    0.7097763039534861933449921909701356889795406616259502890218415675
0.0207176708082260040995602258727763086149893394103519179828680654    0.7308274373173921306260434655082258872385784153493870070584735586
0.0200348917687915436721011115265469491418654255049128748776485087    0.7512052832036256157496555049343728525621518140144680457541320609
0.0193336552390993894148446539009272644165860361507145920433454369    0.7708910681692641239209199028020430877571919532774843425627558487
0.0186146072460401188844439878250549367695006652566033009346426761    0.7898666563450233531798116615845515311745883485609849284539164644
0.0178784102257866706543138970612923170213264012598193810488794404    0.8081145661433819553296219362655316712876154419436415951847134570
0.0171257424135733105698844852864826460505957349884776531887968082    0.8256179863639881506006253657994215084293499090315599223200982684
0.0163572972189461426653227964262804349869950041584016334183574877    0.8423607916815327436373789010575611969085377958532749299122240426
0.0155737825870749353071138536657919020273472923895823458365112049    0.8583275575018533173738148318139397045846460252514242730821576943
0.0147759203467378001609390867272688186561167024342295864900829972    0.8735035741726346836837967445854780069565277512155763051245132691
0.0139644455456180414563067304016155909649179593894182127445725247    0.8878748605356954184514398633142545648996228130691680932514126235
0.0131401057735919193486607023550565348628966334638534209820044849    0.9014281768085080184169733250443973849418802193057221741588108804
0.0123036604747484426487145333433470732634607717954370365402288902    0.9141510367833075173390087440328758108193495444203050005177200028
0.0114558802489912080985886776375623426216350083347792345437245366    0.9260317193329335557135395305007057261246193575884292112251250417
0.0105975461442792581782494219543456333098443911228624997062046976    0.9370592792134927876432877739530770119520284645825693227608365446
0.0097294489409874857568058982749331145604417084094634425096147151    0.9472235571551710729733790830518824716538408761876992707196024934
0.0088523884307968403804266129887050173703784208652660662097049652    0.9565151892344075710778658997931094637181521590590721192794282652
0.0079671726947187438058230869852010517435165966765789872298356634    0.9649256155239889331095508239546997504770755646908933352204745977
0.0070746173904721224278363430131077816408246607167040037641657077    0.9724470880245821675753112534601248254538553951887334525132201508
0.0061755450752270700353998658470110683169137938090445076966199447    0.9790726778979437176614490710285207560109673061378264328332161567
0.0052707846396477091700673477330662267453885427561618090286142018    0.9847962820681036253186754520116262378754553335918230524974194367
0.0043611711119913970651813537095329514226695723177618314254237407    0.9896126294038798804385567402808090558646414013299373157531738598
0.0034475469052730769534790580984434147090686531228415019901494152    0.9935172872581345972280052894428060489020121822489211664877055188
0.0025307703603569515186385067346083375655810649254232628752469081    0.9965066718828270495498570931680678249632829998486564333550933550
0.0016117806581439126830128853198316362178424414061691694065946998    0.9985780856946574055890783209165770134387365574993072769398552000
0.0006926682970719545911044512473624288486643961431154995519212850    0.9997300809445724859641954750063278764624066594410803308394853412
