0.0003813086703452981446844226393546780183252446869654211681900614    -0.9998514146020708835491347725080271293254622848814871145720992689
0.0008874263337490361530311460382284274971201902328528160419827737    -0.9992171951531055957807836418345767331910902776954066270438031613
0.0013938437487257549054375137789035656502400274230570689796739383    -0.9980765233160930000525538678637049258450205487874689325126209847
0.0018996194195534280122558697004740483365722371904028374799236710    -0.9964297240741311473545910895272262646475619589206477348243872535
0.0024044447871953032293408248613522695394056655198899766171275767    -0.9942776015362101395266548248404266848030962100511162589479454909
0.0029080546699154531762046811949965728660771731974587408635929671    -0.9916212397231883798548719388432608828291758209322870068286181052
0.0034101912345412088621313206787925016799559508137382963905776428    -0.9884619833251929422199143196220367408417552324944950190545717757
0.0039105989983811463010871395773874612116011751132085369276218153    -0.9848014335355020108263897010056164390565006903350471720619286575
0.0044090238491587265414036677238234011648501320386517615614913051    -0.9806414463124256249822065811166441107149770124728374149319113230
0.0049052128615096621137980259151105748572168601242037159352636742    -0.9759841311300304980274927536081417586882738981972019786009386407
0.0053989143197154494465840492894345651894073376390672537361589759    -0.9708318497885012508832710853101511006128727239283074838848165978
0.0058898778045566918290129542731351858413382886141424892614411699    -0.9651872151639999102617390406770069100172143348194819394798004897
0.0063778543028046619733044236462793838834756141623992283756153628    -0.9590530898585163626779218212909822786168735438027653133928084243
0.0068625963253445377544355015746226627238791167550471440225211814    -0.9524325847352426519714964182179154281975362296293933087225530779
0.0073438580286150898198810554209762749923053967755047541275895698    -0.9453290573338957472380862130583036403856119818327434289978117537
0.0078213953371360674608150760401300120865448152509999040286029634    -0.9377461101639370960614173836184946999796168733533043972907859237
0.0082949660660982006965891366617705454410658507906920920701425587    -0.9296875888751754082192948669490331465345705114305479136386150355
0.0087643300434980884393510462895570748102541341127792335747128222    -0.9211575803059759693329121511182655805751446906581716455272638489
0.0092292492315286685597734419543569637914692263270800131589777034    -0.9121604104096888621609133689473059804771105453273387990341541565
0.0096894878470448660178175029221620236201798245487495597842826260    -0.9027006420601369146322258894302662260108467166437035107632470838
0.0101448124809786510016265887790052649669876391035848103901995267    -0.8927830727371542779408211879379854827998747115271763770999634541
0.0105949922166064763669476338984090648515698116842937421575767096    -0.8824127320932764665020352937516671390475150349581581067779776906
0.0110397987465878907275763148224158473974074410563369860251133354    -0.8715948794027710585378519123974736490111364180224735701725750348
0.0114790064887032654517020109562271353258221636051989237438940954    -0.8603350008942744925039471511410420961748145956612826309753302591
0.0119123927002241375674110251739663254568330020427451125335550211    -0.8486388069683694587073769865916285323668804235901236216267823217
0.0123397375908532639519675803563490298221460757033904740866872409    -0.8365122293015019662647109937142403253068844279969660724732243783
0.0127608244341739645724765298617310505617045645483008579905400741    -0.8239614178376987602524602752728795133448316607069695557644731589
0.0131754396775501769558644030268861202681343038227289791471945632    -0.8109927376696052241466157811161852157545383353285049623043313123
0.0135833730504201177911178346718794934500450232366047598452948555    -0.7976127658104217204117687330655509074068508261726306113520773552
0.0139844176709277053135751547705258999562427625076986902991321059    -0.7838282878583727838488803705991078375474665914203514355806272512
0.0143783701508370293825890056963269291147986795017826921117288188    -0.7696462945553988543687813699933716334079980600747313577990779577
0.0147650306986762201017069934286187403351944922102185751867551769    -0.7550739782418144128567068985419840698477032501571323963898342409
0.0151442032210580942705410741832159253241948859204479049451428505    -0.7401187292087295167917045881786816252174105844150881441563262884
0.0155156954221259729430097298235723498757864632269839544698539713    -0.7247881319500838454419052140668277688794750913778143674939525689
0.0158793189010740761387025754382051632648936199526402287323993776    -0.7090899613161934651022384694342729772520913673305199250149158451
0.0162348892476929207076480669411684409017821681775170561762660463    -0.6930321785707606096751346773303547030891179070781745554490034445
0.0165822261358911798186850838418015380841079872695201705330124300    -0.6766229273533458308668208477121641167970487784120460198203362092
0.0169211534151465109002665884032956557634588553407505141627043465    -0.6598705295493498910492365574021962928728992621378532526712294255
0.0172514991998389252043853256283054864473027023875523208246704473    -0.6427834810695997333989290114355341321888889187959853802023339481
0.0175730959564213577398065162652295826554621862193482794516853420    -0.6253704475416787496042007297966657612743817519101600357122592218
0.0178857805883832018146322774297900358396679638616576737830477247    -0.6076402599151863556158573787273455621182497873614643109452171949
0.0181893945189636981405621181486607616452221171696902745194697481    -0.5896019099831555605103835541432213910587718819318059604789238321
0.0184837837715732144169548030359512583114896038570638794910610297    -0.5712645458218997522830011432595053193970746630416901726693720768
0.0187687990478816173811068607931151047162038721795420529762392068    -0.5526374671516013071009250925096939577559537034202479350391313716
0.0190442958035341251990895212991980012760325533288347990770800379    -0.5337301206199948352538545830376522698810370015157589805203897721
0.0193101343214562334005085433655831403122884352131212882165050568    -0.5145520950115368881021934222367750896078970336087699809412783832
0.0195661797827105318817775470184334712898484143062217089747378691    -0.4951131163844917465219941169207836540723996965325918098370339162
0.0198123023348694733142187825911599583983876276497885041475223874    -0.4754230431383994739339944175126890480228182658795969843691708700
0.0200483771578694140533797887720353689807891930415758856949385101    -0.4554918610144277277599810670873970960451632890846850957685541282
0.0202742845273125267806161356203947511073524919448010026985012008    -0.4353296780311428644092652118093292344272320014633339977090981422
0.0204899098751844790182241179141251053959959535136077769798759774    -0.4149467193582686275843192284330469342187957983229293632985015389
0.0206951438479570827256023801739392575254079874482378126583590621    -0.3943533221310321613402818686322227399505003435009398720651848148
0.0208898823620464467693273436337102601048431195269438233425685593    -0.3735599302077272220991925429214133384421546537769979424800900144
0.0210740266565985055133584148887204235073917838733207233892671626    -0.3525770888731532625117781185858436850470103697426899272397178526
0.0212474833435751524330249590264552509697175713237010225821328731    -0.3314154394906165101403979977608894756033779903101451062765299670
0.0214101644551155768431990174136180355289144433411986412465169128    -0.3100857141052052515387872334706073405473136528838218425264942938
0.0215619874881487838626214891784243481016532867454566183605323518    -0.2885987300010762442396952447387129157855078177295367386674250305
0.0217028754462346719195315439529239879378702843205789987319518505    -0.2669653842155125029314981878734206266211779621703353514070590743
0.0218327568786124477375273892357106736508529152565285033599046058    -0.2451966480125346299076389207895304687061170447542521120933283205
0.0219515659164365751168499021527060536497839539374871140123330985    -0.2233035613188683726112165659894877823434295639496590381013668178
0.0220592423061818802304785280151331118300642501610603762152389964    -0.2012972271250901823854867604945113281852243666777433644725629048
0.0221557314402008718661555604410278913849581871415355168874169284    -0.1791888058547902087112471238585926308257362574993485510680794928
0.0222409843844177793389848195773956181625617201729133251853984560    -0.1569895097046083833189822080865530318263828969598052647771186144
0.0223149579031452629440371676417333847615317881218424131764934989    -0.1347105969580140203903166227395202894753819821708819126551937410
0.0223776144810112110795424051884386649481043351489591542371241473    -0.1123633662757126751256222079253970583495708234867397282474382618
0.0224289223419845038099615741275189539883784012759970998836797339    -0.0899591509655758565052746301966083782982500055680245797290427488
0.0224688554654900939122614565856948963322980653695946883029386867    -0.0675093132349995751043457467717138219802047288194020190461945438
0.0224973935996052326127646669973688379279886117934232091154978013    -0.0450252384286066180715465032534439462490063414398410440973036429
0.0225145222713301475281165341946829965186607747509217236142234499    -0.0225183292542148763367299990905731923708803659214173192953341823
0.0225202327939279640220790308767343177411624107797170244410927640    0.0000000000000000000000000000000000000000000000000000000000000000
0.0225145222713301475281165341946829965186607747509217236142234499    0.0225183292542148763367299990905731923708803659214173192953341823
0.0224973935996052326127646669973688379279886117934232091154978013    0.0450252384286066180715465032534439462490063414398410440973036429
0.0224688554654900939122614565856948963322980653695946883029386867    0.0675093132349995751043457467717138219802047288194020190461945438
0.0224289223419845038099615741275189539883784012759970998836797339    0.0899591509655758565052746301966083782982500055680245797290427488
0.0223776144810112110795424051884386649481043351489591542371241473    0.1123633662757126751256222079253970583495708234867397282474382618
0.0223149579031452629440371676417333847615317881218424131764934989    0.1347105969580140203903166227395202894753819821708819126551937410
0.0222409843844177793389848195773956181625617201729133251853984560    0.1569895097046083833189822080865530318263828969598052647771186144
0.0221557314402008718661555604410278913849581871415355168874169284    0.1791888058547902087112471238585926308257362574993485510680794928
0.0220592423061818802304785280151331118300642501610603762152389964    0.2012972271250901823854867604945113281852243666777433644725629048
0.0219515659164365751168499021527060536497839539374871140123330985    0.2233035613188683726112165659894877823434295639496590381013668178
0.0218327568786124477375273892357106736508529152565285033599046058    0.2451966480125346299076389207895304687061170447542521120933283205
0.0217028754462346719195315439529239879378702843205789987319518505    0.2669653842155125029314981878734206266211779621703353514070590743
0.0215619874881487838626214891784243481016532867454566183605323518    0.2885987300010762442396952447387129157855078177295367386674250305
0.0214101644551155768431990174136180355289144433411986412465169128    0.3100857141052052515387872334706073405473136528838218425264942938
0.0212474833435751524330249590264552509697175713237010225821328731    0.3314154394906165101403979977608894756033779903101451062765299670
0.0210740266565985055133584148887204235073917838733207233892671626    0.3525770888731532625117781185858436850470103697426899272397178526
0.0208898823620464467693273436337102601048431195269438233425685593    0.3735599302077272220991925429214133384421546537769979424800900144
0.0206951438479570827256023801739392575254079874482378126583590621    0.3943533221310321613402818686322227399505003435009398720651848148
0.0204899098751844790182241179141251053959959535136077769798759774    0.4149467193582686275843192284330469342187957983229293632985015389
0.0202742845273125267806161356203947511073524919448010026985012008    0.4353296780311428644092652118093292344272320014633339977090981422
0.0200483771578694140533797887720353689807891930415758856949385101    0.4554918610144277277599810670873970960451632890846850957685541282
0.0198123023348694733142187825911599583983876276497885041475223874    0.4754230431383994739339944175126890480228182658795969843691708700
0.0195661797827105318817775470184334712898484143062217089747378691    0.4951131163844917465219941169207836540723996965325918098370339162
0.0193101343214562334005085433655831403122884352131212882165050568    0.5145520950115368881021934222367750896078970336087699809412783832
0.0190442958035341251990895212991980012760325533288347990770800379    0.5337301206199948352538545830376522698810370015157589805203897721
0.0187687990478816173811068607931151047162038721795420529762392068    0.5526374671516013071009250925096939577559537034202479350391313716
0.0184837837715732144169548030359512583114896038570638794910610297    0.5712645458218997522830011432595053193970746630416901726693720768
0.0181893945189636981405621181486607616452221171696902745194697481    0.5896019099831555605103835541432213910587718819318059604789238321
0.0178857805883832018146322774297900358396679638616576737830477247    0.6076402599151863556158573787273455621182497873614643109452171949
0.0175730959564213577398065162652295826554621862193482794516853420    0.6253704475416787496042007297966657612743817519101600357122592218
0.0172514991998389252043853256283054864473027023875523208246704473    0.6427834810695997333989290114355341321888889187959853802023339481
0.0169211534151465109002665884032956557634588553407505141627043465    0.6598705295493498910492365574021962928728992621378532526712294255
0.0165822261358911798186850838418015380841079872695201705330124300    0.6766229273533458308668208477121641167970487784120460198203362092
0.0162348892476929207076480669411684409017821681775170561762660463    0.6930321785707606096751346773303547030891179070781745554490034445
0.0158793189010740761387025754382051632648936199526402287323993776    0.7090899613161934651022384694342729772520913673305199250149158451
0.0155156954221259729430097298235723498757864632269839544698539713    0.7247881319500838454419052140668277688794750913778143674939525689
0.0151442032210580942705410741832159253241948859204479049451428505    0.7401187292087295167917045881786816252174105844150881441563262884
0.0147650306986762201017069934286187403351944922102185751867551769    0.7550739782418144128567068985419840698477032501571323963898342409
0.0143783701508370293825890056963269291147986795017826921117288188    0.7696462945553988543687813699933716334079980600747313577990779577
0.0139844176709277053135751547705258999562427625076986902991321059    0.7838282878583727838488803705991078375474665914203514355806272512
0.0135833730504201177911178346718794934500450232366047598452948555    0.7976127658104217204117687330655509074068508261726306113520773552
0.0131754396775501769558644030268861202681343038227289791471945632    0.8109927376696052241466157811161852157545383353285049623043313123
0.0127608244341739645724765298617310505617045645483008579905400741    0.8239614178376987602524602752728795133448316607069695557644731589
0.0123397375908532639519675803563490298221460757033904740866872409    0.8365122293015019662647109937142403253068844279969660724732243783
0.0119123927002241375674110251739663254568330020427451125335550211    0.8486388069683694587073769865916285323668804235901236216267823217
0.0114790064887032654517020109562271353258221636051989237438940954    0.8603350008942744925039471511410420961748145956612826309753302591
0.0110397987465878907275763148224158473974074410563369860251133354    0.8715948794027710585378519123974736490111364180224735701725750348
0.0105949922166064763669476338984090648515698116842937421575767096    0.8824127320932764665020352937516671390475150349581581067779776906
0.0101448124809786510016265887790052649669876391035848103901995267    0.8927830727371542779408211879379854827998747115271763770999634541
0.0096894878470448660178175029221620236201798245487495597842826260    0.9027006420601369146322258894302662260108467166437035107632470838
0.0092292492315286685597734419543569637914692263270800131589777034    0.9121604104096888621609133689473059804771105453273387990341541565
0.0087643300434980884393510462895570748102541341127792335747128222    0.9211575803059759693329121511182655805751446906581716455272638489
0.0082949660660982006965891366617705454410658507906920920701425587    0.9296875888751754082192948669490331465345705114305479136386150355
0.0078213953371360674608150760401300120865448152509999040286029634    0.9377461101639370960614173836184946999796168733533043972907859237
0.0073438580286150898198810554209762749923053967755047541275895698    0.9453290573338957472380862130583036403856119818327434289978117537
0.0068625963253445377544355015746226627238791167550471440225211814    0.9524325847352426519714964182179154281975362296293933087225530779
0.0063778543028046619733044236462793838834756141623992283756153628    0.9590530898585163626779218212909822786168735438027653133928084243
0.0058898778045566918290129542731351858413382886141424892614411699    0.9651872151639999102617390406770069100172143348194819394798004897
0.0053989143197154494465840492894345651894073376390672537361589759    0.9708318497885012508832710853101511006128727239283074838848165978
0.0049052128615096621137980259151105748572168601242037159352636742    0.9759841311300304980274927536081417586882738981972019786009386407
0.0044090238491587265414036677238234011648501320386517615614913051    0.9806414463124256249822065811166441107149770124728374149319113230
0.0039105989983811463010871395773874612116011751132085369276218153    0.9848014335355020108263897010056164390565006903350471720619286575
0.0034101912345412088621313206787925016799559508137382963905776428    0.9884619833251929422199143196220367408417552324944950190545717757
0.0029080546699154531762046811949965728660771731974587408635929671    0.9916212397231883798548719388432608828291758209322870068286181052
0.0024044447871953032293408248613522695394056655198899766171275767    0.9942776015362101395266548248404266848030962100511162589479454909
0.0018996194195534280122558697004740483365722371904028374799236710    0.9964297240741311473545910895272262646475619589206477348243872535
0.0013938437487257549054375137789035656502400274230570689796739383    0.9980765233160930000525538678637049258450205487874689325126209847
0.0008874263337490361530311460382284274971201902328528160419827737    0.9992171951531055957807836418345767331910902776954066270438031613
0.0003813086703452981446844226393546780183252446869654211681900614    0.9998514146020708835491347725080271293254622848814871145720992689
