0.0079681924961666056154658834746736224504806965871517212294851634    -0.9968934840746495402716300509186952833408820381177507901080942978
0.0184664683110909591423021319120472690962065339681814033712983655    -0.9836681232797472099700325816056628019403178547097113635171800102
0.0287847078833233693497191796112920436395888945462874964741801226    -0.9600218649683075122168710255817976629303592174039233994856616724
0.0387991925696270495968019364463476920332009767663953521077327897    -0.9262000474292743258793242770804740040864745368253290609110371337
0.0484026728305940529029381404228075178152718091973727363451919368    -0.8825605357920526815431164625302255900566891471464842320683260531
0.0574931562176190664817216894020561287971206707217631345487157990    -0.8295657623827683974428981197325019164390686961703416788069529835
0.0659742298821804951281285151159623612374429536566603789670315160    -0.7677774321048261949179773409745031316948836172329084532064943874
0.0737559747377052062682438500221907341537705260370494389412691824    -0.6978504947933157969322923880266400683823538006539546563797228467
0.0807558952294202153546949384605297308758928037084392998902585937    -0.6205261829892428611404775564311892992073646928295281325950511701
0.0868997872010829798023875307151257025767533287435453440122221299    -0.5366241481420198992641697933110727941641780069302971054527434829
0.0921225222377861287176327070876187671969132344182341075276750470    -0.4470337695380891767806099003228540001624075938614244097544773817
0.0963687371746442596394686263518098650964064614301602459129942757    -0.3527047255308781134710372070893738606536310080214256265941844689
0.0995934205867952670627802821035694765298692636667042772213651462    -0.2546369261678898464398051298178051078827893033025184261642859751
0.1017623897484055045964289521685540446327062894871268408642609454    -0.1538699136085835469637946727432559204185519712443384617189629829
0.1028526528935588403412856367054150438683755570649282225863189867    -0.0514718425553176958330252131667225737491414536665695642551608440
0.1028526528935588403412856367054150438683755570649282225863189867    0.0514718425553176958330252131667225737491414536665695642551608440
0.1017623897484055045964289521685540446327062894871268408642609454    0.1538699136085835469637946727432559204185519712443384617189629829
0.0995934205867952670627802821035694765298692636667042772213651462    0.2546369261678898464398051298178051078827893033025184261642859751
0.0963687371746442596394686263518098650964064614301602459129942757    0.3527047255308781134710372070893738606536310080214256265941844689
0.0921225222377861287176327070876187671969132344182341075276750470    0.4470337695380891767806099003228540001624075938614244097544773817
0.0868997872010829798023875307151257025767533287435453440122221299    0.5366241481420198992641697933110727941641780069302971054527434829
0.0807558952294202153546949384605297308758928037084392998902585937    0.6205261829892428611404775564311892992073646928295281325950511701
0.0737559747377052062682438500221907341537705260370494389412691824    0.6978504947933157969322923880266400683823538006539546563797228467
0.0659742298821804951281285151159623612374429536566603789670315160    0.7677774321048261949179773409745031316948836172329084532064943874
0.0574931562176190664817216894020561287971206707217631345487157990    0.8295657623827683974428981197325019164390686961703416788069529835
0.0484026728305940529029381404228075178152718091973727363451919368    0.8825605357920526815431164625302255900566891471464842320683260531
0.0387991925696270495968019364463476920332009767663953521077327897    0.9262000474292743258793242770804740040864745368253290609110371337
0.0287847078833233693497191796112920436395888945462874964741801226    0.9600218649683075122168710255817976629303592174039233994856616724
0.0184664683110909591423021319120472690962065339681814033712983655    0.9836681232797472099700325816056628019403178547097113635171800102
0.0079681924961666056154658834746736224504806965871517212294851634    0.9968934840746495402716300509186952833408820381177507901080942978
