0.0003505104713466254723217432912993392251515879996564567661676109    -0.9998634160780217436765772466470183250732084370803307513579741779
0.0008157630806534288305851561078181871548095204390138376183363476    -0.9992804173850642720625579730112975572092082751591449873532948350
0.0012813246314045510148512457967468492643290554044791140375995739    -0.9982318432832444480449923345969999065487301961261800415442806137
0.0017463487250691424450554487929685466362088109125531090874467407    -0.9967179495755704714639756121559042096711442873590048975182837158
0.0022105707237863427142574212007941302343547362307049558543903875    -0.9947394134652653259742930072693759642398714884887576788999537200
0.0026737657936248933676348690908718433080631659399015916236725735    -0.9922971504934604064413746555683543674604096055959773063925911145
0.0031357157675906003631760600647766536265379547192348733606518882    -0.9893922969297323230485046679956878824203050325931745624803345363
0.0035962045328641397839698684690614421089505964177610817673408415    -0.9860262060397556629863288224882676149387950901547115121699042941
0.0040550171115776482608343875142851218686171735682387426405437707    -0.9822004466031945719407610969079564600363845563902764494308404329
0.0045119394739038022502201348271012013003548635919021725856365676    -0.9779168018992294489146093460785363471459281175265552541612520965
0.0049667585408268577903636260014812588739687437836237680982426593    -0.9731772687650824861474049978457748373583586694151047038453365950
0.0054192622459720093801702109136660895193972191795403521728145338    -0.9679840566169968944786134873346166076364295919339013008116260171
0.0058692396183753941305925086385548690636634593262690341674604184    -0.9623395863972292941057223822734578174726287179665401509161474905
0.0063164808733326725269620588116584611358264957711783877032257650    -0.9562464894336191637004977664292793110296393628856939376481678763
0.0067607775064533240522541280245911559203982693146258864697472909    -0.9497076062064596792108498521374613748782440440427683788055828420
0.0072019223888848515192057458596688268905853661669756287667347693    -0.9427259850206203638782932992195843707508465753459556000406958595
0.0076397098627774221238028761178975094983993725071540388378899207    -0.9353048805822729936532667582887625585174000219879081553618600808
0.0080739358365257247357457148625285428795855413667100647633247044    -0.9274477524802367868667417823167205003998691272699819481843381491
0.0085043978795346705008640581845388267434094179833650189748538458    -0.9191582635723039304172292971986326392411735088049120827994518711
0.0089308953163555322823003410032750185742272797685378217043791834    -0.9104402782771039881166474748659537823669891936731261898837270838
0.0093532293200891974679410373392254540561117140691031615757968369    -0.9012978607721913418853715144623037262453456425806996000529250055
0.0097712030049794731622444093825452738599889150949290090700326410    -0.8917352730991286569554206110301501790696904254152671685054111002
0.0101846215181337718727160035131525137878484065543142655448136330    -0.8817569731764085384065975284245928246214784836417009530985100996
0.0105932921303167418927717872139092739488602375642626804437929146    -0.8713676127211137353105282805797563909390931579560348549227827452
0.0109970243257673458050110233107489304442632417478123287815209860    -0.8605720350802680159952662860875479014601992565630617380499022594
0.0113956298909930108991394761640526301529442837269201459660527039    -0.8493752729728776629266088094634374637030341921663038541396673165
0.0117889230024965669090268139276872875442639905993815100271916090    -0.8377825461437088023055040251706203353132314357205425300546304421
0.0121767203133931842292223452097992160154788509092447799839251960    -0.8257992589298892820175656784455134846912561155197932276638809857
0.0125588410388756754997449217064841399818995649188309098115056354    -0.8134309977414660016220221657786731839515084369473436649700326964
0.0129351070404874674849954761719941363760730727822323809230053532    -0.8006835284570897501822577008791367866155091981771073759320296788
0.0133053429091633727502893938021196340969276529363945930533721295    -0.7875627937360398819025878816659105025405616658920995577123248340
0.0136693760469990425976620047854879171491609666113449158319786054    -0.7740749102478406496957872402522434376765122102453878803665150531
0.0140270367477106952930494636883824846226765378160761114104115731    -0.7602261658207597767255463521601992388057441915169086776315716659
0.0143781582757474062855657637636177338596108526453395016561649726    -0.7460230165105179045408123583582303894938879617119975250846701381
0.0147225769440189322043388051749513270686488045717278540584654921    -0.7314720835905749269246129385029508839217047796038837521843376363
0.0150601321902027257864848405292500800113888192142753638840752971    -0.7165801504653959043785251672658535844550722401053128587456405006
0.0153906666515944895996321608633282949767737693706093066408602335    -0.7013541595081352522581375400394008735766230660545154975274816416
0.0157140262384673157320348419321211281102550779428687597555492169    -0.6858012088242131988745297549063942543644033680892651486248155407
0.0160300602059051686199766756255540049431051695281007373203690090    -0.6699285489422931086602945282824919069061844572521833161441244173
0.0163386212240771901807713993454241134385580118232984870729541098    -0.6537435794342021483694527703020620313665545084089224234166575976
0.0166395654469200412186741947271804276634063188777496997369782508    -0.6372538454653709288025564400293050720710315377099557159236089282
0.0169327525791962411188267620466127416900724062794568867847396698    -0.6204670342774001676728090484315755379664161165168163016275089216
0.0172180459418972293488640116731985099100183376060006736627748068    -0.6033909716043940775868568457732247995726487299186381529881310040
0.0174953125359606472894119436980747830915622409211889730625166917    -0.5860336180247310732164981104753421458593214039778761533317145071
0.0177644231042721273354761282280023310306456538295064543715395224    -0.5684030652499725001185192052283339731965772623392944374837413603
0.0180252521919226778878987000504366968839499807561423057099009274    -0.5505075323526394009754257122126346478432843451980489711079704191
0.0182776782046935675631084957897039416015837516917331504948502331    -0.5323553619346158401314632283556517478069705843639187318590925295
0.0185215834657414394200123832502065282125833321428929900129440911    -0.5139550162379649912860089876861496650054853971507876734608818249
0.0187568542704572259302954683648803524427933029662995050982671019    -0.4953150731999710434684759342046783992421750336082750728371697242
0.0189833809394732874713393244720974285583793532815237676997779481    -0.4764442224542459846622058394132386450562051403410893235787417834
0.0192010578697940609473992650252092697346518319464020199153720020    -0.4573512612797654687183950487297318454975016867601738638850581404
0.0194097835840263803759785654990335307270423185251904722044133537    -0.4380450904997222479144763487547191753694522876629612116662413436
0.0196094607776865175303374818382186092860154619932796082627045726    -0.4185347103321090494497659725637643271080446657831473958087086657
0.0197999963645618876123544837146544605689068427442131726410969621    -0.3988292161939652785077248058303537460821788008425042893902447890
0.0199813015201062720395488679410596709202683086664067987246561179    -0.3789377944612435328203462175102169828713878256580893912821100892
0.0201532917228483273547837357116656360680966931724710083742336698    -0.3588697181862726039246155172070601510707239269311176333280753824
0.0203158867937940755886039657854105943817929817785685606837402761    -0.3386343427748134088972028693685442756980006033645386399408009961
0.0204690109338050066975536380128072368513373790425507171987255488    -0.3182411016247231341067106695794347104602958764360831362198677347
0.0206125927589343675366757920376871972830090769827632681333988300    -0.2976995017282607706757348666737997857161880306033106974991307339
0.0207465653337051637650780052271996060410669532129987628338039078    -0.2770191192400841715736627035978724838099238402318172824575870471
0.0208708662023143606896128142528919541039942855768756447613194717    -0.2562095950130047546794902258102334308081522313406390044042052770
0.0209854374177487358787531142710693310290400064913526017621676512    -0.2352806301035810073184852895695631370123880916270387859252317045
0.0210902255687988099781007914490964745092158259470891976120825915    -0.2142419812496460086903369545535573684293550457661752432231385889
0.0211851818049582620785231136280925348530686964482457756129626874    -0.1931034563218772707229712694307323632728587854358595043075766146
0.0212702618591972217722500239561022039328348901217614689619175996    -0.1718749097515292991127244906025788367230917981092839377774525754
0.0213454260685988212229679804319595083822976941995069957138734318    -0.1505662379364603890122358101957869780253184136815211862318280198
0.0214106393928493867118611006913183591277363980745225293344994576    -0.1291873746275952888262476666157899124001400925706606786627590013
0.0214658714305736497390531469460812887441623790326688696980412834    -0.1077482862979744861588869529095203737068794554213384493807848849
0.0215110964335073623931466236017920406923521997690551972332030796    -0.0862589674965489878751061685551151168393110254958113199221011297
0.0215462933185007098827123758108035484924879689084927355017922934    -0.0647294361888865777118078564112858865583873394203827311987169772
0.0215714456773469243830913652207995058622118440994220255506605283    -0.0431697290869616365874908644082686422277207204650168907021767472
0.0215865417844315182186657645278972061261048323880497834122897796    -0.0215898969702056998701086255367798340170131228515464906727179987
0.0215915746021985704025086501906740858512677634142512788529162397    0.0000000000000000000000000000000000000000000000000000000000000000
0.0215865417844315182186657645278972061261048323880497834122897796    0.0215898969702056998701086255367798340170131228515464906727179987
0.0215714456773469243830913652207995058622118440994220255506605283    0.0431697290869616365874908644082686422277207204650168907021767472
0.0215462933185007098827123758108035484924879689084927355017922934    0.0647294361888865777118078564112858865583873394203827311987169772
0.0215110964335073623931466236017920406923521997690551972332030796    0.0862589674965489878751061685551151168393110254958113199221011297
0.0214658714305736497390531469460812887441623790326688696980412834    0.1077482862979744861588869529095203737068794554213384493807848849
0.0214106393928493867118611006913183591277363980745225293344994576    0.1291873746275952888262476666157899124001400925706606786627590013
0.0213454260685988212229679804319595083822976941995069957138734318    0.1505662379364603890122358101957869780253184136815211862318280198
0.0212702618591972217722500239561022039328348901217614689619175996    0.1718749097515292991127244906025788367230917981092839377774525754
0.0211851818049582620785231136280925348530686964482457756129626874    0.1931034563218772707229712694307323632728587854358595043075766146
0.0210902255687988099781007914490964745092158259470891976120825915    0.2142419812496460086903369545535573684293550457661752432231385889
0.0209854374177487358787531142710693310290400064913526017621676512    0.2352806301035810073184852895695631370123880916270387859252317045
0.0208708662023143606896128142528919541039942855768756447613194717    0.2562095950130047546794902258102334308081522313406390044042052770
0.0207465653337051637650780052271996060410669532129987628338039078    0.2770191192400841715736627035978724838099238402318172824575870471
0.0206125927589343675366757920376871972830090769827632681333988300    0.2976995017282607706757348666737997857161880306033106974991307339
0.0204690109338050066975536380128072368513373790425507171987255488    0.3182411016247231341067106695794347104602958764360831362198677347
0.0203158867937940755886039657854105943817929817785685606837402761    0.3386343427748134088972028693685442756980006033645386399408009961
0.0201532917228483273547837357116656360680966931724710083742336698    0.3588697181862726039246155172070601510707239269311176333280753824
0.0199813015201062720395488679410596709202683086664067987246561179    0.3789377944612435328203462175102169828713878256580893912821100892
0.0197999963645618876123544837146544605689068427442131726410969621    0.3988292161939652785077248058303537460821788008425042893902447890
0.0196094607776865175303374818382186092860154619932796082627045726    0.4185347103321090494497659725637643271080446657831473958087086657
0.0194097835840263803759785654990335307270423185251904722044133537    0.4380450904997222479144763487547191753694522876629612116662413436
0.0192010578697940609473992650252092697346518319464020199153720020    0.4573512612797654687183950487297318454975016867601738638850581404
0.0189833809394732874713393244720974285583793532815237676997779481    0.4764442224542459846622058394132386450562051403410893235787417834
0.0187568542704572259302954683648803524427933029662995050982671019    0.4953150731999710434684759342046783992421750336082750728371697242
0.0185215834657414394200123832502065282125833321428929900129440911    0.5139550162379649912860089876861496650054853971507876734608818249
0.0182776782046935675631084957897039416015837516917331504948502331    0.5323553619346158401314632283556517478069705843639187318590925295
0.0180252521919226778878987000504366968839499807561423057099009274    0.5505075323526394009754257122126346478432843451980489711079704191
0.0177644231042721273354761282280023310306456538295064543715395224    0.5684030652499725001185192052283339731965772623392944374837413603
0.0174953125359606472894119436980747830915622409211889730625166917    0.5860336180247310732164981104753421458593214039778761533317145071
0.0172180459418972293488640116731985099100183376060006736627748068    0.6033909716043940775868568457732247995726487299186381529881310040
0.0169327525791962411188267620466127416900724062794568867847396698    0.6204670342774001676728090484315755379664161165168163016275089216
0.0166395654469200412186741947271804276634063188777496997369782508    0.6372538454653709288025564400293050720710315377099557159236089282
0.0163386212240771901807713993454241134385580118232984870729541098    0.6537435794342021483694527703020620313665545084089224234166575976
0.0160300602059051686199766756255540049431051695281007373203690090    0.6699285489422931086602945282824919069061844572521833161441244173
0.0157140262384673157320348419321211281102550779428687597555492169    0.6858012088242131988745297549063942543644033680892651486248155407
0.0153906666515944895996321608633282949767737693706093066408602335    0.7013541595081352522581375400394008735766230660545154975274816416
0.0150601321902027257864848405292500800113888192142753638840752971    0.7165801504653959043785251672658535844550722401053128587456405006
0.0147225769440189322043388051749513270686488045717278540584654921    0.7314720835905749269246129385029508839217047796038837521843376363
0.0143781582757474062855657637636177338596108526453395016561649726    0.7460230165105179045408123583582303894938879617119975250846701381
0.0140270367477106952930494636883824846226765378160761114104115731    0.7602261658207597767255463521601992388057441915169086776315716659
0.0136693760469990425976620047854879171491609666113449158319786054    0.7740749102478406496957872402522434376765122102453878803665150531
0.0133053429091633727502893938021196340969276529363945930533721295    0.7875627937360398819025878816659105025405616658920995577123248340
0.0129351070404874674849954761719941363760730727822323809230053532    0.8006835284570897501822577008791367866155091981771073759320296788
0.0125588410388756754997449217064841399818995649188309098115056354    0.8134309977414660016220221657786731839515084369473436649700326964
0.0121767203133931842292223452097992160154788509092447799839251960    0.8257992589298892820175656784455134846912561155197932276638809857
0.0117889230024965669090268139276872875442639905993815100271916090    0.8377825461437088023055040251706203353132314357205425300546304421
0.0113956298909930108991394761640526301529442837269201459660527039    0.8493752729728776629266088094634374637030341921663038541396673165
0.0109970243257673458050110233107489304442632417478123287815209860    0.8605720350802680159952662860875479014601992565630617380499022594
0.0105932921303167418927717872139092739488602375642626804437929146    0.8713676127211137353105282805797563909390931579560348549227827452
0.0101846215181337718727160035131525137878484065543142655448136330    0.8817569731764085384065975284245928246214784836417009530985100996
0.0097712030049794731622444093825452738599889150949290090700326410    0.8917352730991286569554206110301501790696904254152671685054111002
0.0093532293200891974679410373392254540561117140691031615757968369    0.9012978607721913418853715144623037262453456425806996000529250055
0.0089308953163555322823003410032750185742272797685378217043791834    0.9104402782771039881166474748659537823669891936731261898837270838
0.0085043978795346705008640581845388267434094179833650189748538458    0.9191582635723039304172292971986326392411735088049120827994518711
0.0080739358365257247357457148625285428795855413667100647633247044    0.9274477524802367868667417823167205003998691272699819481843381491
0.0076397098627774221238028761178975094983993725071540388378899207    0.9353048805822729936532667582887625585174000219879081553618600808
0.0072019223888848515192057458596688268905853661669756287667347693    0.9427259850206203638782932992195843707508465753459556000406958595
0.0067607775064533240522541280245911559203982693146258864697472909    0.9497076062064596792108498521374613748782440440427683788055828420
0.0063164808733326725269620588116584611358264957711783877032257650    0.9562464894336191637004977664292793110296393628856939376481678763
0.0058692396183753941305925086385548690636634593262690341674604184    0.9623395863972292941057223822734578174726287179665401509161474905
0.0054192622459720093801702109136660895193972191795403521728145338    0.9679840566169968944786134873346166076364295919339013008116260171
0.0049667585408268577903636260014812588739687437836237680982426593    0.9731772687650824861474049978457748373583586694151047038453365950
0.0045119394739038022502201348271012013003548635919021725856365676    0.9779168018992294489146093460785363471459281175265552541612520965
0.0040550171115776482608343875142851218686171735682387426405437707    0.9822004466031945719407610969079564600363845563902764494308404329
0.0035962045328641397839698684690614421089505964177610817673408415    0.9860262060397556629863288224882676149387950901547115121699042941
0.0031357157675906003631760600647766536265379547192348733606518882    0.9893922969297323230485046679956878824203050325931745624803345363
0.0026737657936248933676348690908718433080631659399015916236725735    0.9922971504934604064413746555683543674604096055959773063925911145
0.0022105707237863427142574212007941302343547362307049558543903875    0.9947394134652653259742930072693759642398714884887576788999537200
0.0017463487250691424450554487929685466362088109125531090874467407    0.9967179495755704714639756121559042096711442873590048975182837158
0.0012813246314045510148512457967468492643290554044791140375995739    0.9982318432832444480449923345969999065487301961261800415442806137
0.0008157630806534288305851561078181871548095204390138376183363476    0.9992804173850642720625579730112975572092082751591449873532948350
0.0003505104713466254723217432912993392251515879996564567661676109    0.9998634160780217436765772466470183250732084370803307513579741779
