0.0009691097381770753376065348440731586092193991008607345083924103    -0.9996223504324842723890961857494975653903994906584003208104865999
0.0022546907537528530924812107952446828825373821201444971101678115    -0.9980107215629823580816788914318463764734770638566421467800023955
0.0035392716553886285401815859779436036393001760919735338136659356    -0.9951134581379920059455083304162310271599752936318285420832833271
0.0048194562385018858993086985779867341182114425760620992925536961    -0.9909336501109645705228678235388840075174458694717783442895211742
0.0060934620476348721301022554642332190789450556130016896107017472    -0.9854766060684203679638079082265064896773660693377118875934138537
0.0073596236488180636607705827219532605929937095478067817819827761    -0.9787493410038162724264780375694234820795493546515704358631138965
0.0086163028384889518329501035940504888382109457245184371239429819    -0.9707605197472842743535473090665223025322691633957921701137427157
0.0098618777137018267165841304791519702508675783700291020444906650    -0.9615204369360731692642296832248749305068686979806015852486460485
0.0110947419405607192797208445532497634309577771825685035995747199    -0.9510410013893135739191190105232784478842291721951991938559952727
0.0123133060300480365422870033776865955466501386345657307257739277    -0.9393357199742057478779880928860092306359218253214421345151853712
0.0135159991182456580818806860732984855439527862773732854157571492    -0.9264196798912372199514641827827213609295543853403380168984471795
0.0147012708872398422298939219588069862305160296066634052891881019    -0.9123095290941228843829833579582419006362787145094891835983500602
0.0158675935188263190029217420439597874435765636978634430992047263    -0.8970234547675693670173262605587064399938157472099826329076835426
0.0170134636430015344336453457845621178853960588406587419238503439    -0.8805811598520418410577132160806581475663977762984701449539824336
0.0181374042653542520502180437558712984991627845325813938214669888    -0.8630038376297066025701904891805950638848860118154941633116175431
0.0192379666653565587850506678969678045663623318796190865821920766    -0.8443141443970352202405570200198930078856427044137054858554951538
0.0203137322606555695265697959360221456532767573670160765747054762    -0.8245361702557804801334347254946340958163699609923821093206025521
0.0213633144338025315936161522501736269566314128174942310227916081    -0.8036954080581777782353211138963130898659223679587617018183156697
0.0223853603184854782141974991443797293574934476141097820869230675    -0.7818187205454377363546779885717706013889569532941546918087585407
0.0233785525426601722578239510147896269113004758419777667174283990    -0.7589343057213493157354280412689139933634722663180154824944593794
0.0243416109261676323392138052124014332994889114605731797952110650    -0.7350716605053137941020360489850087504572242700196655538716479439
0.0252732941305570731641186103564666982031947513290186319028288355    -0.7102615427114729028419683785632068249632896229722373157522631175
0.0261724012589335589497255190784256465235825187607078586682458561    -0.6845359314028236741198615173287564562498066535049235513642099414
0.0270377734037358072839772946230907282894501875729273519733452039    -0.6579279856713493910429540351967711933744410893273315971187695691
0.0278682951404292059896343597691460587621302839935356987782765919    -0.6304720018972504472936947770758134970677865598987960945250131477
0.0286628959651762183885872833366483073683426794114193865513983645    -0.6022033695423352016879549668911370044724167579805157399673361028
0.0294205516746230482492247702047457384235583103069247927428278831    -0.5731585255345304118742127849921104846554647621263921468070111382
0.0301402856860188247439511596049378212336627653850588017783312852    -0.5433749073022933534426161493495039997695041252965622233053470475
0.0308211702959622341537190428775453963512389728763956491830558856    -0.5128909045194522591409095181537365656339718022102664744939062832
0.0314623278761507639379622233045357486873011583452691141543024250    -0.4817458096226668050894617815030449371105216348266456797012313492
0.0320629320045896677776581819429928870453596571477949632092588345    -0.4499797671652843784015731034105810602421086380067676620904742790
0.0326222085308014439258003406780417200610265668439286880321873510    -0.4176337220728690550299107561446521508366626932832297512645464039
0.0331394365736620235362888366989244014908887649609093156165347017    -0.3847493668670968636638111702223535581601069376440792017186464844
0.0336139494505769355842222573437893275679560969886330452191290566    -0.3513690879260413157156938786676457023815998606649163018254708075
0.0340451355367993734551836364704381525233461232917916520807470347    -0.3175359108501157143313436468492794718745063689703410564704357327
0.0344324390537822437659381927582490663303123029097159181315446520    -0.2832934450040918731944521953652287234237859645230558775779312629
0.0347753607855478292487112240861533654267739788673218435038817332    -0.2486858273066771315995379233603152566405158327880894320804149747
0.0350734587221515365566253471912599677435215963253485234751643070    -0.2137576653401016035937625776949258157430448463755731166183606565
0.0353263486294102136984305309687057106248890720875159863583414706    -0.1785539798530442142982294869841924425806255282143688775756187360
0.0355337045441605939113347570492830616759378105099849322999862572    -0.1431201467310081390123993670207445119719107309019685263660696985
0.0356952591944094337764794300999495915595639769389437874850972547    -0.1075018385089427716057624758999632890631810688202470754552480643
0.0358108043438337417566255992050249211164368889880586843698991063    -0.0717449655014994297128308543565741361634979659444660799932202069
0.0358801910601870158777352072237696045818057740594291743192315911    -0.0358956166268008994727171826528239644536190599614857113237846959
0.0359033299072655014420832673421391181493371944038093964528372898    0.0000000000000000000000000000000000000000000000000000000000000000
0.0358801910601870158777352072237696045818057740594291743192315911    0.0358956166268008994727171826528239644536190599614857113237846959
0.0358108043438337417566255992050249211164368889880586843698991063    0.0717449655014994297128308543565741361634979659444660799932202069
0.0356952591944094337764794300999495915595639769389437874850972547    0.1075018385089427716057624758999632890631810688202470754552480643
0.0355337045441605939113347570492830616759378105099849322999862572    0.1431201467310081390123993670207445119719107309019685263660696985
0.0353263486294102136984305309687057106248890720875159863583414706    0.1785539798530442142982294869841924425806255282143688775756187360
0.0350734587221515365566253471912599677435215963253485234751643070    0.2137576653401016035937625776949258157430448463755731166183606565
0.0347753607855478292487112240861533654267739788673218435038817332    0.2486858273066771315995379233603152566405158327880894320804149747
0.0344324390537822437659381927582490663303123029097159181315446520    0.2832934450040918731944521953652287234237859645230558775779312629
0.0340451355367993734551836364704381525233461232917916520807470347    0.3175359108501157143313436468492794718745063689703410564704357327
0.0336139494505769355842222573437893275679560969886330452191290566    0.3513690879260413157156938786676457023815998606649163018254708075
0.0331394365736620235362888366989244014908887649609093156165347017    0.3847493668670968636638111702223535581601069376440792017186464844
0.0326222085308014439258003406780417200610265668439286880321873510    0.4176337220728690550299107561446521508366626932832297512645464039
0.0320629320045896677776581819429928870453596571477949632092588345    0.4499797671652843784015731034105810602421086380067676620904742790
0.0314623278761507639379622233045357486873011583452691141543024250    0.4817458096226668050894617815030449371105216348266456797012313492
0.0308211702959622341537190428775453963512389728763956491830558856    0.5128909045194522591409095181537365656339718022102664744939062832
0.0301402856860188247439511596049378212336627653850588017783312852    0.5433749073022933534426161493495039997695041252965622233053470475
0.0294205516746230482492247702047457384235583103069247927428278831    0.5731585255345304118742127849921104846554647621263921468070111382
0.0286628959651762183885872833366483073683426794114193865513983645    0.6022033695423352016879549668911370044724167579805157399673361028
0.0278682951404292059896343597691460587621302839935356987782765919    0.6304720018972504472936947770758134970677865598987960945250131477
0.0270377734037358072839772946230907282894501875729273519733452039    0.6579279856713493910429540351967711933744410893273315971187695691
0.0261724012589335589497255190784256465235825187607078586682458561    0.6845359314028236741198615173287564562498066535049235513642099414
0.0252732941305570731641186103564666982031947513290186319028288355    0.7102615427114729028419683785632068249632896229722373157522631175
0.0243416109261676323392138052124014332994889114605731797952110650    0.7350716605053137941020360489850087504572242700196655538716479439
0.0233785525426601722578239510147896269113004758419777667174283990    0.7589343057213493157354280412689139933634722663180154824944593794
0.0223853603184854782141974991443797293574934476141097820869230675    0.7818187205454377363546779885717706013889569532941546918087585407
0.0213633144338025315936161522501736269566314128174942310227916081    0.8036954080581777782353211138963130898659223679587617018183156697
0.0203137322606555695265697959360221456532767573670160765747054762    0.8245361702557804801334347254946340958163699609923821093206025521
0.0192379666653565587850506678969678045663623318796190865821920766    0.8443141443970352202405570200198930078856427044137054858554951538
0.0181374042653542520502180437558712984991627845325813938214669888    0.8630038376297066025701904891805950638848860118154941633116175431
0.0170134636430015344336453457845621178853960588406587419238503439    0.8805811598520418410577132160806581475663977762984701449539824336
0.0158675935188263190029217420439597874435765636978634430992047263    0.8970234547675693670173262605587064399938157472099826329076835426
0.0147012708872398422298939219588069862305160296066634052891881019    0.9123095290941228843829833579582419006362787145094891835983500602
0.0135159991182456580818806860732984855439527862773732854157571492    0.9264196798912372199514641827827213609295543853403380168984471795
0.0123133060300480365422870033776865955466501386345657307257739277    0.9393357199742057478779880928860092306359218253214421345151853712
0.0110947419405607192797208445532497634309577771825685035995747199    0.9510410013893135739191190105232784478842291721951991938559952727
0.0098618777137018267165841304791519702508675783700291020444906650    0.9615204369360731692642296832248749305068686979806015852486460485
0.0086163028384889518329501035940504888382109457245184371239429819    0.9707605197472842743535473090665223025322691633957921701137427157
0.0073596236488180636607705827219532605929937095478067817819827761    0.9787493410038162724264780375694234820795493546515704358631138965
0.0060934620476348721301022554642332190789450556130016896107017472    0.9854766060684203679638079082265064896773660693377118875934138537
0.0048194562385018858993086985779867341182114425760620992925536961    0.9909336501109645705228678235388840075174458694717783442895211742
0.0035392716553886285401815859779436036393001760919735338136659356    0.9951134581379920059455083304162310271599752936318285420832833271
0.0022546907537528530924812107952446828825373821201444971101678115    0.9980107215629823580816788914318463764734770638566421467800023955
0.0009691097381770753376065348440731586092193991008607345083924103    0.9996223504324842723890961857494975653903994906584003208104865999
