0.0008487371680679110048796336757698204216381797523909318712255787    -0.9996692606571686883268208577451872412803251601564972474661219229
0.0019747687686868083889396715346417727665259095671514644386363262    -0.9982577641714127757524931962936813058100405496431426660378669451
0.0031002404030993167754647445832584825725648373688717208409030085    -0.9957200462489501793802646041221861752522850927652672576651380623
0.0042223573824066079986333340174433824255440628510830851139172237    -0.9920584071920627411612215840576286521355350245216573679033852128
0.0053397370981692146137584004358633893379674885733927036268495664    -0.9872769112685722659316963230007105158146744803023711714708584448
0.0064510977943112758890580219803541833037856731563041148907457626    -0.9813809395335016067678661594547201675205589541338757865169861271
0.0075551795007698207516188851913753350791767917816900491875872528    -0.9743771421334104569757321092368914432284023402420149685539731034
0.0086507340354286483141405810557889748595525464287115027404554234    -0.9662734230400591256215113312582303449211070853884913223191266701
0.0097365239418876878269467273656835162953625541016888815281495165    -0.9570789290651233522306442833102831249621211518217210337214470559
0.0108113231905424893820261082876789940502727450599168152100169944    -0.9468040388484754544521547185779115175721227152378069087203569545
0.0118739183274471250986137776017611700868017776623619655740163726    -0.9354603508751892513674848485132801554741527675147154634371897543
0.0129231097531853504560269268827094843483674248439712384285885204    -0.9230606702658534843892497163651232385862130451704891014050862059
0.0139577130380079707240702980874663606230729232982821783581498727    -0.9096189942656764456999385225170545695646283021820089528187043327
0.0149765602406718809539188718923611280367457114207127749584155605    -0.8951504964149990274857597650534738304903900515574917365215702701
0.0159785012177821167883174299888260071143467675645721250252706365    -0.8796715094050029621400675415801948501562012979255576026402775504
0.0169624049173290109012270408655662099485468771904991582358861556    -0.8631995066316017151245336506460482387639434398907424745727000435
0.0179271606528137131788532190675699733131392734836451275446850976    -0.8457530824652613029465197375714212204934628058757252926083041639
0.0188716793555080346144300144422094811850176993384806494168885979    -0.8273519312574519163514766329830071000775689961193787004680492226
0.0197948948029279286680554433053443886629405126466944469651576404    -0.8080168251065865786461164693790072107558740588088195587852535613
0.0206957648218687344885893577880669395793016804241908515251257916    -0.7877695904080752011995320301001725725869714092001201854601888723
0.0215732724644998180150575531094374125016887388285984514862892762    -0.7666330832146929593960412650596062126797420032002046655961939414
0.0224264271561095718891067577136508464139749719179687252489035640    -0.7446311634349144601852162295008957322773070667125399839694228898
0.0232542658131577516899199750886652383997568894919638564041661641    -0.7217886678982396509082177287077638354871448425266367914107371593
0.0240558539303446561530654186459036539889189845862935157263786125    -0.6981313823178534091459907755604341196172782327387234123334603458
0.0248302866354525818918352850242489719325703487056052276290962722    -0.6736860121822279155714548913230982018669476857539626698167357032
0.0255766897107578389221757117730514623049970564923904292769158649    -0.6484801526084998933833985563790750893749030560776285962539307832
0.0262942205798532747522980359852452402538181572382039603722978052    -0.6225422571916356327242615323806595716614635199325382438175632208
0.0269820692587627330487877249811649595806400136575261966570864353    -0.5959016058845360443412982536333875564395634034832884797429674423
0.0276394592702707197131161703293693414224073655534224785118459423    -0.5685882719453316833319256879305225255389813593641078006643012293
0.0282656485204330643574288815803239738949742037492842589153896822    -0.5406330879891732172707967479847732500075991042676682971151727249
0.0288599301362777063629067728575961836794699533988211164346205989    -0.5120676111828354273551667112437046103828776005884274979444061206
0.0294216332637489774855157506583538826893104980864164292127022844    -0.4829240876214216574469843626558310940611855741759099115250369769
0.0299501238249939241658776387639711230128591825036532717449759328    -0.4532354159273797459292654642141091951873822759279842283574668457
0.0304448052341353094964758816678807293767205267241569173532565605    -0.4230351101129189602071288243202818150742441104656802610859881982
0.0309051190707229359087680795018816987061748791728935515300912010    -0.3923572617477493872986473324145552579650495453598311976400249999
0.0313305457101028019259149861626732372357439675727809118487697396    -0.3612365014748497277446294006600343335093219968702394431484816873
0.0317206049099923088325875561571632658154829162753476368889811938    -0.3297079599177056427923702803585757096299546465262662458778195717
0.0320748563525992195817159136490555225869190906422280357631006796    -0.2978072280231479090180274616426909503142288191980807368711610775
0.0323929001416722927063034327585231931442611535512836357526019751    -0.2655703168845568810134757844646682792528275775883150627058770315
0.0326743772539224157548639877145372821376412014929113519799732434    -0.2330336170907864436432506487138444208952013796300584956369443985
0.0329189699443045911324771790917088059097624346592330440542139742    -0.2002338576466960965723401754193407154215561946510860691275495025
0.0331264021047032259729396401391756886016802459143348092197001397    -0.1672080645116634566663996114084282848472568699430100188791198114
0.0332964395756157893452421703571147841592232641427198747301878005    -0.1339935188028807467254030092821808429803784426082084655629910637
0.0334288904104829662942552341666955854117672800878757490574742118    -0.1006277147106172780308909498717810911182529059822388721295619072
0.0335236050923668997324671291463968373828462931214023399907204124    -0.0671483171729551043876143396550300879188224811178582083541191448
0.0335804767027329082042332269417198813812296097780856301797706402    -0.0335931193577765612711877373330596469381759578138640615653087287
0.0335994410421441396941908359695044081289786722799736170996377885    0.0000000000000000000000000000000000000000000000000000000000000000
0.0335804767027329082042332269417198813812296097780856301797706402    0.0335931193577765612711877373330596469381759578138640615653087287
0.0335236050923668997324671291463968373828462931214023399907204124    0.0671483171729551043876143396550300879188224811178582083541191448
0.0334288904104829662942552341666955854117672800878757490574742118    0.1006277147106172780308909498717810911182529059822388721295619072
0.0332964395756157893452421703571147841592232641427198747301878005    0.1339935188028807467254030092821808429803784426082084655629910637
0.0331264021047032259729396401391756886016802459143348092197001397    0.1672080645116634566663996114084282848472568699430100188791198114
0.0329189699443045911324771790917088059097624346592330440542139742    0.2002338576466960965723401754193407154215561946510860691275495025
0.0326743772539224157548639877145372821376412014929113519799732434    0.2330336170907864436432506487138444208952013796300584956369443985
0.0323929001416722927063034327585231931442611535512836357526019751    0.2655703168845568810134757844646682792528275775883150627058770315
0.0320748563525992195817159136490555225869190906422280357631006796    0.2978072280231479090180274616426909503142288191980807368711610775
0.0317206049099923088325875561571632658154829162753476368889811938    0.3297079599177056427923702803585757096299546465262662458778195717
0.0313305457101028019259149861626732372357439675727809118487697396    0.3612365014748497277446294006600343335093219968702394431484816873
0.0309051190707229359087680795018816987061748791728935515300912010    0.3923572617477493872986473324145552579650495453598311976400249999
0.0304448052341353094964758816678807293767205267241569173532565605    0.4230351101129189602071288243202818150742441104656802610859881982
0.0299501238249939241658776387639711230128591825036532717449759328    0.4532354159273797459292654642141091951873822759279842283574668457
0.0294216332637489774855157506583538826893104980864164292127022844    0.4829240876214216574469843626558310940611855741759099115250369769
0.0288599301362777063629067728575961836794699533988211164346205989    0.5120676111828354273551667112437046103828776005884274979444061206
0.0282656485204330643574288815803239738949742037492842589153896822    0.5406330879891732172707967479847732500075991042676682971151727249
0.0276394592702707197131161703293693414224073655534224785118459423    0.5685882719453316833319256879305225255389813593641078006643012293
0.0269820692587627330487877249811649595806400136575261966570864353    0.5959016058845360443412982536333875564395634034832884797429674423
0.0262942205798532747522980359852452402538181572382039603722978052    0.6225422571916356327242615323806595716614635199325382438175632208
0.0255766897107578389221757117730514623049970564923904292769158649    0.6484801526084998933833985563790750893749030560776285962539307832
0.0248302866354525818918352850242489719325703487056052276290962722    0.6736860121822279155714548913230982018669476857539626698167357032
0.0240558539303446561530654186459036539889189845862935157263786125    0.6981313823178534091459907755604341196172782327387234123334603458
0.0232542658131577516899199750886652383997568894919638564041661641    0.7217886678982396509082177287077638354871448425266367914107371593
0.0224264271561095718891067577136508464139749719179687252489035640    0.7446311634349144601852162295008957322773070667125399839694228898
0.0215732724644998180150575531094374125016887388285984514862892762    0.7666330832146929593960412650596062126797420032002046655961939414
0.0206957648218687344885893577880669395793016804241908515251257916    0.7877695904080752011995320301001725725869714092001201854601888723
0.0197948948029279286680554433053443886629405126466944469651576404    0.8080168251065865786461164693790072107558740588088195587852535613
0.0188716793555080346144300144422094811850176993384806494168885979    0.8273519312574519163514766329830071000775689961193787004680492226
0.0179271606528137131788532190675699733131392734836451275446850976    0.8457530824652613029465197375714212204934628058757252926083041639
0.0169624049173290109012270408655662099485468771904991582358861556    0.8631995066316017151245336506460482387639434398907424745727000435
0.0159785012177821167883174299888260071143467675645721250252706365    0.8796715094050029621400675415801948501562012979255576026402775504
0.0149765602406718809539188718923611280367457114207127749584155605    0.8951504964149990274857597650534738304903900515574917365215702701
0.0139577130380079707240702980874663606230729232982821783581498727    0.9096189942656764456999385225170545695646283021820089528187043327
0.0129231097531853504560269268827094843483674248439712384285885204    0.9230606702658534843892497163651232385862130451704891014050862059
0.0118739183274471250986137776017611700868017776623619655740163726    0.9354603508751892513674848485132801554741527675147154634371897543
0.0108113231905424893820261082876789940502727450599168152100169944    0.9468040388484754544521547185779115175721227152378069087203569545
0.0097365239418876878269467273656835162953625541016888815281495165    0.9570789290651233522306442833102831249621211518217210337214470559
0.0086507340354286483141405810557889748595525464287115027404554234    0.9662734230400591256215113312582303449211070853884913223191266701
0.0075551795007698207516188851913753350791767917816900491875872528    0.9743771421334104569757321092368914432284023402420149685539731034
0.0064510977943112758890580219803541833037856731563041148907457626    0.9813809395335016067678661594547201675205589541338757865169861271
0.0053397370981692146137584004358633893379674885733927036268495664    0.9872769112685722659316963230007105158146744803023711714708584448
0.0042223573824066079986333340174433824255440628510830851139172237    0.9920584071920627411612215840576286521355350245216573679033852128
0.0031002404030993167754647445832584825725648373688717208409030085    0.9957200462489501793802646041221861752522850927652672576651380623
0.0019747687686868083889396715346417727665259095671514644386363262    0.9982577641714127757524931962936813058100405496431426660378669451
0.0008487371680679110048796336757698204216381797523909318712255787    0.9996692606571686883268208577451872412803251601564972474661219229
