0.0006420844947928852866538278795891068060216227115768661957059975    -0.9997497932681649776523994754273992114407745664409641650860076816
0.0014941183431408715665023468268158243812818544977333132545097067    -0.9986819103183443681163551941466282090955075905124753522130744871
0.0023461389507116919144433779215374411029278521840523526546736702    -0.9967616642280314673897987708050496911926504277695050777973859760
0.0031962656937818433663612042901902547792211377462943630382380394    -0.9939902679336545658972748804928643975229774567767205169171629951
0.0040436848998376095571734116037579415325434117101900039248221080    -0.9903700358604377072905740200792294041122092969486006135989132244
0.0048876574508774717182000936510314357298712485002543497083922940    -0.9859040471442653621367585725759145843279179929160544882545749510
0.0057274585113546517000144663833580050500014460800221832427139920    -0.9805961115195164005276436932204902342618535650713993615663567669
0.0065623695089095812430846450009753322940398418066642837313830651    -0.9744507601968968323225652189403701042187169373316738390435507297
0.0073916768789409068285969832749965429582259216341370728242157381    -0.9674732404337484398144277290056522279262432857967170093931542973
0.0082146721477546263201677490490983736918285966720357156785911091    -0.9596695105339534644672435743400293043173765312958282771876457462
0.0090306523597826152941047540684540330134993965062365768876276845    -0.9510462345576819851134041973465241673996810361847978674711803962
0.0098389206091424766542782838309802374787584793113607877794410902    -0.9416107765421036514022846427931864815500963488127019792822956111
0.0106387866052810200604606293829702184087247696278814896212846017    -0.9313711941703714731374469266524834221931949299794374151908117715
0.0114295672487148231299223206604400791268666789634419628463113066    -0.9203362318687542706655215883393789968340818356498027521631501660
0.0122105872075215845918807438350446074568502091211460181236254709    -0.9085153133271656006712025357067654119507686678770290580442921145
0.0129811794904381097115853714417851978939916952955806905723706687    -0.8959185334446640960836099475889749221988808424461573339599272028
0.0137406860144526768837145586461308360794937790272096356879515647    -0.8825566497044788783817205385824055225407630893420133744403043484
0.0144884581656392202587598283561213300200871672629304770451325387    -0.8684410729847379544797385916682629324871773130912393457794693734
0.0152238573523711048526705781003640600457518605454194468135939490    -0.8535838578121106197727829563684513290289264709504448251149058453
0.0159462555502416898853382643845049201417956804584161719037989721    -0.8379976920663316335971397150218351822568928178282711706523257679
0.0166550358381172660476219941665083873981831061972069410978654424    -0.8216958861441935168299707818743771567775900455995024436720428788
0.0173495929248030752913632426394057623696692972842390206426429712    -0.8046923615921377257644547111681093131733325020386852782100679100
0.0180293336658368432784677945484861316189407642282431502880370352    -0.7870016392170766517066701766305897812131527671088430794391361119
0.0186936775699470514407113448366557305715419258413905269600747769    -0.7686388266855519273872386383941502953597661489063341177667952549
0.0193420572947302731250239040628000523201628090857809258383908045    -0.7496196056217884091752683749918261136443689511533185331005452090
0.0199739191311159970093395073000364179677104589679039742889397642    -0.7299602182156416536218665755177744437082128196396733388276923039
0.0205887234761999008021034115452888916353950381692312026232504590    -0.7096774533518619237144698105370184264405480392731502487165860311
0.0211859452940383081353205683640432597261248012740334192650921237    -0.6887886322725108703149048556350256127278477073348795817663279286
0.0217650745640080038082728658486662355617731030022918395426263792    -0.6673115937847685655399799039219143120205570863934813228803356123
0.0223256167163469495485536971894535992226127334921929821594741286    -0.6452646790267587071835918584599994729323207569907049578816636635
0.0228670930545028799259338388279406381903785461897366240016150111    -0.6226667158043985624616458116356666055840958023335967448425884095
0.0233890411639283502433331260140279755371652062991378887499157997    -0.5995370025126474589460210084531333678612683235450234572254960678
0.0238910153069726032215029340501461413515206625665013579313431163    -0.5758952916548831794848402624002877099689944011938484112266153806
0.0243725868035326454079424453419491369723527802956533015255541417    -0.5517617729744792588239287288114371273539893162914365547405123712
0.0248333443971381904233324229156195031117309020036947919359622095    -0.5271570562129876760853841208190006379969539375868407572348324593
0.0252728946061576389731217254019934945875228093122659220909767770    -0.5021021535096505443228683281823572997280124247681590531771531418
0.0256908620598250241924082610526535534640742558111513396546663604    -0.4766184614572708694740849120383849296149558875889021149248671966
0.0260868898188008510419269466312964026399166965726244473306628101    -0.4507277428297660422651466995612739718255600588256333616485380930
0.0264606396799929934653003390247025472315387067882080472169767785    -0.4244521079970081996532241064790270668027352206576026090085425421
0.0268117924653772745760252295740737939048716914931473903805206132    -0.3978139960428227164075055773539109333915054572172897113427373721
0.0271400482945710338581313682845587718265372473082098902090038609    -0.3708361556022696404832459729288908615153469752601463927105847640
0.0274451268409268710104632248469657330930656269858352894285521117    -0.3435416254345726558375486531437801970689386229436340319735635554
0.0277267675709278378071493881368717599008938951057979634029846130    -0.3159537147482859417111247940044081122905495866100936014830165651
0.0279847299666796158882810413263292536619042148193703562390626682    -0.2880959832955009076759274220280945445041125851350062308053842052
0.0282187937313096580736318673912705928212339657133780355910960929    -0.2599922212520920399291865788442003584018094378662250564632740968
0.0284287589770978716546641966104795487924735811279160133781159905    -0.2316664289011838292175632582487417295465108376782955631565203623
0.0286144463961781719725324104164556073990017729008691169812261155    -0.2031427961371888092958957766600169798893546186385460742657617227
0.0287756974136651210386954719414680102767282126522535078828012590    -0.1744456818079199741548194663572313937659532741820048146759498883
0.0289123743230748764374972179686388031191667563874362124972219323    -0.1455995929124191320623023346068700242726488798215890469765440631
0.0290243604039247975603290680375996321176769239027621982861829229    -0.1166291636722659770641323442314774944294141319331515341119617020
0.0291115600214112765298542213177029485747560573351497651333004741    -0.0875591344942407090551452443161260474601810894074600507260827140
0.0291738987080806670471741274886243273900270359981558001071160705    -0.0584143308423058198264518641483220014136934470941064752367233611
0.0292113232274235628139737076835396769493259034891400086796439711    -0.0292196420369501055523021059877019529246371971809667804729827253
0.0292238016193381150522073012512038014044797234730139742494416948    0.0000000000000000000000000000000000000000000000000000000000000000
0.0292113232274235628139737076835396769493259034891400086796439711    0.0292196420369501055523021059877019529246371971809667804729827253
0.0291738987080806670471741274886243273900270359981558001071160705    0.0584143308423058198264518641483220014136934470941064752367233611
0.0291115600214112765298542213177029485747560573351497651333004741    0.0875591344942407090551452443161260474601810894074600507260827140
0.0290243604039247975603290680375996321176769239027621982861829229    0.1166291636722659770641323442314774944294141319331515341119617020
0.0289123743230748764374972179686388031191667563874362124972219323    0.1455995929124191320623023346068700242726488798215890469765440631
0.0287756974136651210386954719414680102767282126522535078828012590    0.1744456818079199741548194663572313937659532741820048146759498883
0.0286144463961781719725324104164556073990017729008691169812261155    0.2031427961371888092958957766600169798893546186385460742657617227
0.0284287589770978716546641966104795487924735811279160133781159905    0.2316664289011838292175632582487417295465108376782955631565203623
0.0282187937313096580736318673912705928212339657133780355910960929    0.2599922212520920399291865788442003584018094378662250564632740968
0.0279847299666796158882810413263292536619042148193703562390626682    0.2880959832955009076759274220280945445041125851350062308053842052
0.0277267675709278378071493881368717599008938951057979634029846130    0.3159537147482859417111247940044081122905495866100936014830165651
0.0274451268409268710104632248469657330930656269858352894285521117    0.3435416254345726558375486531437801970689386229436340319735635554
0.0271400482945710338581313682845587718265372473082098902090038609    0.3708361556022696404832459729288908615153469752601463927105847640
0.0268117924653772745760252295740737939048716914931473903805206132    0.3978139960428227164075055773539109333915054572172897113427373721
0.0264606396799929934653003390247025472315387067882080472169767785    0.4244521079970081996532241064790270668027352206576026090085425421
0.0260868898188008510419269466312964026399166965726244473306628101    0.4507277428297660422651466995612739718255600588256333616485380930
0.0256908620598250241924082610526535534640742558111513396546663604    0.4766184614572708694740849120383849296149558875889021149248671966
0.0252728946061576389731217254019934945875228093122659220909767770    0.5021021535096505443228683281823572997280124247681590531771531418
0.0248333443971381904233324229156195031117309020036947919359622095    0.5271570562129876760853841208190006379969539375868407572348324593
0.0243725868035326454079424453419491369723527802956533015255541417    0.5517617729744792588239287288114371273539893162914365547405123712
0.0238910153069726032215029340501461413515206625665013579313431163    0.5758952916548831794848402624002877099689944011938484112266153806
0.0233890411639283502433331260140279755371652062991378887499157997    0.5995370025126474589460210084531333678612683235450234572254960678
0.0228670930545028799259338388279406381903785461897366240016150111    0.6226667158043985624616458116356666055840958023335967448425884095
0.0223256167163469495485536971894535992226127334921929821594741286    0.6452646790267587071835918584599994729323207569907049578816636635
0.0217650745640080038082728658486662355617731030022918395426263792    0.6673115937847685655399799039219143120205570863934813228803356123
0.0211859452940383081353205683640432597261248012740334192650921237    0.6887886322725108703149048556350256127278477073348795817663279286
0.0205887234761999008021034115452888916353950381692312026232504590    0.7096774533518619237144698105370184264405480392731502487165860311
0.0199739191311159970093395073000364179677104589679039742889397642    0.7299602182156416536218665755177744437082128196396733388276923039
0.0193420572947302731250239040628000523201628090857809258383908045    0.7496196056217884091752683749918261136443689511533185331005452090
0.0186936775699470514407113448366557305715419258413905269600747769    0.7686388266855519273872386383941502953597661489063341177667952549
0.0180293336658368432784677945484861316189407642282431502880370352    0.7870016392170766517066701766305897812131527671088430794391361119
0.0173495929248030752913632426394057623696692972842390206426429712    0.8046923615921377257644547111681093131733325020386852782100679100
0.0166550358381172660476219941665083873981831061972069410978654424    0.8216958861441935168299707818743771567775900455995024436720428788
0.0159462555502416898853382643845049201417956804584161719037989721    0.8379976920663316335971397150218351822568928178282711706523257679
0.0152238573523711048526705781003640600457518605454194468135939490    0.8535838578121106197727829563684513290289264709504448251149058453
0.0144884581656392202587598283561213300200871672629304770451325387    0.8684410729847379544797385916682629324871773130912393457794693734
0.0137406860144526768837145586461308360794937790272096356879515647    0.8825566497044788783817205385824055225407630893420133744403043484
0.0129811794904381097115853714417851978939916952955806905723706687    0.8959185334446640960836099475889749221988808424461573339599272028
0.0122105872075215845918807438350446074568502091211460181236254709    0.9085153133271656006712025357067654119507686678770290580442921145
0.0114295672487148231299223206604400791268666789634419628463113066    0.9203362318687542706655215883393789968340818356498027521631501660
0.0106387866052810200604606293829702184087247696278814896212846017    0.9313711941703714731374469266524834221931949299794374151908117715
0.0098389206091424766542782838309802374787584793113607877794410902    0.9416107765421036514022846427931864815500963488127019792822956111
0.0090306523597826152941047540684540330134993965062365768876276845    0.9510462345576819851134041973465241673996810361847978674711803962
0.0082146721477546263201677490490983736918285966720357156785911091    0.9596695105339534644672435743400293043173765312958282771876457462
0.0073916768789409068285969832749965429582259216341370728242157381    0.9674732404337484398144277290056522279262432857967170093931542973
0.0065623695089095812430846450009753322940398418066642837313830651    0.9744507601968968323225652189403701042187169373316738390435507297
0.0057274585113546517000144663833580050500014460800221832427139920    0.9805961115195164005276436932204902342618535650713993615663567669
0.0048876574508774717182000936510314357298712485002543497083922940    0.9859040471442653621367585725759145843279179929160544882545749510
0.0040436848998376095571734116037579415325434117101900039248221080    0.9903700358604377072905740200792294041122092969486006135989132244
0.0031962656937818433663612042901902547792211377462943630382380394    0.9939902679336545658972748804928643975229774567767205169171629951
0.0023461389507116919144433779215374411029278521840523526546736702    0.9967616642280314673897987708050496911926504277695050777973859760
0.0014941183431408715665023468268158243812818544977333132545097067    0.9986819103183443681163551941466282090955075905124753522130744871
0.0006420844947928852866538278795891068060216227115768661957059975    0.9997497932681649776523994754273992114407745664409641650860076816
