0.0471753363865118271946159614850170603170290739948470895605053470    -0.9815606342467192506905490901492808229601551998137315104626821218
0.1069393259953184309602547181939962242145701734703248800051260421    -0.9041172563704748566784658661190961925375967092132975465540757607
0.1600783285433462263346525295433590718720117304908641779098995442    -0.7699026741943046870368938332128180759849257500189316376644190642
0.2031674267230659217490644558097983765065181472745901463985945658    -0.5873179542866174472967024189405342803690985140480524815102708797
0.2334925365383548087608498989248780562594099721997548747305234978    -0.3678314989981801937526915366437175612563601413354096213117998795
0.2491470458134027850005624360429512108304609025696188313953510031    -0.1252334085114689154724413694638531299833969163054442732129217547
0.2491470458134027850005624360429512108304609025696188313953510031    0.1252334085114689154724413694638531299833969163054442732129217547
0.2334925365383548087608498989248780562594099721997548747305234978    0.3678314989981801937526915366437175612563601413354096213117998795
0.2031674267230659217490644558097983765065181472745901463985945658    0.5873179542866174472967024189405342803690985140480524815102708797
0.1600783285433462263346525295433590718720117304908641779098995442    0.7699026741943046870368938332128180759849257500189316376644190642
0.1069393259953184309602547181939962242145701734703248800051260421    0.9041172563704748566784658661190961925375967092132975465540757607
0.0471753363865118271946159614850170603170290739948470895605053470    0.9815606342467192506905490901492808229601551998137315104626821218
