0.0003982527234800924305683182609235884245309536949560546107056088    -0.9998448118043926456171139716262972786051649486900445860745153992
0.0009268518147668178999287417589458593117413101651746950089711739    -0.9991824129245256891645192469348351035338350315342881739394400684
0.0014557430992789758853209631820639480685986771382324400012820076    -0.9979910748001355728852228211979019262398407556207856350285010147
0.0019839313363727312063454336016696959333931342251338412380834887    -0.9962711636905118549355607998595071319178871975900758835281313596
0.0025110823833978932363888221331044350951833561179139427691318072    -0.9940235581623771715988055994218379602523491175954122516016718701
0.0030369074490077576904806109957686222535544020696294882682318120    -0.9912494409827265148779812834450567011268735357280182607814225456
0.0035611254756063003298702590804758086390085810577996735953742229    -0.9879502789686142163561484072401922293141671110481780104290928784
0.0040834579313964208702410560430557178496940202731874636898524862    -0.9841278185711499753237305165717704618364813915471284210204459037
0.0046036277989484565378618175949206999072877487044504841420462075    -0.9797840839831757701776939380083224313104631718554120253452547016
0.0051213593956669731045273064009722770039263997680781828816637785    -0.9749213757453536488400029446268042035879691228042393423778719117
0.0056363784095847532938471198927576566009636206010406249872503177    -0.9695422694024521630915115713495798310585120306915440678908375444
0.0061484120020425691167723284731809785732609600060509925389058694    -0.9636496140844331570729567699902052766289324753425356021375739019
0.0066571889339204072659515306200693789040651923452884493612917324    -0.9572465309711640610471612299171031195074086880560985639901162341
0.0071624397007818517155772409971307153784978088180672046069786460    -0.9503364116257431339337116049684915146676973400133945292655088350
0.0076638966713709864030482894497211626419708597139898584251038135    -0.9429229161907212292945371680353306130663847737525742842590024277
0.0081612942271248881479356338239271147942329549703363837948725749    -0.9350099714451931095798226915551413112781223182852520132940449367
0.0086543689016220260500746660261312789599599321865892523821271580    -0.9266017687223469075078414707699773693323396588288107070765757412
0.0091428595194168719005887203215292494195845106629518310313306848    -0.9177027616878389363101425528664327865807767922090996081113557696
0.0096265073339496992259020668118754479452172633159310828795039109    -0.9083176639797763294226576393289166727793028326831695888567990892
0.0101050561643343905016535926180748454993768792636446969875734960    -0.8984514467113373945438417604055280994130457308395783971921822211
0.0105782525308842440025154129136131307702633679321688937607127923    -0.8881093358372250268707401093825993621208383976711678350405829337
0.0110458457892659003500273478278127950348515871131459362324074152    -0.8772968093852719347858846927215725911679471175040500918668284625
0.0115075882631881593412277837267968255294214102576587879313328561    -0.8660195945546172028879031720143367022804422234814335785194689779
0.0119632353755421317907962859454356552578377119411154799547816601    -0.8542836646819616962255409905276655201470610361917644022697393208
0.0124125457779151138895704539766579864002189478640777183905970686    -0.8420952360774901686338497722461956941528267338329291195568908425
0.0128552814784044621157814223888053526617604667657469045362118406    -0.8294607647321234799077445258536971634433919112670773261177463594
0.0132912079676604825332008321365490026941161663849096629673015843    -0.8163869428978366092958661183702266971878762398743979304570057149
0.0137200943430894232952971093849612347362345815731494611223160894    -0.8028806955428480603770237105425713874394010420787060001196290756
0.0141417134311493524258957831413540568484219853775907331430360645    -0.7889491766835542931579343395943513637745534676522447280203168127
0.0145558419076731759469681721334722220888521858803581323415635463    -0.7745997655951492870260305024322244010666847325419553489727511947
0.0149622604161543996281676109560106847801649022022658045903229896    -0.7598400629029344014472832426627347728276274649791012917755527110
0.0153607536839325185465758681680045542293599329870854754890727085    -0.7446778865563874536843854638782770672523455877801999282694713269
0.0157511106362161674875275386948500496647057760802403278717293919    -0.7291212676881224225950969722981008078615033295310715580966148254
0.0161331245078834038531230386887131574786351390526483941576769450    -0.7131784463599324350386611568213886345779656970755738757351984677
0.0165065929529997368867187426779824309704599391756298366596441846    -0.6968578671981686993934969501245269343205595174551307035202245803
0.0168713181519957713172389627564516083465678365076811382441923433    -0.6801681749207668110115720225944498562769971005480532447423735910
0.0172271069164476054254896888100905191253167446091548131424604684    -0.6631182097582893520151164418024610868708320900577460486954474124
0.0175737707914044164318555333754719218840301229002102492216883600    -0.6457170027714099232425736806523075866677873834926960439244061244
0.0179111261552089820594289603968078148555896017170826206868261543    -0.6279737710673186572552426152427811085694302081999348369297634802
0.0182389943167582273128826766412081194737973258948389442064326880    -0.6098979129175828444197458188960749172182121541628578837536671933
0.0185572016101522505118054452371519282235305693060179845643649685    -0.5914990027800485346220305359661796917162094688457580265816612531
0.0188655794866816726040216874990955351363952021965724939139419003    -0.5727867862274198302180799663953686255926139993493753786762491084
0.0191639646041045686562295834922865211181680945012036001169138295    -0.5537711747852020364288474363013185552707164164900359049462432496
0.0194521989131656798762658794624561133462784249357699499770974974    -0.5344622406817428587933316157789245055910636749784597840876473087
0.0197301297413120681231897766583545708783527622894842804764456063    -0.5148702115131524091292659355667877750631304561003424443572528855
0.0199976098735608620657985501336977546168547990685987876917917065    -0.4950054648259278778346125473831843305511629434072506522098816965
0.0202544976304762543390505016844571122903038091533189801086677390    -0.4748785226201523279959982666906504666861752631961763532784204889
0.0205006569432144415457966935143449776865914772527221844422522299    -0.4545000457761791430014902714984111653856793575390243972813768732
0.0207359574255967530385641381907394580626328650314865847193180801    -0.4338808284077541922321892035489456336405420141064287519562254545
0.0209602744431727893382843307770510970110812444845103997917512291    -0.4130317921445667477153042926642462481533014978180500605946513934
0.0211734891792369860210058884859603119720096779330003642409252990    -0.3919639803472575679151457891494220668654620872476962821521993293
0.0213754886977636331237030155411342278605501941069537895159904196    -0.3706885522579483434670964641635771217118996130930381392523105874
0.0215661660032270127606858787301415644211207590877727823076209191    -0.3492167770893908547884819399837902396314509321185049439090185668
0.0217454200972749678605089141189862555552337147980158117195322973    -0.3275600280558667051288967443622121355346746599539975719088771664
0.0219131560322258818728043289651078603904933608375688586149341642    -0.3057297763489993476002583549009198600442418808785166596148859562
0.0220692849613607320854965010754395738202709155126703880660071847    -0.2837375850616693047663330944955004471110425480072095293219474955
0.0222137241859835769543572051800689701778764375809994508927069818    -0.2615951030632509690608230223764470196083435535742988268701046861
0.0223463971992255496876191876472997921572311671344200483900127090    -0.2393140588294151571166513443401884074281764525684996673146221077
0.0224672337265691553479572577324707566332501713882978256243466782    -0.2169062542297656573970634493738092769999439245613608415625928032
0.0225761697630714060238337323760560452640273716819183090447865917    -0.1943835582766003455964471401484049356949255780662090956300024459
0.0226731476072660772657176039923574470512567075784469567546453042    -0.1717579008381080343128115376619215545448296450071697954005674001
0.0227581158917271280569372625623130068539253289087276844734867982    -0.1490412663193310615918285732215447395005110586945900192677652566
0.0228310296102770951646791664908485673829489674746190808892176925    -0.1262456873142406971376282277288341624384254802177323536169578465
0.0228918501418260498591442792827253794246785489604443825034447520    -0.1033832382322877462435897419396027586837637281951587638100245037
0.0229405452708284897584474381171871484781411092359887544314044091    -0.0804660289028042517198901838207654027783117962475444234276104110
0.0229770892043473300094825836026450317068515072126778544825180633    -0.0575061981606439261281522439115921328218601960096549121073872682
0.0230014625857159552028986868785333647081228348320729566089496894    -0.0345159074164588842677096797668616527881457447084166029859943101
0.0230136525047910953925407397437420237371676802005134977863373123    -0.0115073342150183838327504076947087245939197774993263381067837537
0.0230136525047910953925407397437420237371676802005134977863373123    0.0115073342150183838327504076947087245939197774993263381067837537
0.0230014625857159552028986868785333647081228348320729566089496894    0.0345159074164588842677096797668616527881457447084166029859943101
0.0229770892043473300094825836026450317068515072126778544825180633    0.0575061981606439261281522439115921328218601960096549121073872682
0.0229405452708284897584474381171871484781411092359887544314044091    0.0804660289028042517198901838207654027783117962475444234276104110
0.0228918501418260498591442792827253794246785489604443825034447520    0.1033832382322877462435897419396027586837637281951587638100245037
0.0228310296102770951646791664908485673829489674746190808892176925    0.1262456873142406971376282277288341624384254802177323536169578465
0.0227581158917271280569372625623130068539253289087276844734867982    0.1490412663193310615918285732215447395005110586945900192677652566
0.0226731476072660772657176039923574470512567075784469567546453042    0.1717579008381080343128115376619215545448296450071697954005674001
0.0225761697630714060238337323760560452640273716819183090447865917    0.1943835582766003455964471401484049356949255780662090956300024459
0.0224672337265691553479572577324707566332501713882978256243466782    0.2169062542297656573970634493738092769999439245613608415625928032
0.0223463971992255496876191876472997921572311671344200483900127090    0.2393140588294151571166513443401884074281764525684996673146221077
0.0222137241859835769543572051800689701778764375809994508927069818    0.2615951030632509690608230223764470196083435535742988268701046861
0.0220692849613607320854965010754395738202709155126703880660071847    0.2837375850616693047663330944955004471110425480072095293219474955
0.0219131560322258818728043289651078603904933608375688586149341642    0.3057297763489993476002583549009198600442418808785166596148859562
0.0217454200972749678605089141189862555552337147980158117195322973    0.3275600280558667051288967443622121355346746599539975719088771664
0.0215661660032270127606858787301415644211207590877727823076209191    0.3492167770893908547884819399837902396314509321185049439090185668
0.0213754886977636331237030155411342278605501941069537895159904196    0.3706885522579483434670964641635771217118996130930381392523105874
0.0211734891792369860210058884859603119720096779330003642409252990    0.3919639803472575679151457891494220668654620872476962821521993293
0.0209602744431727893382843307770510970110812444845103997917512291    0.4130317921445667477153042926642462481533014978180500605946513934
0.0207359574255967530385641381907394580626328650314865847193180801    0.4338808284077541922321892035489456336405420141064287519562254545
0.0205006569432144415457966935143449776865914772527221844422522299    0.4545000457761791430014902714984111653856793575390243972813768732
0.0202544976304762543390505016844571122903038091533189801086677390    0.4748785226201523279959982666906504666861752631961763532784204889
0.0199976098735608620657985501336977546168547990685987876917917065    0.4950054648259278778346125473831843305511629434072506522098816965
0.0197301297413120681231897766583545708783527622894842804764456063    0.5148702115131524091292659355667877750631304561003424443572528855
0.0194521989131656798762658794624561133462784249357699499770974974    0.5344622406817428587933316157789245055910636749784597840876473087
0.0191639646041045686562295834922865211181680945012036001169138295    0.5537711747852020364288474363013185552707164164900359049462432496
0.0188655794866816726040216874990955351363952021965724939139419003    0.5727867862274198302180799663953686255926139993493753786762491084
0.0185572016101522505118054452371519282235305693060179845643649685    0.5914990027800485346220305359661796917162094688457580265816612531
0.0182389943167582273128826766412081194737973258948389442064326880    0.6098979129175828444197458188960749172182121541628578837536671933
0.0179111261552089820594289603968078148555896017170826206868261543    0.6279737710673186572552426152427811085694302081999348369297634802
0.0175737707914044164318555333754719218840301229002102492216883600    0.6457170027714099232425736806523075866677873834926960439244061244
0.0172271069164476054254896888100905191253167446091548131424604684    0.6631182097582893520151164418024610868708320900577460486954474124
0.0168713181519957713172389627564516083465678365076811382441923433    0.6801681749207668110115720225944498562769971005480532447423735910
0.0165065929529997368867187426779824309704599391756298366596441846    0.6968578671981686993934969501245269343205595174551307035202245803
0.0161331245078834038531230386887131574786351390526483941576769450    0.7131784463599324350386611568213886345779656970755738757351984677
0.0157511106362161674875275386948500496647057760802403278717293919    0.7291212676881224225950969722981008078615033295310715580966148254
0.0153607536839325185465758681680045542293599329870854754890727085    0.7446778865563874536843854638782770672523455877801999282694713269
0.0149622604161543996281676109560106847801649022022658045903229896    0.7598400629029344014472832426627347728276274649791012917755527110
0.0145558419076731759469681721334722220888521858803581323415635463    0.7745997655951492870260305024322244010666847325419553489727511947
0.0141417134311493524258957831413540568484219853775907331430360645    0.7889491766835542931579343395943513637745534676522447280203168127
0.0137200943430894232952971093849612347362345815731494611223160894    0.8028806955428480603770237105425713874394010420787060001196290756
0.0132912079676604825332008321365490026941161663849096629673015843    0.8163869428978366092958661183702266971878762398743979304570057149
0.0128552814784044621157814223888053526617604667657469045362118406    0.8294607647321234799077445258536971634433919112670773261177463594
0.0124125457779151138895704539766579864002189478640777183905970686    0.8420952360774901686338497722461956941528267338329291195568908425
0.0119632353755421317907962859454356552578377119411154799547816601    0.8542836646819616962255409905276655201470610361917644022697393208
0.0115075882631881593412277837267968255294214102576587879313328561    0.8660195945546172028879031720143367022804422234814335785194689779
0.0110458457892659003500273478278127950348515871131459362324074152    0.8772968093852719347858846927215725911679471175040500918668284625
0.0105782525308842440025154129136131307702633679321688937607127923    0.8881093358372250268707401093825993621208383976711678350405829337
0.0101050561643343905016535926180748454993768792636446969875734960    0.8984514467113373945438417604055280994130457308395783971921822211
0.0096265073339496992259020668118754479452172633159310828795039109    0.9083176639797763294226576393289166727793028326831695888567990892
0.0091428595194168719005887203215292494195845106629518310313306848    0.9177027616878389363101425528664327865807767922090996081113557696
0.0086543689016220260500746660261312789599599321865892523821271580    0.9266017687223469075078414707699773693323396588288107070765757412
0.0081612942271248881479356338239271147942329549703363837948725749    0.9350099714451931095798226915551413112781223182852520132940449367
0.0076638966713709864030482894497211626419708597139898584251038135    0.9429229161907212292945371680353306130663847737525742842590024277
0.0071624397007818517155772409971307153784978088180672046069786460    0.9503364116257431339337116049684915146676973400133945292655088350
0.0066571889339204072659515306200693789040651923452884493612917324    0.9572465309711640610471612299171031195074086880560985639901162341
0.0061484120020425691167723284731809785732609600060509925389058694    0.9636496140844331570729567699902052766289324753425356021375739019
0.0056363784095847532938471198927576566009636206010406249872503177    0.9695422694024521630915115713495798310585120306915440678908375444
0.0051213593956669731045273064009722770039263997680781828816637785    0.9749213757453536488400029446268042035879691228042393423778719117
0.0046036277989484565378618175949206999072877487044504841420462075    0.9797840839831757701776939380083224313104631718554120253452547016
0.0040834579313964208702410560430557178496940202731874636898524862    0.9841278185711499753237305165717704618364813915471284210204459037
0.0035611254756063003298702590804758086390085810577996735953742229    0.9879502789686142163561484072401922293141671110481780104290928784
0.0030369074490077576904806109957686222535544020696294882682318120    0.9912494409827265148779812834450567011268735357280182607814225456
0.0025110823833978932363888221331044350951833561179139427691318072    0.9940235581623771715988055994218379602523491175954122516016718701
0.0019839313363727312063454336016696959333931342251338412380834887    0.9962711636905118549355607998595071319178871975900758835281313596
0.0014557430992789758853209631820639480685986771382324400012820076    0.9979910748001355728852228211979019262398407556207856350285010147
0.0009268518147668178999287417589458593117413101651746950089711739    0.9991824129245256891645192469348351035338350315342881739394400684
0.0003982527234800924305683182609235884245309536949560546107056088    0.9998448118043926456171139716262972786051649486900445860745153992
