0.0097989960512943602611500550912590980982258189350915921681404046    -0.9961792628889885669388872083812299902606880555658711877016364968
0.0226862315961806231960342064467614888127677202881663556314421302    -0.9799234759615012228558733556610471845676422213899507632388598931
0.0352970537574197110225782893047116411361388895229418115822277851    -0.9509005578147050068519080306438828930925899334844176509338173908
0.0474494125206150627040967101141847182247256201661847285173100127    -0.9094823206774911043006450182096892549480443355949609591132275525
0.0589835368598335991103008337195316331652405907064121625402152149    -0.8562079080182944903027372227068427977642869986035058269771896541
0.0697488237662455929843228883566672761328246932569520003774187816    -0.7917716390705082271443973441072707329194010657478635124072806120
0.0796048677730577712630749590098424029761466729870029514134087638    -0.7170134737394236992948162116423395497506720520985631426512162063
0.0884231585437569501943228028537491110565367500510991098058711371    -0.6329079719464951409277346376344886121030760175693366972951118990
0.0960887273700285075656526465581058591602116295370293344281311135    -0.5405515645794568949003009415599828209591804489871816903743377500
0.1025016378177457986712477115326638093244098949147173298697818324    -0.4411482517500268805859741556892814524476845951630993881453872134
0.1075782857885331872121629844266574048189660990637646655123589065    -0.3359939036385088997303190342072845417900200189075941907249867071
0.1112524883568451926721630960428486748329203800850832670964035097    -0.2264593654395368588572391073602301711794467329282036766466289972
0.1134763461089651486203699480920992579205245188104720258964165496    -0.1139725856095299669328949838699766271732805339781409947657539098
0.1142208673789569890450457369018352486807214433501653303217477166    0.0000000000000000000000000000000000000000000000000000000000000000
0.1134763461089651486203699480920992579205245188104720258964165496    0.1139725856095299669328949838699766271732805339781409947657539098
0.1112524883568451926721630960428486748329203800850832670964035097    0.2264593654395368588572391073602301711794467329282036766466289972
0.1075782857885331872121629844266574048189660990637646655123589065    0.3359939036385088997303190342072845417900200189075941907249867071
0.1025016378177457986712477115326638093244098949147173298697818324    0.4411482517500268805859741556892814524476845951630993881453872134
0.0960887273700285075656526465581058591602116295370293344281311135    0.5405515645794568949003009415599828209591804489871816903743377500
0.0884231585437569501943228028537491110565367500510991098058711371    0.6329079719464951409277346376344886121030760175693366972951118990
0.0796048677730577712630749590098424029761466729870029514134087638    0.7170134737394236992948162116423395497506720520985631426512162063
0.0697488237662455929843228883566672761328246932569520003774187816    0.7917716390705082271443973441072707329194010657478635124072806120
0.0589835368598335991103008337195316331652405907064121625402152149    0.8562079080182944903027372227068427977642869986035058269771896541
0.0474494125206150627040967101141847182247256201661847285173100127    0.9094823206774911043006450182096892549480443355949609591132275525
0.0352970537574197110225782893047116411361388895229418115822277851    0.9509005578147050068519080306438828930925899334844176509338173908
0.0226862315961806231960342064467614888127677202881663556314421302    0.9799234759615012228558733556610471845676422213899507632388598931
0.0097989960512943602611500550912590980982258189350915921681404046    0.9961792628889885669388872083812299902606880555658711877016364968
