0.0003706063634347187778598616479712973882636662337528240109916826    -0.9998555850942050382677834248866940230597195333695358306338494423
0.0008625237873677546586050350650900180142867586920997527102846117    -0.9992391646469277145645210872363382731879716220410611853503424003
0.0013547448216528481779419271070432213853316421316388556228783328    -0.9981304958940090314186623179053278531551825189739929792837801730
0.0018463613957665709568217440955689961336899621659374377551903895    -0.9965298789236140600875971270036046062457334203886110368098861880
0.0023370805907287075073665477801025722553281083120933026364217986    -0.9944380725118812297938266463209244625814372199733796525836651727
0.0028266516210296318880648845476912732228066926686608640351773409    -0.9918561005234134404424871753769998424845517252660767213979699546
0.0033148308102184334021301533621674005652228290159104327654626264    -0.9887852332385556159207847525831858599321343462129939915051259446
0.0038013767261688653579196850062093350890206994563000933975314510    -0.9852269833409273980543570752987549118295272645515731908625164139
0.0042860492216086556150272066909959059283143977922569669354363063    -0.9811831042717316916755932137345551159464324445232408599067084799
0.0047686092488889545412614084395105458982047667970594108670755529    -0.9766555890660826045288899838719083705525058093690881588362020595
0.0052488188752415697893664799449755139932980422454769566570362457    -0.9716466692541547243314270369377669414916993475395432122729615379
0.0057264413604018579165547551077024228160118131376470272995739439    -0.9661588137103446804946972473087699444387274881865460487980437402
0.0062012412562851928257734120133127168869877180690043229633067366    -0.9601947274119984012576023960623821697525832683947294627996335067
0.0066729845151086788466089719835359424522152867215915711743287119    -0.9537573500935897160865775373034854264237647826699774750778634824
0.0071414386007971242484463809197463121950690397997425349098401804    -0.9468498547908730460518371576104936790667809942078036260495086491
0.0076063726015120830471884650479147329779191837825866862969975734    -0.9394756462729526829054025475975371916443305983000439144468165467
0.0080675573423126143073570555308711508596100327879499860045357643    -0.9316383593617011334347386542575223681878674196669165049185488780
0.0085247654974494717249031122430298119698342030604188092287688416    -0.9233418571386702424477317185339213861141481717229849463645135016
0.0089777717020163998688994603472334032717181574329706577047348155    -0.9145902290400120792567083761082734756447164991147108334978920788
0.0094263526627880031868127783498409189687541779586869945865805813    -0.9053877888401437684004742959913890253182156128635729316964471505
0.0098702872681266989866357890151460929604008948128115428119267673    -0.8957390725250315389560106121428311834955874600046315032778064633
0.0103093566968691360514500856835868099383227572614486025299751165    -0.8856488360560713904744817853734368881525570482718697210492822253
0.0107433445261177799261391982987517551399449177369859238284963187    -0.8751220530256250028148093144259147566431284017650850070775125877
0.0111720368378721846837678827833827733330929693896236171370237462    -0.8641639122053390213375606029485042254399938438590506187029792069
0.0115952223244398089586312855284037859891268179643471213127676636    -0.8527798149884384501913822540810264580485257209700091126662228543
0.0120126923925696539174436695833163555580737539702539909592204840    -0.8409753727272432013172402876863905007341652938079578408561831103
0.0124242412662543379509724092779737953829799477978424729881149852    -0.8287564039672123335247538490756015442684550836072821090238273742
0.0128296660881479369720476206318785307388678899195106090407959491    -0.8161289315788740052528547308754432493055237447540395647010266599
0.0132287670195482701459704877047178442806944125619263428493538574    -0.8030991797890511374880565088370615086435615345216072329564130266
0.0136213473388934490715944264301656491188157396213359267564666144    -0.7896735711128435210608356284666467521645233755422322272269405815
0.0140072135387235228532520761636561369975481544658829506105319579    -0.7758587231878767696356686702017108080236907247545207873823710939
0.0143861754210589958231148422506134525519008963453790581807297852    -0.7616614455123772108798016872079222657716244014210223989623004314
0.0147580461911489018232162292587644008458220673161156085554520111    -0.7470887360886795758633743244796620123690174452331250556289066606
0.0151226425495420094468565083462004692562604960381654095629021776    -0.7321477779738212168288002512725813087792776520844531772505769472
0.0154797847824356193994700581418559984383722259365023128566050363    -0.7168459357389225657750842750694297690265548904481350344240851566
0.0158292968502573063898103559066474964562872267199104170033156853    -0.7011907518390986401458313073320966828201806357134212907283594368
0.0161710064744358589515067073201217253552648036610010548226347735    -0.6851899428956905999781073634742978087113796235713702408907169437
0.0165047452223185846647137611451798918787839456747901658677609164    -0.6688513958926496516271718655027014069151993954100403387075655342
0.0168303485901930774993319150361236823904754046912128515815678617    -0.6521831642889479624151954203004709075911491815297851804665207895
0.0171476560843724897177767878172412731401473337558336359665868204    -0.6351934640489326823818061903675569057979911491673774333762154065
0.0174565113003043136907871600388609901104733175704021197889720725    -0.6178906695925796468715583675530218824189219488189025181500259326
0.0177567619996636594561716785933756294977160240406577020198775099    -0.6002833096676428395727538057493757175579631892208615462946331322
0.0180482601853930119931260151900186902680400557194575305110430511    -0.5823800631457342121921772183940148192586833537543415109555510177
0.0183308621746514679200017822108019011061591922972678836964466523    -0.5641897547444059665693483469419318287701940470311556232864969337
0.0186044286696374844502157350814680500470509848385863587308590936    -0.5457213506773438902008986242658985171813901430557524695587573646
0.0188688248262502236667154060609690757331184938294482577619432343    -0.5269839542348157796089210868227937912255099875571230142845546699
0.0191239203205556421401943491734432612914427387310393093069504824    -0.5079868012965533708228342071399276284191015125075293461365670034
0.0193695894130245592099916598220318847349500911676064597995130823    -0.4887392557792795059148135326674357152205183646979202676940920332
0.0196057110105110364209972054141152222895935255191349460341435720    -0.4692508050211244829265870504718885861009898696618991401540722935
0.0198321687259405151868892678216862891815103771899853910600942208    -0.4495310551052066480065394181345269483114975695479454303260364125
0.0200488509356782892280604918190315375236291392392695575682237416    -0.4295897261246822779870489944975165433110316560621446099526703262
0.0202556508345500321909555550329232710527347637659208664567023497    -0.4094366473915986543306706263084068565436013998778063603643930445
0.0204524664884872585577818941866582767816125563718657973140928678    -0.3890817525919119312468708144054943595119102560860569989626955431
0.0206392008847717669518952168761417878678969453340156504765261085    -0.3685350748890579382585118651831082443545441465048175513148342239
0.0208157619798542986734300722274666289149023737150491523246196265    -0.3478067419784894175647688163101658639191028802416976386377773175
0.0209820627447238401908330906535060384136801673066593650807526339    -0.3269069710956173667564984600868429548214738066687633150100030737
0.0211380212078052057869849509127869351778099262378362336582673293    -0.3058460639796171259186952868112164173682779989867041818116794470
0.0212835604953637550258662817750232412256048337118353215031521522    -0.2846344017955816036138566037476054907364003200520354800177466489
0.0214186088693973285724936844660127349456615062662400106748406144    -0.2632824400175245679824099357104304688362157050804268524520482399
0.0215430997629967245640135150254440301154884135402378829861220271    -0.2418007032747562271223781428461876474660674692275335136598018165
0.0216569718131572855864880100777233825168540304012671590396148952    -0.2201997801641713775247729909272945111956080026631537750947578092
0.0217601688910254227478566041317713417748862424371730063631184848    -0.1984903180310072017580029096420527880945897207322549542932262671
0.0218526401295651677358081513754850260146218510340573539581904330    -0.1766830177206433385426697960669583619095609832539125702437519620
0.0219343399486311154884790293336697758570642537762415772518570877    -0.1547886283040311221855495439430358822649666995158805370172980352
0.0220052280774353985606426180907889292854353268664934299162613984    -0.1328179417793518870197375561408504479680951770863014997363757826
0.0220652695743976188094300286046465352348571062009487625121001120    -0.1107817877525159496255125227971678301596625981742295754387762305
0.0221144348443679520194504429817457174636296356969172899250726231    -0.0886910280991243114126367988327168818645300594437238913382823027
0.0221526996532149359024286893004356539225020068729827164545375092    -0.0665565516105242614924084322442090929995668125169718680364751681
0.0221800451397707509036012676114331707543769149770223675365024519    -0.0443892686265979001559657285845664144856594728568882421964643457
0.0221964578251281057863947457528130540578036389513363398983240790    -0.0222001056579291428419369485186181587177869075012475985112906010
0.0222019296192841454068079576069610496316474649807581952137929769    0.0000000000000000000000000000000000000000000000000000000000000000
0.0221964578251281057863947457528130540578036389513363398983240790    0.0222001056579291428419369485186181587177869075012475985112906010
0.0221800451397707509036012676114331707543769149770223675365024519    0.0443892686265979001559657285845664144856594728568882421964643457
0.0221526996532149359024286893004356539225020068729827164545375092    0.0665565516105242614924084322442090929995668125169718680364751681
0.0221144348443679520194504429817457174636296356969172899250726231    0.0886910280991243114126367988327168818645300594437238913382823027
0.0220652695743976188094300286046465352348571062009487625121001120    0.1107817877525159496255125227971678301596625981742295754387762305
0.0220052280774353985606426180907889292854353268664934299162613984    0.1328179417793518870197375561408504479680951770863014997363757826
0.0219343399486311154884790293336697758570642537762415772518570877    0.1547886283040311221855495439430358822649666995158805370172980352
0.0218526401295651677358081513754850260146218510340573539581904330    0.1766830177206433385426697960669583619095609832539125702437519620
0.0217601688910254227478566041317713417748862424371730063631184848    0.1984903180310072017580029096420527880945897207322549542932262671
0.0216569718131572855864880100777233825168540304012671590396148952    0.2201997801641713775247729909272945111956080026631537750947578092
0.0215430997629967245640135150254440301154884135402378829861220271    0.2418007032747562271223781428461876474660674692275335136598018165
0.0214186088693973285724936844660127349456615062662400106748406144    0.2632824400175245679824099357104304688362157050804268524520482399
0.0212835604953637550258662817750232412256048337118353215031521522    0.2846344017955816036138566037476054907364003200520354800177466489
0.0211380212078052057869849509127869351778099262378362336582673293    0.3058460639796171259186952868112164173682779989867041818116794470
0.0209820627447238401908330906535060384136801673066593650807526339    0.3269069710956173667564984600868429548214738066687633150100030737
0.0208157619798542986734300722274666289149023737150491523246196265    0.3478067419784894175647688163101658639191028802416976386377773175
0.0206392008847717669518952168761417878678969453340156504765261085    0.3685350748890579382585118651831082443545441465048175513148342239
0.0204524664884872585577818941866582767816125563718657973140928678    0.3890817525919119312468708144054943595119102560860569989626955431
0.0202556508345500321909555550329232710527347637659208664567023497    0.4094366473915986543306706263084068565436013998778063603643930445
0.0200488509356782892280604918190315375236291392392695575682237416    0.4295897261246822779870489944975165433110316560621446099526703262
0.0198321687259405151868892678216862891815103771899853910600942208    0.4495310551052066480065394181345269483114975695479454303260364125
0.0196057110105110364209972054141152222895935255191349460341435720    0.4692508050211244829265870504718885861009898696618991401540722935
0.0193695894130245592099916598220318847349500911676064597995130823    0.4887392557792795059148135326674357152205183646979202676940920332
0.0191239203205556421401943491734432612914427387310393093069504824    0.5079868012965533708228342071399276284191015125075293461365670034
0.0188688248262502236667154060609690757331184938294482577619432343    0.5269839542348157796089210868227937912255099875571230142845546699
0.0186044286696374844502157350814680500470509848385863587308590936    0.5457213506773438902008986242658985171813901430557524695587573646
0.0183308621746514679200017822108019011061591922972678836964466523    0.5641897547444059665693483469419318287701940470311556232864969337
0.0180482601853930119931260151900186902680400557194575305110430511    0.5823800631457342121921772183940148192586833537543415109555510177
0.0177567619996636594561716785933756294977160240406577020198775099    0.6002833096676428395727538057493757175579631892208615462946331322
0.0174565113003043136907871600388609901104733175704021197889720725    0.6178906695925796468715583675530218824189219488189025181500259326
0.0171476560843724897177767878172412731401473337558336359665868204    0.6351934640489326823818061903675569057979911491673774333762154065
0.0168303485901930774993319150361236823904754046912128515815678617    0.6521831642889479624151954203004709075911491815297851804665207895
0.0165047452223185846647137611451798918787839456747901658677609164    0.6688513958926496516271718655027014069151993954100403387075655342
0.0161710064744358589515067073201217253552648036610010548226347735    0.6851899428956905999781073634742978087113796235713702408907169437
0.0158292968502573063898103559066474964562872267199104170033156853    0.7011907518390986401458313073320966828201806357134212907283594368
0.0154797847824356193994700581418559984383722259365023128566050363    0.7168459357389225657750842750694297690265548904481350344240851566
0.0151226425495420094468565083462004692562604960381654095629021776    0.7321477779738212168288002512725813087792776520844531772505769472
0.0147580461911489018232162292587644008458220673161156085554520111    0.7470887360886795758633743244796620123690174452331250556289066606
0.0143861754210589958231148422506134525519008963453790581807297852    0.7616614455123772108798016872079222657716244014210223989623004314
0.0140072135387235228532520761636561369975481544658829506105319579    0.7758587231878767696356686702017108080236907247545207873823710939
0.0136213473388934490715944264301656491188157396213359267564666144    0.7896735711128435210608356284666467521645233755422322272269405815
0.0132287670195482701459704877047178442806944125619263428493538574    0.8030991797890511374880565088370615086435615345216072329564130266
0.0128296660881479369720476206318785307388678899195106090407959491    0.8161289315788740052528547308754432493055237447540395647010266599
0.0124242412662543379509724092779737953829799477978424729881149852    0.8287564039672123335247538490756015442684550836072821090238273742
0.0120126923925696539174436695833163555580737539702539909592204840    0.8409753727272432013172402876863905007341652938079578408561831103
0.0115952223244398089586312855284037859891268179643471213127676636    0.8527798149884384501913822540810264580485257209700091126662228543
0.0111720368378721846837678827833827733330929693896236171370237462    0.8641639122053390213375606029485042254399938438590506187029792069
0.0107433445261177799261391982987517551399449177369859238284963187    0.8751220530256250028148093144259147566431284017650850070775125877
0.0103093566968691360514500856835868099383227572614486025299751165    0.8856488360560713904744817853734368881525570482718697210492822253
0.0098702872681266989866357890151460929604008948128115428119267673    0.8957390725250315389560106121428311834955874600046315032778064633
0.0094263526627880031868127783498409189687541779586869945865805813    0.9053877888401437684004742959913890253182156128635729316964471505
0.0089777717020163998688994603472334032717181574329706577047348155    0.9145902290400120792567083761082734756447164991147108334978920788
0.0085247654974494717249031122430298119698342030604188092287688416    0.9233418571386702424477317185339213861141481717229849463645135016
0.0080675573423126143073570555308711508596100327879499860045357643    0.9316383593617011334347386542575223681878674196669165049185488780
0.0076063726015120830471884650479147329779191837825866862969975734    0.9394756462729526829054025475975371916443305983000439144468165467
0.0071414386007971242484463809197463121950690397997425349098401804    0.9468498547908730460518371576104936790667809942078036260495086491
0.0066729845151086788466089719835359424522152867215915711743287119    0.9537573500935897160865775373034854264237647826699774750778634824
0.0062012412562851928257734120133127168869877180690043229633067366    0.9601947274119984012576023960623821697525832683947294627996335067
0.0057264413604018579165547551077024228160118131376470272995739439    0.9661588137103446804946972473087699444387274881865460487980437402
0.0052488188752415697893664799449755139932980422454769566570362457    0.9716466692541547243314270369377669414916993475395432122729615379
0.0047686092488889545412614084395105458982047667970594108670755529    0.9766555890660826045288899838719083705525058093690881588362020595
0.0042860492216086556150272066909959059283143977922569669354363063    0.9811831042717316916755932137345551159464324445232408599067084799
0.0038013767261688653579196850062093350890206994563000933975314510    0.9852269833409273980543570752987549118295272645515731908625164139
0.0033148308102184334021301533621674005652228290159104327654626264    0.9887852332385556159207847525831858599321343462129939915051259446
0.0028266516210296318880648845476912732228066926686608640351773409    0.9918561005234134404424871753769998424845517252660767213979699546
0.0023370805907287075073665477801025722553281083120933026364217986    0.9944380725118812297938266463209244625814372199733796525836651727
0.0018463613957665709568217440955689961336899621659374377551903895    0.9965298789236140600875971270036046062457334203886110368098861880
0.0013547448216528481779419271070432213853316421316388556228783328    0.9981304958940090314186623179053278531551825189739929792837801730
0.0008625237873677546586050350650900180142867586920997527102846117    0.9992391646469277145645210872363382731879716220410611853503424003
0.0003706063634347187778598616479712973882636662337528240109916826    0.9998555850942050382677834248866940230597195333695358306338494423
