0.0004944768701851650609000892580547114782278190679333713101452088    -0.9998073146814792631575884382208365848199271741271125775450254420
0.0011507324338946798936183573160785697930974618071294865427491293    -0.9989848917170412680602306391662619065569525207376093969512751219
0.0018072035841884062263773369925573991098036339077289191710172111    -0.9975058574465673976439139178598744695900511129303662902983484463
0.0024625706812254887289872821824960971965996748245775559600323473    -0.9953708558168481016508226531571107739424203540193628976008251325
0.0031163352018386042948566752399365728009245388426089360335904814    -0.9925812506590685987658675663288875734734452143066794230056659596
0.0037680553067011941600129797028356899800094509979573085780662624    -0.9891388669713066737651374566811379163955927345729605362834227818
0.0044172992321285569610064358046099285497615290467278737630414506    -0.9850459654756877632739376649908782211383769435881093190747491855
0.0050636389223974485735033348475213152206895187696053805069793642    -0.9803052366127887857824126520910690888253965396356020935172158313
0.0057066488721108834266080360975414523129924656806549165513633086    -0.9749197975710797558020013102252244483594195654285818254213698213
0.0063459060008800182193905839790246213694981097691114962937425609    -0.9688931898373071472342155403329636086381847529321563615738716878
0.0069809897946776422542655339925540941117524392665351175482092675    -0.9622293767119448039902538056036459950903909434939967198872050907
0.0076114825294658160273715129189265135551602374100355985686458023    -0.9549327406347434685428499306461284822625980071948922215582936787
0.0082369695232057784465377533515455415727860763614546110635935870    -0.9470080802700716735233124529157646595404016000335376821143932218
0.0088570393979890280103297210021463439560721186285966415705428853    -0.9384606073343108220224274207882913805189308422444888005883646400
0.0094712843453004094390078447775881411002395643133198084478379866    -0.9292959431591949675230601927485457447590701297044268333703069324
0.0100793003914275399131341436671770737752947102270455173779086432    -0.9195201149896512289074482576295152080490030363439679682352025767
0.0106806876615928448599173205055512634448795792525011238523755025    -0.9091395520167863389597890720947696554251477030713243417126066273
0.0112750506420434841855070444499631381994550097440441276163979852    -0.8981610811477142481741026229926166502503966754457591522733758501
0.0118619984396318184420660835421007716732633388558007168017978863    -0.8865919225145170219383890112676419797296687284554270601128903859
0.0124411450385615029061030279481893654580394759427982551938705240    -0.8744396847250190904713244848429083021627330931754288493496715686
0.0130121095540464366818972707234048242142368344688274502376549866    -0.8617123598583398666142721070865793464118769842740969167048719528
0.0135745164826684184717472870122878546262280845867824890412285836    -0.8484183182084213055766824285865840206918080929379593040950990508
0.0141279959492413128114026009136245078174673275055301029770938904    -0.8345663027789291859098216400560835201255264469657026078777197789
0.0146721839500028821633734067866957565748951328349670258038024489    -0.8201654235331119032148777150124695735394091871820052440623587511
0.0152067225919642193926965156649640780925456170945386667849933294    -0.8052251514023747489626518216101566112344654344879958542403525145
0.0157312603282530056555619756377527373128049649677243123277504421    -0.7897553120574944162447109209911512634617548334178116418074958705
0.0162454521892917338850551258143903431823290194436597584596226023    -0.7737660794465597079393864473076802439143753081803611078575527107
0.0167489600096561899914087857433772774999247288075250039261012260    -0.7572679691038811603250284167615006373281408122549517177554784300
0.0172414526504632179367114353963292871043170742033566956714237367    -0.7402718312342651111327987148436475905148039193622149004146387672
0.0177226062171403102703228664424160115467525443323187109291139528    -0.7227888435771969447482773840853757921108894559978909787978157613
0.0181921042724329797721975974519808863242771318252911707190703407    -0.7048305040556239936652684737231936921966215311553623169911136517
0.0186496380445092506379545444587334862925230534235747265844428741    -0.6864086232141709277339596870456537797901513310401076822626831248
0.0190949066300240015304139124306243833046053229872819334674869124    -0.6675353164517594295588761595737475506073976898536431249316243010
0.0195276171920093235764680004007257498381376698946383270600868471    -0.6482229960537395105420017608583359807341314221984449987102559085
0.0199474851524605396047586242471870792466793046874774585916381045    -0.6284843630287719222129231665414973319604904239170969359448155613
0.0203542343794910758727015786577070496241667791002941249616888337    -0.6083323987558297041282047622865854984592887728829009461763145008
0.0207475973689329894872123085718343002112432592713810278522601827    -0.5877803564468119181224945693057575923073352645099005544967910748
0.0211273154202636363649045188740118422293467327440434322668032837    -0.5668417524303839805379170524359815265299873103518269444893239746
0.0214931388067427168932763159724380166708946537859676238261035323    -0.5455303572627766489522965497846299551428132244772989692682490585
0.0218448269396477593026717864202369079812662758186837825896276198    -0.5238601866713895771905206152483837855642998858466615002041447326
0.0221821485264999932296493942553646286401777631524122127631448617    -0.5018454923371553519066795453812900606308448368422083106491671516
0.0225048817231765266038592035205944036591358878073534090552265430    -0.4795007525217259968290417783779214397580773654470967314906620280
0.0228128142798087660047305109394750597817756216839811850396903420    -0.4568406625456460095674142899295792834952630047406932670889610759
0.0231057436803711119218058716936583466606260109503495293611483263    -0.4338801251237740153556990091294296440649821417789922094973998927
0.0233834772758681136234227312132667932585186866700862509137600510    -0.4106342405643090190987441144049026494499852140023473470164815576
0.0236458324110324811508083949836165358606217315056759613027274367    -0.3871182968378669508384367676475034055477708102996680274878763394
0.0238926365444506217489338010732239003611949640839026252469967209    -0.3633477595231386719790020342744417504276218296375586369342723141
0.0241237273620366921685210276828102834544178489605115352271718188    -0.3393382616357417846533343583805482838743174258661258351091101437
0.0243389528837805339961978288395280516829061133415748008062459634    -0.3151055933469554115009889624904421917748616327512309542557945162
0.0245381715636992836995405624607020661110973346456271349157077569    -0.2906656915990995376560320354678516494616199836432221088945755367
0.0247212523829269195647972374771295157158265702623018059751105176    -0.2660346296243884835209520235640746365909141278956515041932144494
0.0248880749358805212656669941271404839119567480310571145943977127    -0.2412286063741515614122937056215227068544293777755892173264278623
0.0250385295094465714999271440072842318343913394102632025982205086    -0.2162639358653729197977996751502149703595522607782358091159490032
0.0251725171551352200002007161408988177997377131764421583252532179    -0.1911570364515569569464335434625512822237977663864587407807767425
0.0252899497541550552680886628993174246234724924820914090161148488    -0.1659244200249754557070371976737365500800434324951246847729360553
0.0253907500753655855722536410932649142625284366655662079810183883    -0.1405826811573977201554695193399005311627674156309780842965149531
0.0254748518260693150416780685791891283131170935969949440574377680    -0.1151484861864454533781447125616692460341556506347434777116804157
0.0255421996956100100048042414551770754602683804494050678918948020    -0.0896385622547498771262162874787340689730545283553827714118576087
0.0255927493917484819846002569918473592000520484605980726715158737    -0.0640696863091196349934476539314565801333386621159336188669448570
0.0256264676697919638537514461781643353352198624911285336637864522    -0.0384586740669543207535035665376121715349717883445476214055669290
0.0256433323544579214645247091912256597197690876726462517635289656    -0.0128223689571600152624485789055852540342682765827790209566719195
0.0256433323544579214645247091912256597197690876726462517635289656    0.0128223689571600152624485789055852540342682765827790209566719195
0.0256264676697919638537514461781643353352198624911285336637864522    0.0384586740669543207535035665376121715349717883445476214055669290
0.0255927493917484819846002569918473592000520484605980726715158737    0.0640696863091196349934476539314565801333386621159336188669448570
0.0255421996956100100048042414551770754602683804494050678918948020    0.0896385622547498771262162874787340689730545283553827714118576087
0.0254748518260693150416780685791891283131170935969949440574377680    0.1151484861864454533781447125616692460341556506347434777116804157
0.0253907500753655855722536410932649142625284366655662079810183883    0.1405826811573977201554695193399005311627674156309780842965149531
0.0252899497541550552680886628993174246234724924820914090161148488    0.1659244200249754557070371976737365500800434324951246847729360553
0.0251725171551352200002007161408988177997377131764421583252532179    0.1911570364515569569464335434625512822237977663864587407807767425
0.0250385295094465714999271440072842318343913394102632025982205086    0.2162639358653729197977996751502149703595522607782358091159490032
0.0248880749358805212656669941271404839119567480310571145943977127    0.2412286063741515614122937056215227068544293777755892173264278623
0.0247212523829269195647972374771295157158265702623018059751105176    0.2660346296243884835209520235640746365909141278956515041932144494
0.0245381715636992836995405624607020661110973346456271349157077569    0.2906656915990995376560320354678516494616199836432221088945755367
0.0243389528837805339961978288395280516829061133415748008062459634    0.3151055933469554115009889624904421917748616327512309542557945162
0.0241237273620366921685210276828102834544178489605115352271718188    0.3393382616357417846533343583805482838743174258661258351091101437
0.0238926365444506217489338010732239003611949640839026252469967209    0.3633477595231386719790020342744417504276218296375586369342723141
0.0236458324110324811508083949836165358606217315056759613027274367    0.3871182968378669508384367676475034055477708102996680274878763394
0.0233834772758681136234227312132667932585186866700862509137600510    0.4106342405643090190987441144049026494499852140023473470164815576
0.0231057436803711119218058716936583466606260109503495293611483263    0.4338801251237740153556990091294296440649821417789922094973998927
0.0228128142798087660047305109394750597817756216839811850396903420    0.4568406625456460095674142899295792834952630047406932670889610759
0.0225048817231765266038592035205944036591358878073534090552265430    0.4795007525217259968290417783779214397580773654470967314906620280
0.0221821485264999932296493942553646286401777631524122127631448617    0.5018454923371553519066795453812900606308448368422083106491671516
0.0218448269396477593026717864202369079812662758186837825896276198    0.5238601866713895771905206152483837855642998858466615002041447326
0.0214931388067427168932763159724380166708946537859676238261035323    0.5455303572627766489522965497846299551428132244772989692682490585
0.0211273154202636363649045188740118422293467327440434322668032837    0.5668417524303839805379170524359815265299873103518269444893239746
0.0207475973689329894872123085718343002112432592713810278522601827    0.5877803564468119181224945693057575923073352645099005544967910748
0.0203542343794910758727015786577070496241667791002941249616888337    0.6083323987558297041282047622865854984592887728829009461763145008
0.0199474851524605396047586242471870792466793046874774585916381045    0.6284843630287719222129231665414973319604904239170969359448155613
0.0195276171920093235764680004007257498381376698946383270600868471    0.6482229960537395105420017608583359807341314221984449987102559085
0.0190949066300240015304139124306243833046053229872819334674869124    0.6675353164517594295588761595737475506073976898536431249316243010
0.0186496380445092506379545444587334862925230534235747265844428741    0.6864086232141709277339596870456537797901513310401076822626831248
0.0181921042724329797721975974519808863242771318252911707190703407    0.7048305040556239936652684737231936921966215311553623169911136517
0.0177226062171403102703228664424160115467525443323187109291139528    0.7227888435771969447482773840853757921108894559978909787978157613
0.0172414526504632179367114353963292871043170742033566956714237367    0.7402718312342651111327987148436475905148039193622149004146387672
0.0167489600096561899914087857433772774999247288075250039261012260    0.7572679691038811603250284167615006373281408122549517177554784300
0.0162454521892917338850551258143903431823290194436597584596226023    0.7737660794465597079393864473076802439143753081803611078575527107
0.0157312603282530056555619756377527373128049649677243123277504421    0.7897553120574944162447109209911512634617548334178116418074958705
0.0152067225919642193926965156649640780925456170945386667849933294    0.8052251514023747489626518216101566112344654344879958542403525145
0.0146721839500028821633734067866957565748951328349670258038024489    0.8201654235331119032148777150124695735394091871820052440623587511
0.0141279959492413128114026009136245078174673275055301029770938904    0.8345663027789291859098216400560835201255264469657026078777197789
0.0135745164826684184717472870122878546262280845867824890412285836    0.8484183182084213055766824285865840206918080929379593040950990508
0.0130121095540464366818972707234048242142368344688274502376549866    0.8617123598583398666142721070865793464118769842740969167048719528
0.0124411450385615029061030279481893654580394759427982551938705240    0.8744396847250190904713244848429083021627330931754288493496715686
0.0118619984396318184420660835421007716732633388558007168017978863    0.8865919225145170219383890112676419797296687284554270601128903859
0.0112750506420434841855070444499631381994550097440441276163979852    0.8981610811477142481741026229926166502503966754457591522733758501
0.0106806876615928448599173205055512634448795792525011238523755025    0.9091395520167863389597890720947696554251477030713243417126066273
0.0100793003914275399131341436671770737752947102270455173779086432    0.9195201149896512289074482576295152080490030363439679682352025767
0.0094712843453004094390078447775881411002395643133198084478379866    0.9292959431591949675230601927485457447590701297044268333703069324
0.0088570393979890280103297210021463439560721186285966415705428853    0.9384606073343108220224274207882913805189308422444888005883646400
0.0082369695232057784465377533515455415727860763614546110635935870    0.9470080802700716735233124529157646595404016000335376821143932218
0.0076114825294658160273715129189265135551602374100355985686458023    0.9549327406347434685428499306461284822625980071948922215582936787
0.0069809897946776422542655339925540941117524392665351175482092675    0.9622293767119448039902538056036459950903909434939967198872050907
0.0063459060008800182193905839790246213694981097691114962937425609    0.9688931898373071472342155403329636086381847529321563615738716878
0.0057066488721108834266080360975414523129924656806549165513633086    0.9749197975710797558020013102252244483594195654285818254213698213
0.0050636389223974485735033348475213152206895187696053805069793642    0.9803052366127887857824126520910690888253965396356020935172158313
0.0044172992321285569610064358046099285497615290467278737630414506    0.9850459654756877632739376649908782211383769435881093190747491855
0.0037680553067011941600129797028356899800094509979573085780662624    0.9891388669713066737651374566811379163955927345729605362834227818
0.0031163352018386042948566752399365728009245388426089360335904814    0.9925812506590685987658675663288875734734452143066794230056659596
0.0024625706812254887289872821824960971965996748245775559600323473    0.9953708558168481016508226531571107739424203540193628976008251325
0.0018072035841884062263773369925573991098036339077289191710172111    0.9975058574465673976439139178598744695900511129303662902983484463
0.0011507324338946798936183573160785697930974618071294865427491293    0.9989848917170412680602306391662619065569525207376093969512751219
0.0004944768701851650609000892580547114782278190679333713101452088    0.9998073146814792631575884382208365848199271741271125775450254420
