0.0005759986148042258290145284512587906739603098897200543651919122    -0.9997755464998071155660102045775761942483983492338292878032118482
0.0013403868974682916309144197141026772177521543290605611896931224    -0.9988175567373456764804353376509982751088544778885656517554057242
0.0021048810488895136217190034042304984593679539690143835530635554    -0.9970948300197053381576040408130063146876998584216500323300375504
0.0028678610832792145737608744418290674651083084136078820100008968    -0.9946083031352182304785934363021034234641953432952830729141606927
0.0036286638416975181030699260682345570993477838877923029984419160    -0.9913598340626495800531321936469120690554951293186762066164710129
0.0043866926375502421140542823573704161773681350026531629909187887    -0.9873519002126643222957341677404942582033436517390271881685267887
0.0051413630806987910437092234224603385170286464937970522262564017    -0.9825875682889198115844180974879078282602735756639151336894846582
0.0058920957763881519813626651914451123571093182311319816511586805    -0.9770704866744156403509087456171044917232845016900761406391056133
0.0066383150925381315281428458467138840793890684579203278720598730    -0.9708048812371323262201968085380685828842063656075162473058538595
0.0073794491287145189025443313182843480636572638413390271410217048    -0.9637955516271195299101280210404162655410965506184495608189584536
0.0081149299947700341624170094805153714580802070382815193874652577    -0.9560478674184154368331323923014344978367976427642927613892019035
0.0088441941842312498569467753687606555969120917877010555608308572    -0.9475677639163093091125627597192578545459225485242923004495293319
0.0095666829795323665996990987429111903507022808618591991039666951    -0.9383617375724997071269294648348748915049686799730846779572624982
0.0102818428677035626773675788061492619007561729863998663067203318    -0.9284368409887620374934619309868955404834405962956432848740863715
0.0109891259582533836820383903211793298303449456006072733295886966    -0.9178006775034035930058040600675069442119383073453089061375573360
0.0116879903996496373046602851972764948739896502021666174048323832    -0.9064613953603372102173750180451507753034224705220912704294333803
0.0123779007926242309264480819088874977417021615861225371345156444    -0.8944276814631556095446203934202031502487625390465975013462107912
0.0130583285992966716981397136915401646724805219904987718587994310    -0.8817087547179262251677814278976902001474190475126945863253425528
0.0137287525474590695951486936804467310990111769052032086204805022    -0.8683143589692357560874692149276799567682709492835554431806678939
0.0143886590295332375168319005657140903790313426676238778977123644    -0.8542547555345772812352017840359287899937567593080490288528912301
0.0150375424957964521410281766025109847628777618625753069247763956    -0.8395407153426146838734788010431653847433492271210298532057587510
0.0156749058415194731341723525004666117404727056368038835293854284    -0.8241835106812368433546559065303027024733053664975691095327754334
0.0163002607876881338602247933372896595114585455415080948785362002    -0.8081949065616554788801118276224896372570095990076239300380281465
0.0169131282549976147192775252343074192402314691644822306981951396    -0.7915871517051197341435894723479259755168380238253905124023810096
0.0175130387308210809306110086621388793657496672214138756148135260    -0.7743729691591248840639646763785839757722617966012636732374217948
0.0180995326288641352778175882144376945931915651294001611534298031    -0.7565655465502858109971047688715329056478978989159099833230331608
0.0186721606412247976988156354687514440780284568428202156183599493    -0.7381785259813302268869038995241629817451680444346652163108386129
0.0192304840825861884160907925615587532254251618323099577025569238    -0.7192259935799431272043467643931704684979220785479675662189187488
0.0197740752262761594713764574090233825211458899268984810890273633    -0.6997224687074632301483856210510978021592216787306141746448494081
0.0203025176319350207436766053428562498972526375791041762912745943    -0.6796828928356944518599163854359322435924043285583075442805414184
0.0208154064645393748521660674785528137707097244330309634594463822    -0.6591226181003508893399047787548995828135871394320352375382045960
0.0213123488045369898250867485358325712838990950704411176394691385    -0.6380573955399023172868522059115852737491880904040737297472249133
0.0217929639488546457443233063508690820238001397123170220319618462    -0.6165033630288287816236006329701718347914771798990198334298549160
0.0222568837025480190122452510082179254481586090849072101020506206    -0.5944770329145273833447499421450863419548231477722626569859966827
0.0227037526608699307865122948065066616019434300577194890848181253    -0.5719952793673416629270509610459040197489354860450941842574107000
0.0231332284815406924075615834135187516067965520587178013508915676    -0.5490753254534039779980663681588543777774707602063453712166212407
0.0235449821470118334860577854256849862181412153870527103367035129    -0.5257347299401937699681653093485003885813574849647775872847619337
0.0239386982165221978349251901375946083129012738638478010382757467    -0.5019913738449194920728742554042904863348310831935737876400659688
0.0243140750677532367000629359916380590734020268206825223391946967    -0.4778634467360290758957220796096900275299952505116198739540797884
0.0246708251278983144681822767553528253482098928745059910551719805    -0.4533694327983430027484149621257146121765882037534435259494921430
0.0250086750939689649622619320427169007535387156295022409278921853    -0.4285280966724851808783480879997015329297500065854370031795993547
0.0253273661421692916557941590838217888663337503657990334804794837    -0.4033584690794597745577525823080908716441122459890438820708484949
0.0256266541261780872397870839468563211655649769048409377863878538    -0.3778798322413867570641189147198952429009384002664652384880301936
0.0259063097641867511920250994769142513730086738927037032604690272    -0.3521117051095651423643005081694263476440613242065070031824014497
0.0261661188145497022795926685702566174804470874917493541400307645    -0.3260738284111804718552164959369194444507338228181890574521728730
0.0264058822399127100087164321384123517585348859749804391539672836    -0.2997861495261120808424352394824886970347487393128667224414811867
0.0266254163596933984811729755298251056712504816769082246829613029    -0.2732688072054258389591457546979386719355684039906276976422333916
0.0268245529907971013406447482199754656405285143254508097822928781    -0.2465421161432593503606589282255833285683347837563077323667712184
0.0270031395764602607918943306519092833110463041043812125305379584    -0.2196265514139189208372645922923531634285613529962194505934525339
0.0271610393031226602445797246091365860169185859567839317271295606    -0.1925427327861108642907180265541866285993584764751608976820688381
0.0272981312052389520781970887854976719399492797400171231465623686    -0.1653114089263238514874576704445644772863115281521741937062863911
0.0274143102579491823752860531718822192755062114674430007198029288    -0.1379534415034639277381297056412582604701179885188044634243410286
0.0275094874575373161910879973103861766351383107593961642585636323    -0.1104897892069194782648169222085185093208055107045298284513144456
0.0275835898896161229267555250411462136440991688239533395803008895    -0.0829414916902997426760058536410655600467564518984082845651050481
0.0276365607849861845084418775656378978904375840650048797428093668    -0.0553296534531474224639239601377655301446649324911001222355758650
0.0276683595631262321630255855303903474833741902815783085990433887    -0.0276754276729734442215066782940648781021770252835156045014260580
0.0276789618632814934050654302176299189148559285929352438794223426    0.0000000000000000000000000000000000000000000000000000000000000000
0.0276683595631262321630255855303903474833741902815783085990433887    0.0276754276729734442215066782940648781021770252835156045014260580
0.0276365607849861845084418775656378978904375840650048797428093668    0.0553296534531474224639239601377655301446649324911001222355758650
0.0275835898896161229267555250411462136440991688239533395803008895    0.0829414916902997426760058536410655600467564518984082845651050481
0.0275094874575373161910879973103861766351383107593961642585636323    0.1104897892069194782648169222085185093208055107045298284513144456
0.0274143102579491823752860531718822192755062114674430007198029288    0.1379534415034639277381297056412582604701179885188044634243410286
0.0272981312052389520781970887854976719399492797400171231465623686    0.1653114089263238514874576704445644772863115281521741937062863911
0.0271610393031226602445797246091365860169185859567839317271295606    0.1925427327861108642907180265541866285993584764751608976820688381
0.0270031395764602607918943306519092833110463041043812125305379584    0.2196265514139189208372645922923531634285613529962194505934525339
0.0268245529907971013406447482199754656405285143254508097822928781    0.2465421161432593503606589282255833285683347837563077323667712184
0.0266254163596933984811729755298251056712504816769082246829613029    0.2732688072054258389591457546979386719355684039906276976422333916
0.0264058822399127100087164321384123517585348859749804391539672836    0.2997861495261120808424352394824886970347487393128667224414811867
0.0261661188145497022795926685702566174804470874917493541400307645    0.3260738284111804718552164959369194444507338228181890574521728730
0.0259063097641867511920250994769142513730086738927037032604690272    0.3521117051095651423643005081694263476440613242065070031824014497
0.0256266541261780872397870839468563211655649769048409377863878538    0.3778798322413867570641189147198952429009384002664652384880301936
0.0253273661421692916557941590838217888663337503657990334804794837    0.4033584690794597745577525823080908716441122459890438820708484949
0.0250086750939689649622619320427169007535387156295022409278921853    0.4285280966724851808783480879997015329297500065854370031795993547
0.0246708251278983144681822767553528253482098928745059910551719805    0.4533694327983430027484149621257146121765882037534435259494921430
0.0243140750677532367000629359916380590734020268206825223391946967    0.4778634467360290758957220796096900275299952505116198739540797884
0.0239386982165221978349251901375946083129012738638478010382757467    0.5019913738449194920728742554042904863348310831935737876400659688
0.0235449821470118334860577854256849862181412153870527103367035129    0.5257347299401937699681653093485003885813574849647775872847619337
0.0231332284815406924075615834135187516067965520587178013508915676    0.5490753254534039779980663681588543777774707602063453712166212407
0.0227037526608699307865122948065066616019434300577194890848181253    0.5719952793673416629270509610459040197489354860450941842574107000
0.0222568837025480190122452510082179254481586090849072101020506206    0.5944770329145273833447499421450863419548231477722626569859966827
0.0217929639488546457443233063508690820238001397123170220319618462    0.6165033630288287816236006329701718347914771798990198334298549160
0.0213123488045369898250867485358325712838990950704411176394691385    0.6380573955399023172868522059115852737491880904040737297472249133
0.0208154064645393748521660674785528137707097244330309634594463822    0.6591226181003508893399047787548995828135871394320352375382045960
0.0203025176319350207436766053428562498972526375791041762912745943    0.6796828928356944518599163854359322435924043285583075442805414184
0.0197740752262761594713764574090233825211458899268984810890273633    0.6997224687074632301483856210510978021592216787306141746448494081
0.0192304840825861884160907925615587532254251618323099577025569238    0.7192259935799431272043467643931704684979220785479675662189187488
0.0186721606412247976988156354687514440780284568428202156183599493    0.7381785259813302268869038995241629817451680444346652163108386129
0.0180995326288641352778175882144376945931915651294001611534298031    0.7565655465502858109971047688715329056478978989159099833230331608
0.0175130387308210809306110086621388793657496672214138756148135260    0.7743729691591248840639646763785839757722617966012636732374217948
0.0169131282549976147192775252343074192402314691644822306981951396    0.7915871517051197341435894723479259755168380238253905124023810096
0.0163002607876881338602247933372896595114585455415080948785362002    0.8081949065616554788801118276224896372570095990076239300380281465
0.0156749058415194731341723525004666117404727056368038835293854284    0.8241835106812368433546559065303027024733053664975691095327754334
0.0150375424957964521410281766025109847628777618625753069247763956    0.8395407153426146838734788010431653847433492271210298532057587510
0.0143886590295332375168319005657140903790313426676238778977123644    0.8542547555345772812352017840359287899937567593080490288528912301
0.0137287525474590695951486936804467310990111769052032086204805022    0.8683143589692357560874692149276799567682709492835554431806678939
0.0130583285992966716981397136915401646724805219904987718587994310    0.8817087547179262251677814278976902001474190475126945863253425528
0.0123779007926242309264480819088874977417021615861225371345156444    0.8944276814631556095446203934202031502487625390465975013462107912
0.0116879903996496373046602851972764948739896502021666174048323832    0.9064613953603372102173750180451507753034224705220912704294333803
0.0109891259582533836820383903211793298303449456006072733295886966    0.9178006775034035930058040600675069442119383073453089061375573360
0.0102818428677035626773675788061492619007561729863998663067203318    0.9284368409887620374934619309868955404834405962956432848740863715
0.0095666829795323665996990987429111903507022808618591991039666951    0.9383617375724997071269294648348748915049686799730846779572624982
0.0088441941842312498569467753687606555969120917877010555608308572    0.9475677639163093091125627597192578545459225485242923004495293319
0.0081149299947700341624170094805153714580802070382815193874652577    0.9560478674184154368331323923014344978367976427642927613892019035
0.0073794491287145189025443313182843480636572638413390271410217048    0.9637955516271195299101280210404162655410965506184495608189584536
0.0066383150925381315281428458467138840793890684579203278720598730    0.9708048812371323262201968085380685828842063656075162473058538595
0.0058920957763881519813626651914451123571093182311319816511586805    0.9770704866744156403509087456171044917232845016900761406391056133
0.0051413630806987910437092234224603385170286464937970522262564017    0.9825875682889198115844180974879078282602735756639151336894846582
0.0043866926375502421140542823573704161773681350026531629909187887    0.9873519002126643222957341677404942582033436517390271881685267887
0.0036286638416975181030699260682345570993477838877923029984419160    0.9913598340626495800531321936469120690554951293186762066164710129
0.0028678610832792145737608744418290674651083084136078820100008968    0.9946083031352182304785934363021034234641953432952830729141606927
0.0021048810488895136217190034042304984593679539690143835530635554    0.9970948300197053381576040408130063146876998584216500323300375504
0.0013403868974682916309144197141026772177521543290605611896931224    0.9988175567373456764804353376509982751088544778885656517554057242
0.0005759986148042258290145284512587906739603098897200543651919122    0.9997755464998071155660102045775761942483983492338292878032118482
