0.0004357132206253594056695218515175204235024431109010066256923699    -0.9998302140599380082409019793759025118677183541518653449737785359
0.0010140123975477327527388476259043457400295756716675572077383926    -0.9991055160621783400938243063122085597459242289430310613251802450
0.0015925807532661936046069365053758883234193206274720473471014182    -0.9978021695847499253887826546621715204509993026774192229078552342
0.0021703006346889868427639113521856911607102852674693490742977736    -0.9959206402428222138250103444805008552379821288701666214759455681
0.0027467777632469180602120732563700820756745499270171643920149720    -0.9934619829013109078488115801484016127953009232256366219521962056
0.0033216675977066479487562064966770703889322279918371201757462773    -0.9904276138873854829102495452777753364660451413647171373953571813
0.0038946342097475049854955392598365632364300241765218873816426386    -0.9868192888089687643334666071822756683509921588845123591840733168
0.0044653446177585339748526002847926485869073680355155269066369579    -0.9826390975558289894253687437373686610015639560585454303355535412
0.0050334677117679113228400712516433724251589380197633333040624694    -0.9778894620301700084752591125718691197306898641474002847918942124
0.0055986740883481419071707319974113144648265487601939865318226876    -0.9725731343910990476024973926406184941746555586414633180227982046
0.0061606361208991595420613715815943184471362869160941695989303616    -0.9666931953227886008973966575042412170518086348372630688230919979
0.0067190281028780699100647953391880003576330580246389154496253298    -0.9602530521893560597422344461564634357927254871929789812395077663
0.0072735264165389293971371217954660521669232798954636780038879325    -0.9532564370316569215662674300154641482995565175015170040308820124
0.0078238097111416109914462638326610900317257864864218705895723103    -0.9457074043898365235026453628597721381243433511481370378629398092
0.0083695590845206112740137683099572561611664382712857393829062291    -0.9376103289456813904152780284260436693151264546456975239913148371
0.0089104582654318421485729019036173690198443126118107199998829456    -0.9289699029828731106666204937244001273441973667689196452028320625
0.0094461937954712131858859582611534966026979398883522512329616737    -0.9197911336650402736851084744518396992384931596111458277781375072
0.0099764552099389203038809786578502642313656421214199219408658175    -0.9100793401323806626951340236323381057980607565167485521094971667
0.0105009352172847654813004054544282854634157083499280411740419357    -0.8998401504181047786281636637369388725056695940331216286383954618
0.0110193298768946853021131019019160206772542818970958258763314782    -0.8890794981862466944156787012579466576878484330046334848010819472
0.0115313387750415362466699908116099819362016373615499653136658065    -0.8778036192925931980136348999957422807935202061806326961196756806
0.0120366651988564851965556504381158904682115556254146351253894759    -0.8660190481706408055405604818047229746028699538996545635705620201
0.0125350163081959257105709177323334660528985749202586581606171199    -0.8537326140446237361274539313618093780366241944706662029236775491
0.0130261033052897973326848054775400558400615284815194693653842380    -0.8409514369717750903338135665180550640057403353021347108236273400
0.0135096416020640764974350903501701181294075016212555800911427215    -0.8276829237160939064817030039312167897430390771487028773084668975
0.0139853509850348703333185929756806831174916744580120739054563232    -0.8139347634559955335188054426859880262101456426331927863830553736
0.0144529557776749604764463827226661267014899855343102332716587318    -0.7997149233283235431469957758873658937032029642341507646467136857
0.0149121850001563529868931041573848935165767249169858070133975946    -0.7850316438112991587236519925315441613969709038067416868276596814
0.0153627725263746976355964581175771532846458060552228210914307478    -0.7698934339490794440539986456976515652155866398527854948818396821
0.0158044572381635215565329974620474524306583854453978086730079792    -0.7543090664206885774245040143880056605294687500376361277089208042
0.0162369831766081826441991168430536898314678122192122884543164043    -0.7382875724561776040087949625475134002503472123023758554787564937
0.0166600996903713496974447276135358674305265038976547114828289507    -0.7218382366029572005622885377655986476416475316603550094655328750
0.0170735615809436973504387574042956578892933213769176575270095695    -0.7049705913453352382380067605463091765820648268356740410550124863
0.0174771292447353878526278669457235895658668116229832189446069925    -0.6876944115803763002681303229896837483455204867954145953365862302
0.0178705688119258133955891040987879652858865446650014862497897774    -0.6700197089532837902883942083168131535871167141597945425642505903
0.0182536522819910010184643008226965912120211955991617802822547764    -0.6519567260555868317168328020434930862231925450382531499182199444
0.0186261576558300427285373902296384793642725935646719616024926359    -0.6335159304894937791191145493562832916114238896195702704858444060
0.0189878690644139096676764334178729177085673386488215889814385625    -0.6147080088018518048197624839911291613580728087558779893687685354
0.0193385768938820427847564438681524782716961463676816729706502966    -0.5955438602912276515410237683555611022887215157623251904222331156
0.0196780779070141844084021175520208351917844097634543543514588956    -0.5760345906916982166330092604267043943876324623864374402218896163
0.0200061753610070255652248487842040064834924840907164570081213998    -0.5561915057370111170444026462677151882612607018181727149714051409
0.0203226791214873926175001983897855780618412743470551740405359630    -0.5360261046088447381442714252578889479052838688306919248587763175
0.0206274057726958832485148582298536551050210202364903617348669597    -0.5155500732729644558187824751210122931175228769862076633538807615
0.0209201787237770852286877482974513352641011772646254267452767396    -0.4947752777071367025782702139095590514267648374227040345865242196
0.0212008283111147708152877507153371193901537882003354060448165419    -0.4737137570247252882260016558120280944904600788005241990850337881
0.0214691918966527540187200688060824917495021081609658200699669138    -0.4523777164979548484639814216649415693460377973537947973559792804
0.0217251139621444261650642200073398774708825122095777662836060356    -0.4307795204848844462482510583723833412553615824692791329452136326
0.0219684461992763459849701957154659530622250267670537336730719840    -0.4089316852641901575411561484307687783431874294657531349071821731
0.0221990475956136525958890721373996518772196908644762641837664272    -0.3868468717819089033668561670874748791835860270689740225429007069
0.0224167845163174919067549256452465692720273833674518855187069638    -0.3645378783143468130747746871647419221374160791650225193794182161
0.0226215307815870978142699354654462903800480735593930670374099798    -0.3420176330514039900993965541399631160506118779420409306028808007
0.0228131677397816477000553433046683628205404871504068316778034445    -0.3192991866046136732824924064133346470894629609457095964751429776
0.0229915843361795157742472816061113492999507091453893475336120264    -0.2963957044442374173953327867215447745415206707072928969162614539
0.0231566771773350763171411317353045501398316013255172800123171870    -0.2733204592697990306790244005728017210585898898352032948003937407
0.0233083505909957603998338720801242304405321033901486340342415748    -0.2500868233184785812626874710922671294676982500081263528842321706
0.0234465166815446427534490594119376192532457915489038073606888394    -0.2267082606158237959291033285497772235217421897473524564093247625
0.0235710953809364286246686688758853819459223902563582937918724221    -0.2031983191732696030550571418763924040213706462680771922337251793
0.0236820144950973222090371986188385402207158996773564781681316119    -0.1795706231369873973252153636798083909261116464424804593335985868
0.0237792097457618870862750408440318619055073626885426713657230762    -0.1558388648926138091706958127370641067273857644770283554884766497
0.0238626248077226534757143452324539418169272174105573185844536151    -0.1320167971304343304955485130304173923753873208235740781522470707
0.0239322113414708855568855781059536106915040711372666495103698595    -0.1081182248756200653282992645962169110743583061613178672087898483
0.0239879290212095930231724430309860792192945595494115098742839392    -0.0841569974881361263063049903654666114456358554767417866295481048
0.0240297455582225529103423076093167358403472099559040388139746146    -0.0601470006369577736438279646520808192874131953958517552426317635
0.0240576367195857990148129853133565069192982352103924303369977197    -0.0361021482532452822748440605080478701436041453470490491694455614
0.0240715863422107353310575660769681581560877542893454615416245903    -0.0120363744671407165778875932265055078995314149183531313567542995
0.0240715863422107353310575660769681581560877542893454615416245903    0.0120363744671407165778875932265055078995314149183531313567542995
0.0240576367195857990148129853133565069192982352103924303369977197    0.0361021482532452822748440605080478701436041453470490491694455614
0.0240297455582225529103423076093167358403472099559040388139746146    0.0601470006369577736438279646520808192874131953958517552426317635
0.0239879290212095930231724430309860792192945595494115098742839392    0.0841569974881361263063049903654666114456358554767417866295481048
0.0239322113414708855568855781059536106915040711372666495103698595    0.1081182248756200653282992645962169110743583061613178672087898483
0.0238626248077226534757143452324539418169272174105573185844536151    0.1320167971304343304955485130304173923753873208235740781522470707
0.0237792097457618870862750408440318619055073626885426713657230762    0.1558388648926138091706958127370641067273857644770283554884766497
0.0236820144950973222090371986188385402207158996773564781681316119    0.1795706231369873973252153636798083909261116464424804593335985868
0.0235710953809364286246686688758853819459223902563582937918724221    0.2031983191732696030550571418763924040213706462680771922337251793
0.0234465166815446427534490594119376192532457915489038073606888394    0.2267082606158237959291033285497772235217421897473524564093247625
0.0233083505909957603998338720801242304405321033901486340342415748    0.2500868233184785812626874710922671294676982500081263528842321706
0.0231566771773350763171411317353045501398316013255172800123171870    0.2733204592697990306790244005728017210585898898352032948003937407
0.0229915843361795157742472816061113492999507091453893475336120264    0.2963957044442374173953327867215447745415206707072928969162614539
0.0228131677397816477000553433046683628205404871504068316778034445    0.3192991866046136732824924064133346470894629609457095964751429776
0.0226215307815870978142699354654462903800480735593930670374099798    0.3420176330514039900993965541399631160506118779420409306028808007
0.0224167845163174919067549256452465692720273833674518855187069638    0.3645378783143468130747746871647419221374160791650225193794182161
0.0221990475956136525958890721373996518772196908644762641837664272    0.3868468717819089033668561670874748791835860270689740225429007069
0.0219684461992763459849701957154659530622250267670537336730719840    0.4089316852641901575411561484307687783431874294657531349071821731
0.0217251139621444261650642200073398774708825122095777662836060356    0.4307795204848844462482510583723833412553615824692791329452136326
0.0214691918966527540187200688060824917495021081609658200699669138    0.4523777164979548484639814216649415693460377973537947973559792804
0.0212008283111147708152877507153371193901537882003354060448165419    0.4737137570247252882260016558120280944904600788005241990850337881
0.0209201787237770852286877482974513352641011772646254267452767396    0.4947752777071367025782702139095590514267648374227040345865242196
0.0206274057726958832485148582298536551050210202364903617348669597    0.5155500732729644558187824751210122931175228769862076633538807615
0.0203226791214873926175001983897855780618412743470551740405359630    0.5360261046088447381442714252578889479052838688306919248587763175
0.0200061753610070255652248487842040064834924840907164570081213998    0.5561915057370111170444026462677151882612607018181727149714051409
0.0196780779070141844084021175520208351917844097634543543514588956    0.5760345906916982166330092604267043943876324623864374402218896163
0.0193385768938820427847564438681524782716961463676816729706502966    0.5955438602912276515410237683555611022887215157623251904222331156
0.0189878690644139096676764334178729177085673386488215889814385625    0.6147080088018518048197624839911291613580728087558779893687685354
0.0186261576558300427285373902296384793642725935646719616024926359    0.6335159304894937791191145493562832916114238896195702704858444060
0.0182536522819910010184643008226965912120211955991617802822547764    0.6519567260555868317168328020434930862231925450382531499182199444
0.0178705688119258133955891040987879652858865446650014862497897774    0.6700197089532837902883942083168131535871167141597945425642505903
0.0174771292447353878526278669457235895658668116229832189446069925    0.6876944115803763002681303229896837483455204867954145953365862302
0.0170735615809436973504387574042956578892933213769176575270095695    0.7049705913453352382380067605463091765820648268356740410550124863
0.0166600996903713496974447276135358674305265038976547114828289507    0.7218382366029572005622885377655986476416475316603550094655328750
0.0162369831766081826441991168430536898314678122192122884543164043    0.7382875724561776040087949625475134002503472123023758554787564937
0.0158044572381635215565329974620474524306583854453978086730079792    0.7543090664206885774245040143880056605294687500376361277089208042
0.0153627725263746976355964581175771532846458060552228210914307478    0.7698934339490794440539986456976515652155866398527854948818396821
0.0149121850001563529868931041573848935165767249169858070133975946    0.7850316438112991587236519925315441613969709038067416868276596814
0.0144529557776749604764463827226661267014899855343102332716587318    0.7997149233283235431469957758873658937032029642341507646467136857
0.0139853509850348703333185929756806831174916744580120739054563232    0.8139347634559955335188054426859880262101456426331927863830553736
0.0135096416020640764974350903501701181294075016212555800911427215    0.8276829237160939064817030039312167897430390771487028773084668975
0.0130261033052897973326848054775400558400615284815194693653842380    0.8409514369717750903338135665180550640057403353021347108236273400
0.0125350163081959257105709177323334660528985749202586581606171199    0.8537326140446237361274539313618093780366241944706662029236775491
0.0120366651988564851965556504381158904682115556254146351253894759    0.8660190481706408055405604818047229746028699538996545635705620201
0.0115313387750415362466699908116099819362016373615499653136658065    0.8778036192925931980136348999957422807935202061806326961196756806
0.0110193298768946853021131019019160206772542818970958258763314782    0.8890794981862466944156787012579466576878484330046334848010819472
0.0105009352172847654813004054544282854634157083499280411740419357    0.8998401504181047786281636637369388725056695940331216286383954618
0.0099764552099389203038809786578502642313656421214199219408658175    0.9100793401323806626951340236323381057980607565167485521094971667
0.0094461937954712131858859582611534966026979398883522512329616737    0.9197911336650402736851084744518396992384931596111458277781375072
0.0089104582654318421485729019036173690198443126118107199998829456    0.9289699029828731106666204937244001273441973667689196452028320625
0.0083695590845206112740137683099572561611664382712857393829062291    0.9376103289456813904152780284260436693151264546456975239913148371
0.0078238097111416109914462638326610900317257864864218705895723103    0.9457074043898365235026453628597721381243433511481370378629398092
0.0072735264165389293971371217954660521669232798954636780038879325    0.9532564370316569215662674300154641482995565175015170040308820124
0.0067190281028780699100647953391880003576330580246389154496253298    0.9602530521893560597422344461564634357927254871929789812395077663
0.0061606361208991595420613715815943184471362869160941695989303616    0.9666931953227886008973966575042412170518086348372630688230919979
0.0055986740883481419071707319974113144648265487601939865318226876    0.9725731343910990476024973926406184941746555586414633180227982046
0.0050334677117679113228400712516433724251589380197633333040624694    0.9778894620301700084752591125718691197306898641474002847918942124
0.0044653446177585339748526002847926485869073680355155269066369579    0.9826390975558289894253687437373686610015639560585454303355535412
0.0038946342097475049854955392598365632364300241765218873816426386    0.9868192888089687643334666071822756683509921588845123591840733168
0.0033216675977066479487562064966770703889322279918371201757462773    0.9904276138873854829102495452777753364660451413647171373953571813
0.0027467777632469180602120732563700820756745499270171643920149720    0.9934619829013109078488115801484016127953009232256366219521962056
0.0021703006346889868427639113521856911607102852674693490742977736    0.9959206402428222138250103444805008552379821288701666214759455681
0.0015925807532661936046069365053758883234193206274720473471014182    0.9978021695847499253887826546621715204509993026774192229078552342
0.0010140123975477327527388476259043457400295756716675572077383926    0.9991055160621783400938243063122085597459242289430310613251802450
0.0004357132206253594056695218515175204235024431109010066256923699    0.9998302140599380082409019793759025118677183541518653449737785359
