0.0556685671161736664827537204425485787285156256968981483483842857    -0.9782286581460569928039380011228573907714224089197844154258010660
0.1255803694649046246346942992239401001976157913954035006639340108    -0.8870625997680952990751577693039272666316757512253143849674110555
0.1862902109277342514260976414316558916912847480402034117815064042    -0.7301520055740493240934162520311534580496430620261303119783783397
0.2331937645919904799185237048431751394317981723169585090273197221    -0.5190961292068118159257256694586095544802271151199284890209226115
0.2628045445102466621806888698905091953727646776031445563800553715    -0.2695431559523449723315319854008615246796218624390522816239256319
0.2729250867779006307144835283363421891560419698947837475976004115    0.0000000000000000000000000000000000000000000000000000000000000000
0.2628045445102466621806888698905091953727646776031445563800553715    0.2695431559523449723315319854008615246796218624390522816239256319
0.2331937645919904799185237048431751394317981723169585090273197221    0.5190961292068118159257256694586095544802271151199284890209226115
0.1862902109277342514260976414316558916912847480402034117815064042    0.7301520055740493240934162520311534580496430620261303119783783397
0.1255803694649046246346942992239401001976157913954035006639340108    0.8870625997680952990751577693039272666316757512253143849674110555
0.0556685671161736664827537204425485787285156256968981483483842857    0.9782286581460569928039380011228573907714224089197844154258010660
