0.0004226596651488855302341524548653873607055367581132532971586342    -0.9998353008255630783847319865380952248447090554629780784825659732
0.0009836406677440392957497957478473506912231731323743595846538467    -0.9991323115489609396703974853884679030836075631127665373248804876
0.0015448998542766336443437214842275194267253459788031732492431917    -0.9978679947094029311413979398180195533834203935443806422196151979
0.0021053627890709343354831874420044845275063371315597069946944098    -0.9960427800339633940357695879285721196581192810211520819589408116
0.0026646567073068660867431806574444801250350938039624070771260162    -0.9936576591279312321488386498320391580900744020321035385789493471
0.0032224570496053766782932272095546227786808119745371779957776746    -0.9907139645482456827507495669576956320810543044117613729171714394
0.0037784475586886523093583510315402727368834276134898679967051818    -0.9872133483338149884454457011808885375837578836693300435438922472
0.0043323147719334671929508157588465249095317601509811902282599354    -0.9831577772146490020145391087438153237388632412971063723942642474
0.0048837469675550225571099984620243201227275301986074340462931807    -0.9785495304796947064337556451364970937195234834836650337418142949
0.0054324339935664466571915459471140732330531214465113983963237814    -0.9733911983540777667858082766809961367535673682275396475775502063
0.0059780673251373207611227175842580995455595828179392341012323974    -0.9676856804101845610148034520095940009919441218078769480165548121
0.0065203401927959378723715752199389226287579017677087550767552588    -0.9614361838796342729165533158524011314905532209444965631514094290
0.0070589477354691893705896151147436002834184131862839618987031787    -0.9546462218225919880925107190810938988532486765134445120383177968
0.0075935871628089031281946732386270881183992180756533083104478586    -0.9473196111386552702188379696796206841955060829433479164112232181
0.0081239579208876111486354543325501090814389523538282568519374579    -0.9394604704134282234160498216652401515771943679293828426051152694
0.0086497618587681506249630216240900175467379219477542193500391799    -0.9310732175988281285826393073777032984582555961490231773212506275
0.0091707033947859538349115179814804964325855427531456384012424823    -0.9221625675268996965058119965235475620004579919013691367368237055
0.0096864896819455135384171345742329517042364233324715554987064537    -0.9127335292577535119355350454697379828247840489156021492007667240
0.0101968307720859829347256652230700962293677543096145903268385075    -0.9027914032627010165318172916499295776042277862751219766824803474
0.0107014397785918705015546981042863077860512147411966886496872241    -0.8923417784439358122675466724016508864950128991406773691971070600
0.0112000330374856588379964145062017835516409263673052945555001369    -0.8813905289923013463150237240837763611003318211632687068184937699
0.0116923302667713553085838173666050739249005614476260214167019341    -0.8699438110848304909689085602444403858938704926805234528436211486
0.0121780547239158673722608479251864658662714832858427057221450024    -0.8580080594238637516403520888101144091162438862522472601250556727
0.0126569333613655870252131536646163739530486540062343748134664627    -0.8455899836196602594508610155346196096180646076153762715791732689
0.0131286969800021105137961311838772083135122835476510309924012238    -0.8326965644185148118863186494692794359218098387536458983285033994
0.0135930803804453932804794939981166108701604082557623527533474015    -0.8193350497784879796672622477790118405573424654845417997327249221
0.0140498225121157983331988724365703861882528898428479486152927929    -0.8055129507949463440471996572978261160184869498647624204532092682
0.0144986666199689628976173037496355510740694481437629772708587433    -0.7912380374781971944186728781982364117335232805922810547252735670
0.0149393603888194793256648312806869710010011218450928476198761144    -0.7765183343855870312443500314268333800451065741649120995755589889
0.0153716560851712329841143418188028703910165625122051844027052563    -0.7613621161105162862860813872765171478125957546335694184441192531
0.0157953106964739633452429732950091559786819087835838894409847417    -0.7457779026309039603545163691732422346837649428409373500987020311
0.0162100860677272755777908750806944204092483237978208223848966378    -0.7297744545197154786615244987269365181998734352634628764120851939
0.0166157490353549657609548742677107761368246170962040141405732452    -0.7133607680202450176662307289102211456744373085880853443916990576
0.0170120715582741564090523631813460915457759944883119924357486385    -0.6965460699889198779112676936476565914447885363777714621294398655
0.0173988308460853846340003263598051739884323208066910276320842098    -0.6793398127084691592817635610278853163859143426362135352168723404
0.0177758094843114519402501313114226229267554392968019306990735950    -0.6617516685743720214832298369090049532504618698933610086987787215
0.0181427955566145378949123316767160677465878781160343900090500065    -0.6437915246575721592976997163533776984568637090647418940793712783
0.0184995827639228031129794736161427376774386381559844057961102934    -0.6254694771465147609303092491272885476313399085852382908009915023
0.0188459705403994620874850657929248263163648619090343411526017079    -0.6067958256716301174846691914639761800080777750980589219365535942
0.0191817641661890943769336931595259406472687304104133897593659051    -0.5877810675154541798484371667204035476763756028110805316590157124
0.0195067748768777839022332819587994979989199963913163426470236213    -0.5684358917116406829122344305075646319019739386566964092402019171
0.0198208199696055305335405817570659422131253286017831489549123708    -0.5487711730361819428328006706857158295793656701631280684784180189
0.0201237229057712653933338344078448026343430343086605212542434311    -0.5287979658942160479611378683138903643524357342025291372962784710
0.0204153134102727207820538353762991748314888491856887165778393820    -0.5085274981058568755475211554233014032933015015483410982990668617
0.0206954275672253566098679300784051996295244864996269408958803619    -0.4879711645945401425311489212707485217533450410745347473336347596
0.0209639079121065268430235836416955336027199437540993433708502755    -0.4671405209814335085423752064326350462618909870223681872951443257
0.0212206035202730808120389496833541823922282742917246298533344875    -0.4460472770895115625030301351229895771395347874301767500673240264
0.0214653700918026342832001488930284464114267483874733571974397521    -0.4247032903609473116859056658717782122931775775657353200161172827
0.0216980700326108129154769601505290672935962033493171305503040069    -0.4031205591915205255933863182970373998444834084032059052151536088
0.0219185725317988650224827496508676169148446655130030376120481097    -0.3813112161857899394127552202221570971015285551304407300449870086
0.0221267536351881603107686380875053729618037923498714751845647126    -0.3592875213368208670838805669632055064854394106105147535690826032
0.0223224963150002353211182598271004245797060090885496396409844924    -0.3370618551343021872927346043347347342970674985144896589793385429
0.0225056905356432134845749335063649128684631260384985220313764927    -0.3146467116049269232629954242052843774658399568395093575431370020
0.0226762333155676168252712908618887401348340941492550460292477785    -0.2920546912889487165237645320801319075050920150596710817382991775
0.0228340287851567961854567854966234452331553542339511723194724049    -0.2692984941568623745536726312767869139654293551502234218826403432
0.0229789882406194361863219780533606127766841752379102739286164219    -0.2463909124701903322301664537566904629038048235740952579514319875
0.0231110301938538387290690882360059074394134011969335054374522918    -0.2233448235903882884726950446028367365705469276404215919699487638
0.0232300804182559534292753562443906476442288546299833344570224407    -0.2001731827399124447336473834653177139014912986453705617494417951
0.0233360719904454036976399040337108704530498581726531989205573609    -0.1768890157195176646957370914672354147299367661001676970643027207
0.0234289453278860519551365579594313394318062876539117839661794281    -0.1535054115858804795851065162774812240578432691055760400557038966
0.0235086482223799554146364672092682613167808351945583145505836966    -0.1300355152936631670930062407534905950568724121385528253774907362
0.0235751358694158836801889938767367953966839500717042768467701747    -0.1064925203061551214927521488082037445642337666534319530972770310
0.0236283708933558998080003156979551906079886744151533011636063025    -0.0828896611786453969177920531364065464677682638897353659585901121
0.0236683233684458461319178684586566185543493294121171666294417820    -0.0592402061186956350108036871800425186595067652175365537133549889
0.0236949708356379237675052840862742597155874249230743120488630632    -0.0355574495274955736531508630661192387945226573536067466897292310
0.0237082983152159089543950579024933031873691873594343889867754570    -0.0118547045264939679449643070240927704515388542906189473131877807
0.0237082983152159089543950579024933031873691873594343889867754570    0.0118547045264939679449643070240927704515388542906189473131877807
0.0236949708356379237675052840862742597155874249230743120488630632    0.0355574495274955736531508630661192387945226573536067466897292310
0.0236683233684458461319178684586566185543493294121171666294417820    0.0592402061186956350108036871800425186595067652175365537133549889
0.0236283708933558998080003156979551906079886744151533011636063025    0.0828896611786453969177920531364065464677682638897353659585901121
0.0235751358694158836801889938767367953966839500717042768467701747    0.1064925203061551214927521488082037445642337666534319530972770310
0.0235086482223799554146364672092682613167808351945583145505836966    0.1300355152936631670930062407534905950568724121385528253774907362
0.0234289453278860519551365579594313394318062876539117839661794281    0.1535054115858804795851065162774812240578432691055760400557038966
0.0233360719904454036976399040337108704530498581726531989205573609    0.1768890157195176646957370914672354147299367661001676970643027207
0.0232300804182559534292753562443906476442288546299833344570224407    0.2001731827399124447336473834653177139014912986453705617494417951
0.0231110301938538387290690882360059074394134011969335054374522918    0.2233448235903882884726950446028367365705469276404215919699487638
0.0229789882406194361863219780533606127766841752379102739286164219    0.2463909124701903322301664537566904629038048235740952579514319875
0.0228340287851567961854567854966234452331553542339511723194724049    0.2692984941568623745536726312767869139654293551502234218826403432
0.0226762333155676168252712908618887401348340941492550460292477785    0.2920546912889487165237645320801319075050920150596710817382991775
0.0225056905356432134845749335063649128684631260384985220313764927    0.3146467116049269232629954242052843774658399568395093575431370020
0.0223224963150002353211182598271004245797060090885496396409844924    0.3370618551343021872927346043347347342970674985144896589793385429
0.0221267536351881603107686380875053729618037923498714751845647126    0.3592875213368208670838805669632055064854394106105147535690826032
0.0219185725317988650224827496508676169148446655130030376120481097    0.3813112161857899394127552202221570971015285551304407300449870086
0.0216980700326108129154769601505290672935962033493171305503040069    0.4031205591915205255933863182970373998444834084032059052151536088
0.0214653700918026342832001488930284464114267483874733571974397521    0.4247032903609473116859056658717782122931775775657353200161172827
0.0212206035202730808120389496833541823922282742917246298533344875    0.4460472770895115625030301351229895771395347874301767500673240264
0.0209639079121065268430235836416955336027199437540993433708502755    0.4671405209814335085423752064326350462618909870223681872951443257
0.0206954275672253566098679300784051996295244864996269408958803619    0.4879711645945401425311489212707485217533450410745347473336347596
0.0204153134102727207820538353762991748314888491856887165778393820    0.5085274981058568755475211554233014032933015015483410982990668617
0.0201237229057712653933338344078448026343430343086605212542434311    0.5287979658942160479611378683138903643524357342025291372962784710
0.0198208199696055305335405817570659422131253286017831489549123708    0.5487711730361819428328006706857158295793656701631280684784180189
0.0195067748768777839022332819587994979989199963913163426470236213    0.5684358917116406829122344305075646319019739386566964092402019171
0.0191817641661890943769336931595259406472687304104133897593659051    0.5877810675154541798484371667204035476763756028110805316590157124
0.0188459705403994620874850657929248263163648619090343411526017079    0.6067958256716301174846691914639761800080777750980589219365535942
0.0184995827639228031129794736161427376774386381559844057961102934    0.6254694771465147609303092491272885476313399085852382908009915023
0.0181427955566145378949123316767160677465878781160343900090500065    0.6437915246575721592976997163533776984568637090647418940793712783
0.0177758094843114519402501313114226229267554392968019306990735950    0.6617516685743720214832298369090049532504618698933610086987787215
0.0173988308460853846340003263598051739884323208066910276320842098    0.6793398127084691592817635610278853163859143426362135352168723404
0.0170120715582741564090523631813460915457759944883119924357486385    0.6965460699889198779112676936476565914447885363777714621294398655
0.0166157490353549657609548742677107761368246170962040141405732452    0.7133607680202450176662307289102211456744373085880853443916990576
0.0162100860677272755777908750806944204092483237978208223848966378    0.7297744545197154786615244987269365181998734352634628764120851939
0.0157953106964739633452429732950091559786819087835838894409847417    0.7457779026309039603545163691732422346837649428409373500987020311
0.0153716560851712329841143418188028703910165625122051844027052563    0.7613621161105162862860813872765171478125957546335694184441192531
0.0149393603888194793256648312806869710010011218450928476198761144    0.7765183343855870312443500314268333800451065741649120995755589889
0.0144986666199689628976173037496355510740694481437629772708587433    0.7912380374781971944186728781982364117335232805922810547252735670
0.0140498225121157983331988724365703861882528898428479486152927929    0.8055129507949463440471996572978261160184869498647624204532092682
0.0135930803804453932804794939981166108701604082557623527533474015    0.8193350497784879796672622477790118405573424654845417997327249221
0.0131286969800021105137961311838772083135122835476510309924012238    0.8326965644185148118863186494692794359218098387536458983285033994
0.0126569333613655870252131536646163739530486540062343748134664627    0.8455899836196602594508610155346196096180646076153762715791732689
0.0121780547239158673722608479251864658662714832858427057221450024    0.8580080594238637516403520888101144091162438862522472601250556727
0.0116923302667713553085838173666050739249005614476260214167019341    0.8699438110848304909689085602444403858938704926805234528436211486
0.0112000330374856588379964145062017835516409263673052945555001369    0.8813905289923013463150237240837763611003318211632687068184937699
0.0107014397785918705015546981042863077860512147411966886496872241    0.8923417784439358122675466724016508864950128991406773691971070600
0.0101968307720859829347256652230700962293677543096145903268385075    0.9027914032627010165318172916499295776042277862751219766824803474
0.0096864896819455135384171345742329517042364233324715554987064537    0.9127335292577535119355350454697379828247840489156021492007667240
0.0091707033947859538349115179814804964325855427531456384012424823    0.9221625675268996965058119965235475620004579919013691367368237055
0.0086497618587681506249630216240900175467379219477542193500391799    0.9310732175988281285826393073777032984582555961490231773212506275
0.0081239579208876111486354543325501090814389523538282568519374579    0.9394604704134282234160498216652401515771943679293828426051152694
0.0075935871628089031281946732386270881183992180756533083104478586    0.9473196111386552702188379696796206841955060829433479164112232181
0.0070589477354691893705896151147436002834184131862839618987031787    0.9546462218225919880925107190810938988532486765134445120383177968
0.0065203401927959378723715752199389226287579017677087550767552588    0.9614361838796342729165533158524011314905532209444965631514094290
0.0059780673251373207611227175842580995455595828179392341012323974    0.9676856804101845610148034520095940009919441218078769480165548121
0.0054324339935664466571915459471140732330531214465113983963237814    0.9733911983540777667858082766809961367535673682275396475775502063
0.0048837469675550225571099984620243201227275301986074340462931807    0.9785495304796947064337556451364970937195234834836650337418142949
0.0043323147719334671929508157588465249095317601509811902282599354    0.9831577772146490020145391087438153237388632412971063723942642474
0.0037784475586886523093583510315402727368834276134898679967051818    0.9872133483338149884454457011808885375837578836693300435438922472
0.0032224570496053766782932272095546227786808119745371779957776746    0.9907139645482456827507495669576956320810543044117613729171714394
0.0026646567073068660867431806574444801250350938039624070771260162    0.9936576591279312321488386498320391580900744020321035385789493471
0.0021053627890709343354831874420044845275063371315597069946944098    0.9960427800339633940357695879285721196581192810211520819589408116
0.0015448998542766336443437214842275194267253459788031732492431917    0.9978679947094029311413979398180195533834203935443806422196151979
0.0009836406677440392957497957478473506912231731323743595846538467    0.9991323115489609396703974853884679030836075631127665373248804876
0.0004226596651488855302341524548653873607055367581132532971586342    0.9998353008255630783847319865380952248447090554629780784825659732
