0.0160172282577743333242246168584710152658904221179024825481779101    -0.9937521706203895002602420359379409291933384547823291855808738547
0.0369537897708524937999506682993296661889443081487298374271691819    -0.9672268385663062943166222149076951614246936873298468499529711281
0.0571344254268572082836358264724479574912875968262560414425073234    -0.9200993341504008287901871337149688941591476096482216971761354871
0.0761001136283793020170516533001831792261543524239660285214684858    -0.8533633645833172836472506385875676702761058031793439707429916294
0.0934444234560338615532897411139320884835266473615928448666952716    -0.7684399634756779086158778513062280348209767057713695508687266650
0.1087972991671483776634745780701056420336995957938563305527820872    -0.6671388041974123193059666699903391625970293433114028424754670823
0.1218314160537285341953671771257335983563376255615374502429838078    -0.5516188358872198070590187967243132866220602242306796650043058395
0.1322689386333374617810525744967756043290115401431568232183503232    -0.4243421202074387835736688885437880520964452318396345842242582359
0.1398873947910731547221334238675831108927931609549196043737313263    -0.2880213168024010966007925160646003199090182636460332287542815247
0.1445244039899700590638271665537525436099499621970998347524729889    -0.1455618541608950909370309823386863301163260244379377574214883900
0.1460811336496904271919851476833711882448095769419654441073225875    0.0000000000000000000000000000000000000000000000000000000000000000
0.1445244039899700590638271665537525436099499621970998347524729889    0.1455618541608950909370309823386863301163260244379377574214883900
0.1398873947910731547221334238675831108927931609549196043737313263    0.2880213168024010966007925160646003199090182636460332287542815247
0.1322689386333374617810525744967756043290115401431568232183503232    0.4243421202074387835736688885437880520964452318396345842242582359
0.1218314160537285341953671771257335983563376255615374502429838078    0.5516188358872198070590187967243132866220602242306796650043058395
0.1087972991671483776634745780701056420336995957938563305527820872    0.6671388041974123193059666699903391625970293433114028424754670823
0.0934444234560338615532897411139320884835266473615928448666952716    0.7684399634756779086158778513062280348209767057713695508687266650
0.0761001136283793020170516533001831792261543524239660285214684858    0.8533633645833172836472506385875676702761058031793439707429916294
0.0571344254268572082836358264724479574912875968262560414425073234    0.9200993341504008287901871337149688941591476096482216971761354871
0.0369537897708524937999506682993296661889443081487298374271691819    0.9672268385663062943166222149076951614246936873298468499529711281
0.0160172282577743333242246168584710152658904221179024825481779101    0.9937521706203895002602420359379409291933384547823291855808738547
