0.0666713443086881375935688098933317928578648343201581451286948816    -0.9739065285171717200779640120844520534282699466923821192312120667
0.1494513491505805931457763396576973324025566396694273678354772688    -0.8650633666889845107320966884234930485275430149653304525219597318
0.2190863625159820439955349342281631924587718705226770898809565436    -0.6794095682990244062343273651148735757692947118348094676648171890
0.2692667193099963550912269215694693528597599384608837958005632762    -0.4333953941292471907992659431657841622000718376562464965027015131
0.2955242247147528701738929946513383294210467170268536013543080298    -0.1488743389816312108848260011297199846175648594206916957079892535
0.2955242247147528701738929946513383294210467170268536013543080298    0.1488743389816312108848260011297199846175648594206916957079892535
0.2692667193099963550912269215694693528597599384608837958005632762    0.4333953941292471907992659431657841622000718376562464965027015131
0.2190863625159820439955349342281631924587718705226770898809565436    0.6794095682990244062343273651148735757692947118348094676648171890
0.1494513491505805931457763396576973324025566396694273678354772688    0.8650633666889845107320966884234930485275430149653304525219597318
0.0666713443086881375935688098933317928578648343201581451286948816    0.9739065285171717200779640120844520534282699466923821192312120667
