0.0005284201594894704460893706337957114412902548329193743348742778    -0.9997940873731903094496579853103331658805933666356820001670394726
0.0012297011347328742300995672692069718936232864984174005560544135    -0.9989152175823165085131513613415752151924624828940009280836327949
0.0019311570077891656909879737554634896778161619857334307532029232    -0.9973347117577213778649688975590073755768727890358074514833114159
0.0026313459257351678913614244742466035696245858609827079501855715    -0.9950533293600025905549152962032651246347883515517323305575035259
0.0033297036409996474938530324792532603772546340337705711612922755    -0.9920726307180308173368922470157617553970982598590167186393290669
0.0040257266427600877365405698932078368721129819008044781618959398    -0.9883947004102458281818095344001173365207534828688798322909203821
0.0047189223918054129328496976380326734808252085458103526296631397    -0.9840221198922332499323460664950999868177401560640534305965144714
0.0054088025582651508863388046291702343828599771261782786468075346    -0.9789579608532740410814579782318302455412508785835264434645703390
0.0060948818268086982454606590325208282875684226824793270997458159    -0.9732057817738540499394666588135019829525645225128374619403458215
0.0067766778047364948288971898761253025816894349651301082438886883    -0.9667696249977149452043306712781155625582860182798265352448814988
0.0074537112147118677036170206908520865680708748369743355006649809    -0.9596540137247275568101238301873670425985741788178220407034457076
0.0081255061750341884873500675815210674417386710854471080601672077    -0.9518639487593395881195693538771198681563602303201170245757583357
0.0087915905098193327967204371667526896197032985933253428807611546    -0.9434049049612390726952517230143378093028985478147196192719639475
0.0094514960695307145622227937089052588049281501109250084912879963    -0.9342828273797231940384893747148847108453289237598424842076645765
0.0101047590543503545641384968883729412686624305901803753790437505    -0.9245041270657298010943548278195034897547825284895169613905523729
0.0107509203371582536420443495628986452832091811937746608048757893    -0.9140756765605159925305558669087898366431605646221394695930457951
0.0113895257845580048012119867706623422508419638529136618366177703    -0.9030048050622420043668889055711891471131585762795370587019935940
0.0120201265750913669974673814366110012858463466218121787192595034    -0.8912992932728804332224437743406299304246220429391774290794970052
0.0126422795141028787430076853821006417806160353846738567145886435    -0.8789673679285489264062532717117374608464700095736739451680788512
0.0132555473448684147900694369773921204322429009740621271878747221    -0.8660176960168181019077017794379606933888921500584987123312469762
0.0138594990556793243088731295109263413020389756048006887734460194    -0.8524593786848895398892221293551913050178683163167082154711402398
0.0144537101826157437140704119378533376879262925000698613032559784    -0.8383019448428240422166949910250886114436514027837408995244381428
0.0150377631077668495207730610435215172945655542353191328976516758    -0.8235553444662536466447134946200452664213118230173048137160570822
0.0156112473526708316728871940498392096196684209785297717701536700    -0.8082299416032450690956066512736141070820207097456840179337525951
0.0161737598667575296822836193426958862422633765173416446417276996    -0.7923365070902040958277414922608308456329032341829159609354126988
0.0167249053105842088773690888431747692742248576024040316802308716    -0.7758862109819235790220358559139975131453255723929390478569253157
0.0172642963336610510927497684643908033579554662932351502080566344    -0.7588906147010840766473308179508360932929022365268938501415020680
0.0177915538466682466721573371570852195303513095651878604378800936    -0.7413616629127168999475622807154350649410183058452937188258145768
0.0183063072878714709945609861474535607983068770522431170060074278    -0.7233116751293349727411880314004485397502398849548872880562002067
0.0188081948835472210493748600152575555494257982612795808339357456    -0.7047533370526277665275165256931937047821924777533970441657548183
0.0192968639022341003817879936223729281767052700157408512201036957    -0.6856996916578027905057491782483748123489367753866278663009210591
0.0197719709026307480820498830497827992453791207861517381445189190    -0.6661641300268377253552507000670917332434942739508823474121482212
0.0202331819749657538423815213436408850959979780245027502448725400    -0.6461603819370842753447883216144175005746744238624276615490041934
0.0206801729756696131073798928053210212982284918437714337166172197    -0.6257025062118371215704332878359915837115921774117455290038441650
0.0211126297551835697735644422492591299046724735490392222409503675    -0.6048048808396489156222985372285042925168869757636311304530143302
0.0215302483787450777448029807678050913204535799189579514460811813    -0.5834821928693349713814571755995081373582511917429573136627653205
0.0219327353399945916123135987053666370688151064951635156256510992    -0.5617494280877690998999395637517986006995245339878536072615576394
0.0223198077672534727090070365309595811372430777321081854964035331    -0.5396218604877247921681649893001082700286031823506107797283750043
0.0226911936223279698661552963469629159406908522641773844502501205    -0.5171150415331635898440991797695150390990364809640193169144839315
0.0230466318916995032267152830439626732824815911372727075349545169    -0.4942447892295148981006646082216663826506884833526195983441911170
0.0233858727699668424560395423617698140883047332353571998848612164    -0.4710271770066285926306179969326264097311247189949063840016973703
0.0237086778354112250633108037365090055210312768350511138123150818    -0.4474785224222134618173146301271491385603250775864329150630108225
0.0240148202175610033137753788429679751867234749555896198691752470    -0.4236153756937007152158384848748999160061899060267243123336174305
0.0243040847566380360749401910108375282600385945177384690818629102    -0.3994545080665923940248022159336217464313764816024736462724421483
0.0245762681547737513724716612229109588454426040228490881932197904    -0.3750129000274694548152025068708261168253447352390968815272239249
0.0248311791188885927306595172521479311520048176353671911713582653    -0.3503077293699434846881131979112058712439503544369182999908362325
0.0250686384951344236963034116811506162987777539345177217196291689    -0.3253563591219393683016838774937744027257237085418131738330227474
0.0252884793948053963400789449357573225682009822739348385690474054    -0.3001763253427936927834225507362339916832733526962755745413616410
0.0254905473116287869498010915846381432225931788816301039737819980    -0.2747853247987451773708707981716483782712087620220659268293000051
0.0256747002303533614518262155999636185210700011834671376153443910    -0.2492012025254788867332596022236622848316827577222266025948182145
0.0258408087265589501300985495264998179092028572276340093545087682    -0.2234419392864653705069899083455342854397478851745429802499403468
0.0259887560576170817097087720458399796395014514839615711415490670    -0.1975256389359091110365949382627195109894415200570505888891181242
0.0261184382447387465359770185655828053216762849042771918672006565    -0.1714705156951877053308801295284028730779657463812554714951762721
0.0262297641460516230699156763158213556088601443205248340962845904    -0.1452948813517240088215478193630566186574894426032502011570173661
0.0263226555206554068569947674788895309028205947876073380891086136    -0.1190171323892879850098443504970164855638033167143509904053251070
0.0263970470836102220953607453788357128414651544188175803100650294    -0.0926557370587731982633134585876349051642586787664936973473123465
0.0264528865518194684897778810382815347598213536875078118721252980    -0.0662292223985347230653163536343205909128112451686673930596664852
0.0264901346807748557611794381794712200950773099534146612664453437    -0.0397561612134106925654615560292601923468095997513056194642689612
0.0265087652921378005001950624174015588294681596871412533266160514    -0.0132551590215787474486821563547464704591664951898819970421076349
0.0265087652921378005001950624174015588294681596871412533266160514    0.0132551590215787474486821563547464704591664951898819970421076349
0.0264901346807748557611794381794712200950773099534146612664453437    0.0397561612134106925654615560292601923468095997513056194642689612
0.0264528865518194684897778810382815347598213536875078118721252980    0.0662292223985347230653163536343205909128112451686673930596664852
0.0263970470836102220953607453788357128414651544188175803100650294    0.0926557370587731982633134585876349051642586787664936973473123465
0.0263226555206554068569947674788895309028205947876073380891086136    0.1190171323892879850098443504970164855638033167143509904053251070
0.0262297641460516230699156763158213556088601443205248340962845904    0.1452948813517240088215478193630566186574894426032502011570173661
0.0261184382447387465359770185655828053216762849042771918672006565    0.1714705156951877053308801295284028730779657463812554714951762721
0.0259887560576170817097087720458399796395014514839615711415490670    0.1975256389359091110365949382627195109894415200570505888891181242
0.0258408087265589501300985495264998179092028572276340093545087682    0.2234419392864653705069899083455342854397478851745429802499403468
0.0256747002303533614518262155999636185210700011834671376153443910    0.2492012025254788867332596022236622848316827577222266025948182145
0.0254905473116287869498010915846381432225931788816301039737819980    0.2747853247987451773708707981716483782712087620220659268293000051
0.0252884793948053963400789449357573225682009822739348385690474054    0.3001763253427936927834225507362339916832733526962755745413616410
0.0250686384951344236963034116811506162987777539345177217196291689    0.3253563591219393683016838774937744027257237085418131738330227474
0.0248311791188885927306595172521479311520048176353671911713582653    0.3503077293699434846881131979112058712439503544369182999908362325
0.0245762681547737513724716612229109588454426040228490881932197904    0.3750129000274694548152025068708261168253447352390968815272239249
0.0243040847566380360749401910108375282600385945177384690818629102    0.3994545080665923940248022159336217464313764816024736462724421483
0.0240148202175610033137753788429679751867234749555896198691752470    0.4236153756937007152158384848748999160061899060267243123336174305
0.0237086778354112250633108037365090055210312768350511138123150818    0.4474785224222134618173146301271491385603250775864329150630108225
0.0233858727699668424560395423617698140883047332353571998848612164    0.4710271770066285926306179969326264097311247189949063840016973703
0.0230466318916995032267152830439626732824815911372727075349545169    0.4942447892295148981006646082216663826506884833526195983441911170
0.0226911936223279698661552963469629159406908522641773844502501205    0.5171150415331635898440991797695150390990364809640193169144839315
0.0223198077672534727090070365309595811372430777321081854964035331    0.5396218604877247921681649893001082700286031823506107797283750043
0.0219327353399945916123135987053666370688151064951635156256510992    0.5617494280877690998999395637517986006995245339878536072615576394
0.0215302483787450777448029807678050913204535799189579514460811813    0.5834821928693349713814571755995081373582511917429573136627653205
0.0211126297551835697735644422492591299046724735490392222409503675    0.6048048808396489156222985372285042925168869757636311304530143302
0.0206801729756696131073798928053210212982284918437714337166172197    0.6257025062118371215704332878359915837115921774117455290038441650
0.0202331819749657538423815213436408850959979780245027502448725400    0.6461603819370842753447883216144175005746744238624276615490041934
0.0197719709026307480820498830497827992453791207861517381445189190    0.6661641300268377253552507000670917332434942739508823474121482212
0.0192968639022341003817879936223729281767052700157408512201036957    0.6856996916578027905057491782483748123489367753866278663009210591
0.0188081948835472210493748600152575555494257982612795808339357456    0.7047533370526277665275165256931937047821924777533970441657548183
0.0183063072878714709945609861474535607983068770522431170060074278    0.7233116751293349727411880314004485397502398849548872880562002067
0.0177915538466682466721573371570852195303513095651878604378800936    0.7413616629127168999475622807154350649410183058452937188258145768
0.0172642963336610510927497684643908033579554662932351502080566344    0.7588906147010840766473308179508360932929022365268938501415020680
0.0167249053105842088773690888431747692742248576024040316802308716    0.7758862109819235790220358559139975131453255723929390478569253157
0.0161737598667575296822836193426958862422633765173416446417276996    0.7923365070902040958277414922608308456329032341829159609354126988
0.0156112473526708316728871940498392096196684209785297717701536700    0.8082299416032450690956066512736141070820207097456840179337525951
0.0150377631077668495207730610435215172945655542353191328976516758    0.8235553444662536466447134946200452664213118230173048137160570822
0.0144537101826157437140704119378533376879262925000698613032559784    0.8383019448428240422166949910250886114436514027837408995244381428
0.0138594990556793243088731295109263413020389756048006887734460194    0.8524593786848895398892221293551913050178683163167082154711402398
0.0132555473448684147900694369773921204322429009740621271878747221    0.8660176960168181019077017794379606933888921500584987123312469762
0.0126422795141028787430076853821006417806160353846738567145886435    0.8789673679285489264062532717117374608464700095736739451680788512
0.0120201265750913669974673814366110012858463466218121787192595034    0.8912992932728804332224437743406299304246220429391774290794970052
0.0113895257845580048012119867706623422508419638529136618366177703    0.9030048050622420043668889055711891471131585762795370587019935940
0.0107509203371582536420443495628986452832091811937746608048757893    0.9140756765605159925305558669087898366431605646221394695930457951
0.0101047590543503545641384968883729412686624305901803753790437505    0.9245041270657298010943548278195034897547825284895169613905523729
0.0094514960695307145622227937089052588049281501109250084912879963    0.9342828273797231940384893747148847108453289237598424842076645765
0.0087915905098193327967204371667526896197032985933253428807611546    0.9434049049612390726952517230143378093028985478147196192719639475
0.0081255061750341884873500675815210674417386710854471080601672077    0.9518639487593395881195693538771198681563602303201170245757583357
0.0074537112147118677036170206908520865680708748369743355006649809    0.9596540137247275568101238301873670425985741788178220407034457076
0.0067766778047364948288971898761253025816894349651301082438886883    0.9667696249977149452043306712781155625582860182798265352448814988
0.0060948818268086982454606590325208282875684226824793270997458159    0.9732057817738540499394666588135019829525645225128374619403458215
0.0054088025582651508863388046291702343828599771261782786468075346    0.9789579608532740410814579782318302455412508785835264434645703390
0.0047189223918054129328496976380326734808252085458103526296631397    0.9840221198922332499323460664950999868177401560640534305965144714
0.0040257266427600877365405698932078368721129819008044781618959398    0.9883947004102458281818095344001173365207534828688798322909203821
0.0033297036409996474938530324792532603772546340337705711612922755    0.9920726307180308173368922470157617553970982598590167186393290669
0.0026313459257351678913614244742466035696245858609827079501855715    0.9950533293600025905549152962032651246347883515517323305575035259
0.0019311570077891656909879737554634896778161619857334307532029232    0.9973347117577213778649688975590073755768727890358074514833114159
0.0012297011347328742300995672692069718936232864984174005560544135    0.9989152175823165085131513613415752151924624828940009280836327949
0.0005284201594894704460893706337957114412902548329193743348742778    0.9997940873731903094496579853103331658805933666356820001670394726
