0.0004101840390100596474338875632405151334331470774349162306240332    -0.9998401623731368654176546632533979299340126637136806951836381701
0.0009546131960162748740928357308729607853461413213856065797562093    -0.9991579208389498100420159401000191926205098117663017759683347360
0.0014993281582508232796410758213235786017200138142024703153804749    -0.9979309066540869554806696955004328696947694747990568326836432324
0.0020432952329217152953049115703898120260280509771251178797777602    -0.9961595165123523195819246862182154777961898366370803515552652951
0.0025861616580214293857192183502251676567281287006169078056519624    -0.9938446833859224360876786349620982601059488152661978709391264630
0.0031276214164732254112820843451897780223593403290564259526246515    -0.9909876621528409562123943810174344892038405223539190172320629496
0.0036673765007485910298549737298983415656612024748606737141574312    -0.9875900088036122519393584649421184044895298035290605581155040664
0.0042051315580833011403286838971041975482828610308956628777484851    -0.9836535758441982602141459210021963886431247217953634428991954042
0.0047405928579042982305819166689782728529142473349955069640450776    -0.9791805102891248299606970174520188418818414450509105478691960281
0.0052734681160293195573221053326609460251682162627953571995668756    -0.9741732521587943328912395335900455676080431464173333412916155985
0.0058034665405874753419359203736657242307890280958326789036850885    -0.9686345330194172994076224849405487660786149812866383754817706558
0.0063302989467645177103722895807098126987520198342106816217847689    -0.9625673744364691036545460768860253929523583577306796478924611149
0.0068536778957328303386627051991685501916732700459241764047659496    -0.9559750862993319229848068988062352531615134999419885059294048894
0.0073733178426820313620979308960562268347925517350514497102240111    -0.9488612650017356035279108775071603477342958334829687291516404179
0.0078889352882157781999947470138587446648716805039476978920226989    -0.9412297914721929189398950566887982115223243735401436863585295539
0.0084002489307007196374705690066805454132140057531771353080136615    -0.9330848290524318394741140412424493429526046895873469759768985411
0.0089069798184485229792411634396157686353452723472162703577954930    -0.9244308212234984812085812938206658771953732880550138907735340321
0.0094088515011578440915593345645636670267916848992480493930166364    -0.9152724891800133399018188287122393470935764071026291785857867904
0.0099055901802890097150515671016063816003888929422805629316291792    -0.9056148292534980638698456470644753210582663049680820279664493943
0.0103969248581615166622162112496490062543014135932785053325249968    -0.8954631101859516859545192906713160302991898144651239189932182728
0.0108825874856234247479378484188144343335265422083577029029120634    -0.8848228702550324158027902031597078636287761019720329350066636039
0.0113623131081728437955164227292161095638874352265937108678554904    -0.8736999142523348736947501633909744005088998753538906053977958226
0.0118358400104289614458673897858988432662306327393412315082647753    -0.8621003103163630175006164385760638779422086316990137671313816194
0.0123029098588601242142222316237025794791995769259555709538836479    -0.8500303866218961093909530694676932926194987531532473183505839114
0.0127632678426827114342464506352395401626657724178115413504997851    -0.8374967279275342116876133208396113146655539263750421846349925155
0.0132166628128486597852046649012740403723495866358715030353707873    -0.8245061719832937738031844814927084299208401610764508934497255613
0.0136628474190424293304511030179066914024761749510977278531315243    -0.8110658058002044748236550348283282237787468026525399789467022148
0.0141015782446104590486918748795937496959323946931111165294652797    -0.7971829617839365248749540675269888625268538360914248189610074308
0.0145326159393480280734399298853505665542023474644484113799992135    -0.7828652137345636221835612071860765538268289522835155138900958757
0.0149557253500700845076105441530914878805265848831869284490263825    -0.7681203727146410100093976427936346090857124737805325368451928007
0.0153706756488941249777493937000402733164310818144777568264560447    -0.7529564827878507476601928589347793121297700215873799555521455087
0.0157772404591646641754050492723114128387120936823676354486758628    -0.7373818166305374949282912065044613429175946998736455594907151177
0.0161751979789502606832955841216331628897430815232287870775428613    -0.7214048710185278551936606781447248632860770367789587562436630549
0.0165643311020454858260513967284448009213700280160681469949773939    -0.7050343621916946460508532888908301174251894290925807681418003505
0.0169444275364116501452262212839100558616032596127704551992441860    -0.6882792210987943666951224274322918961554122603701074864056701666
0.0173152799199915461827397667440150829783017368965860080518693447    -0.6711485885251715962821754479261162479957009498074597039747623029
0.0176766859338349320753071963901830361475033567692766802723040893    -0.6536518101059880678608434628473753779517444497162394803772834970
0.0180284484124729714072941758179353825107202366186636541932374558    -0.6357984312276966946975498812466419038076264901695449744972567228
0.0183703754514813628534222385388016679953888902873229627711970515    -0.6175981918205418536406798835268194648040158157799068200738658997
0.0187022805121734394651463102892196856543279862860923158946057726    -0.5990610210449267258613950104289110362864803556146422710398555447
0.0190239825233660925010248844182109473548491739247469670050428905    -0.5801970318745464303320848024190945912308357554311470952119948706
0.0193353059801629785390837335207532327254360056778687685404144641    -0.5610165155792420309781295612572809293893727763166262554394619064
0.0196360810397011010150068066598381414649943889719278697783208205    -0.5415299361105852258632116154688338860393569134277501698259061227
0.0199261436138085178765418267271534646910754491892682024568862841    -0.5217479243932566076743366724230924094096660076118844892275962900
0.0202053354585226151577924166774706392305916463570309793157877950    -0.5016812725253317912959435627231732367516072592763341154557937478
0.0204735042604201012760254044961296123410329248234563314767354622    -0.4813409278906394091691535134643711816322203159775109917110821693
0.0207305037197116179774039316350305863088635353663329670129501550    -0.4607379871864029519113373954998063812616745248899201573563295094
0.0209761936300556302850927810961998151732479049344252402350283945    -0.4398836903694246546042930152230198993591413089306635658279393852
0.0212104399550480486646671628297056245062382039809113694987901659    -0.4187894145241140733740877824026650830987341588532016973127618889
0.0214331149013458510113234569991820464145196600388393604830361914    -0.3974666676557066383979653756299601738127789707636880674247714606
0.0216440969883848090441448347736691729240512696558918544336934222    -0.3759270824120582852216992070145703750868323146911699492676068235
0.0218432711146532823023875039162851269872245328869349756696788947    -0.3541824097374412341423957576408339774201885865542291354816634717
0.0220305286204859221937675767137795202673073145665385296398764292    -0.3322445124618030862682279594464488268443870645825122211530000350
0.0222057673473430274429522149802368628700742147969443867937085350    -0.3101253588289866145622270466568910594760478698624852517106990534
0.0223688916935432098117087765092717042561029844270396234157796099    -0.2878370159674409295767061310439310495337261553227313953958834313
0.0225198126664189640780472625407667787515298377778958087438090961    -0.2653916433069860745781855352714368729683069273101869289414803984
0.0226584479308666879251416739370660669426227211573452322331375106    -0.2428014859452225362787402306898470492204871216231981857943485818
0.0227847218542646645454056509472113970570908711744491738297508128    -0.2200788679672046294082414159694817717161363719931687165616114614
0.0228985655477345023441559308712980371014861344538419987673519890    -0.1972361857220222109244030899349246308777894334203938689552650512
0.0229999169037235210549064015640322897787659255408059370407616724    -0.1742859010599586888766289217303032853847493429927309825877528923
0.0230887206298875807702330687698275592896989710651569410373972776    -0.1512405345339147990083051896098387823682848611451543355871209887
0.0231649282792558687565587935035049618453788714631554203111466031    -0.1281126585688071173814093384730563554995591331129228064014661021
0.0232284982766611873596138343385181655101433802062621537456017850    -0.1049148906026677490133161082630833338374283940099740685851459979
0.0232793959414213237152279857661864544632096424963782452726055641    -0.0816598862031870712062692088965938182835197019438232777350963925
0.0233175935062591272477158298823758654395229098440405560901994760    -0.0583603321634548075101359612118964697119770388738632377318024630
0.0233430701324509729510534652962803033626082695458909889627592728    -0.0350289395806660567859026937758218676342330603640501578563621497
0.0233558119211953460880268662779750213486732869504544172744349693    -0.0116784369215681954444138869842023827400027563761118020915629994
0.0233558119211953460880268662779750213486732869504544172744349693    0.0116784369215681954444138869842023827400027563761118020915629994
0.0233430701324509729510534652962803033626082695458909889627592728    0.0350289395806660567859026937758218676342330603640501578563621497
0.0233175935062591272477158298823758654395229098440405560901994760    0.0583603321634548075101359612118964697119770388738632377318024630
0.0232793959414213237152279857661864544632096424963782452726055641    0.0816598862031870712062692088965938182835197019438232777350963925
0.0232284982766611873596138343385181655101433802062621537456017850    0.1049148906026677490133161082630833338374283940099740685851459979
0.0231649282792558687565587935035049618453788714631554203111466031    0.1281126585688071173814093384730563554995591331129228064014661021
0.0230887206298875807702330687698275592896989710651569410373972776    0.1512405345339147990083051896098387823682848611451543355871209887
0.0229999169037235210549064015640322897787659255408059370407616724    0.1742859010599586888766289217303032853847493429927309825877528923
0.0228985655477345023441559308712980371014861344538419987673519890    0.1972361857220222109244030899349246308777894334203938689552650512
0.0227847218542646645454056509472113970570908711744491738297508128    0.2200788679672046294082414159694817717161363719931687165616114614
0.0226584479308666879251416739370660669426227211573452322331375106    0.2428014859452225362787402306898470492204871216231981857943485818
0.0225198126664189640780472625407667787515298377778958087438090961    0.2653916433069860745781855352714368729683069273101869289414803984
0.0223688916935432098117087765092717042561029844270396234157796099    0.2878370159674409295767061310439310495337261553227313953958834313
0.0222057673473430274429522149802368628700742147969443867937085350    0.3101253588289866145622270466568910594760478698624852517106990534
0.0220305286204859221937675767137795202673073145665385296398764292    0.3322445124618030862682279594464488268443870645825122211530000350
0.0218432711146532823023875039162851269872245328869349756696788947    0.3541824097374412341423957576408339774201885865542291354816634717
0.0216440969883848090441448347736691729240512696558918544336934222    0.3759270824120582852216992070145703750868323146911699492676068235
0.0214331149013458510113234569991820464145196600388393604830361914    0.3974666676557066383979653756299601738127789707636880674247714606
0.0212104399550480486646671628297056245062382039809113694987901659    0.4187894145241140733740877824026650830987341588532016973127618889
0.0209761936300556302850927810961998151732479049344252402350283945    0.4398836903694246546042930152230198993591413089306635658279393852
0.0207305037197116179774039316350305863088635353663329670129501550    0.4607379871864029519113373954998063812616745248899201573563295094
0.0204735042604201012760254044961296123410329248234563314767354622    0.4813409278906394091691535134643711816322203159775109917110821693
0.0202053354585226151577924166774706392305916463570309793157877950    0.5016812725253317912959435627231732367516072592763341154557937478
0.0199261436138085178765418267271534646910754491892682024568862841    0.5217479243932566076743366724230924094096660076118844892275962900
0.0196360810397011010150068066598381414649943889719278697783208205    0.5415299361105852258632116154688338860393569134277501698259061227
0.0193353059801629785390837335207532327254360056778687685404144641    0.5610165155792420309781295612572809293893727763166262554394619064
0.0190239825233660925010248844182109473548491739247469670050428905    0.5801970318745464303320848024190945912308357554311470952119948706
0.0187022805121734394651463102892196856543279862860923158946057726    0.5990610210449267258613950104289110362864803556146422710398555447
0.0183703754514813628534222385388016679953888902873229627711970515    0.6175981918205418536406798835268194648040158157799068200738658997
0.0180284484124729714072941758179353825107202366186636541932374558    0.6357984312276966946975498812466419038076264901695449744972567228
0.0176766859338349320753071963901830361475033567692766802723040893    0.6536518101059880678608434628473753779517444497162394803772834970
0.0173152799199915461827397667440150829783017368965860080518693447    0.6711485885251715962821754479261162479957009498074597039747623029
0.0169444275364116501452262212839100558616032596127704551992441860    0.6882792210987943666951224274322918961554122603701074864056701666
0.0165643311020454858260513967284448009213700280160681469949773939    0.7050343621916946460508532888908301174251894290925807681418003505
0.0161751979789502606832955841216331628897430815232287870775428613    0.7214048710185278551936606781447248632860770367789587562436630549
0.0157772404591646641754050492723114128387120936823676354486758628    0.7373818166305374949282912065044613429175946998736455594907151177
0.0153706756488941249777493937000402733164310818144777568264560447    0.7529564827878507476601928589347793121297700215873799555521455087
0.0149557253500700845076105441530914878805265848831869284490263825    0.7681203727146410100093976427936346090857124737805325368451928007
0.0145326159393480280734399298853505665542023474644484113799992135    0.7828652137345636221835612071860765538268289522835155138900958757
0.0141015782446104590486918748795937496959323946931111165294652797    0.7971829617839365248749540675269888625268538360914248189610074308
0.0136628474190424293304511030179066914024761749510977278531315243    0.8110658058002044748236550348283282237787468026525399789467022148
0.0132166628128486597852046649012740403723495866358715030353707873    0.8245061719832937738031844814927084299208401610764508934497255613
0.0127632678426827114342464506352395401626657724178115413504997851    0.8374967279275342116876133208396113146655539263750421846349925155
0.0123029098588601242142222316237025794791995769259555709538836479    0.8500303866218961093909530694676932926194987531532473183505839114
0.0118358400104289614458673897858988432662306327393412315082647753    0.8621003103163630175006164385760638779422086316990137671313816194
0.0113623131081728437955164227292161095638874352265937108678554904    0.8736999142523348736947501633909744005088998753538906053977958226
0.0108825874856234247479378484188144343335265422083577029029120634    0.8848228702550324158027902031597078636287761019720329350066636039
0.0103969248581615166622162112496490062543014135932785053325249968    0.8954631101859516859545192906713160302991898144651239189932182728
0.0099055901802890097150515671016063816003888929422805629316291792    0.9056148292534980638698456470644753210582663049680820279664493943
0.0094088515011578440915593345645636670267916848992480493930166364    0.9152724891800133399018188287122393470935764071026291785857867904
0.0089069798184485229792411634396157686353452723472162703577954930    0.9244308212234984812085812938206658771953732880550138907735340321
0.0084002489307007196374705690066805454132140057531771353080136615    0.9330848290524318394741140412424493429526046895873469759768985411
0.0078889352882157781999947470138587446648716805039476978920226989    0.9412297914721929189398950566887982115223243735401436863585295539
0.0073733178426820313620979308960562268347925517350514497102240111    0.9488612650017356035279108775071603477342958334829687291516404179
0.0068536778957328303386627051991685501916732700459241764047659496    0.9559750862993319229848068988062352531615134999419885059294048894
0.0063302989467645177103722895807098126987520198342106816217847689    0.9625673744364691036545460768860253929523583577306796478924611149
0.0058034665405874753419359203736657242307890280958326789036850885    0.9686345330194172994076224849405487660786149812866383754817706558
0.0052734681160293195573221053326609460251682162627953571995668756    0.9741732521587943328912395335900455676080431464173333412916155985
0.0047405928579042982305819166689782728529142473349955069640450776    0.9791805102891248299606970174520188418818414450509105478691960281
0.0042051315580833011403286838971041975482828610308956628777484851    0.9836535758441982602141459210021963886431247217953634428991954042
0.0036673765007485910298549737298983415656612024748606737141574312    0.9875900088036122519393584649421184044895298035290605581155040664
0.0031276214164732254112820843451897780223593403290564259526246515    0.9909876621528409562123943810174344892038405223539190172320629496
0.0025861616580214293857192183502251676567281287006169078056519624    0.9938446833859224360876786349620982601059488152661978709391264630
0.0020432952329217152953049115703898120260280509771251178797777602    0.9961595165123523195819246862182154777961898366370803515552652951
0.0014993281582508232796410758213235786017200138142024703153804749    0.9979309066540869554806696955004328696947694747990568326836432324
0.0009546131960162748740928357308729607853461413213856065797562093    0.9991579208389498100420159401000191926205098117663017759683347360
0.0004101840390100596474338875632405151334331470774349162306240332    0.9998401623731368654176546632533979299340126637136806951836381701
