0.0052730572794979393517220542335303891830883059065272654337634973    -0.9979445824779136489408030743173632836690078494867291540688267747
0.0122387801003075565263048524363465759422909531112660823040416890    -0.9891859632143191866840990605842723089624529175806739804760216456
0.0191290444890839660435019479401061741302952357462103256522467468    -0.9734930300564857443288904756657593448153846167086082683595034094
0.0258860369905589335227594813624872980294841825751032704331104973    -0.9509723432620948213285760968163259339975485798045773855175606721
0.0324616398475214810672342535014587287990945591225246664125520799    -0.9217814374124637426681436867007134887815952671623296611414105084
0.0388096025019345444889623703284760199673891892736854008228945025    -0.8861249621554860789461495090168864401068132348268963076985503180
0.0448853646624371666574103041101963601947233065144139329567999630    -0.8442529873405559679874562761748602316906344958976221841190655198
0.0506462976548246016038758630867163440527057629453541097286153985    -0.7964592005099022933930463355003245234856311589405216075818837780
0.0560519879982749178085392396642526664267538552877670788288352591    -0.7430788339819652625470474174738128790899018532630126023521470835
0.0610645165232259861309881045004965856779940090623631048746104224    -0.6844863091309593574455232124311537080443438109700776874328409776
0.0656487228727512494840237662979712181966773211497249264974008610    -0.6210926084089244831481525915950573100417264006041351592239018664
0.0697724515557003448850813567930192911860236786977560873800401027    -0.5533423918615817812350983582292644734722865522409823239719996117
0.0734067772484881727246266315197954649834699421976482146332217766    -0.4817108778032055541471928688826391719895224343473503959551089370
0.0765262075705292378858879912066225154953633155315440516125146199    -0.4067005093183261101009315916139666085224712793505588995963039705
0.0791088618375293807672121873966452385160069350641823660217505864    -0.3288374298837069994984718013399404836800225752923080380229355180
0.0811366245084650305098776017997922635664600449746249385493945059    -0.2486677927913657588055677514877162185316776516829451576785168270
0.0825952722364372508912303011528384707733064526020397681843258090    -0.1667539302398519769686717304118244374666483960312763490041079988
0.0834745736258627872522530094845186990204353102030260500598461098    -0.0836704089547699019430483317363991775635216320351522936152933176
0.0837683609931389047970173663694593917168752800684767192280711461    0.0000000000000000000000000000000000000000000000000000000000000000
0.0834745736258627872522530094845186990204353102030260500598461098    0.0836704089547699019430483317363991775635216320351522936152933176
0.0825952722364372508912303011528384707733064526020397681843258090    0.1667539302398519769686717304118244374666483960312763490041079988
0.0811366245084650305098776017997922635664600449746249385493945059    0.2486677927913657588055677514877162185316776516829451576785168270
0.0791088618375293807672121873966452385160069350641823660217505864    0.3288374298837069994984718013399404836800225752923080380229355180
0.0765262075705292378858879912066225154953633155315440516125146199    0.4067005093183261101009315916139666085224712793505588995963039705
0.0734067772484881727246266315197954649834699421976482146332217766    0.4817108778032055541471928688826391719895224343473503959551089370
0.0697724515557003448850813567930192911860236786977560873800401027    0.5533423918615817812350983582292644734722865522409823239719996117
0.0656487228727512494840237662979712181966773211497249264974008610    0.6210926084089244831481525915950573100417264006041351592239018664
0.0610645165232259861309881045004965856779940090623631048746104224    0.6844863091309593574455232124311537080443438109700776874328409776
0.0560519879982749178085392396642526664267538552877670788288352591    0.7430788339819652625470474174738128790899018532630126023521470835
0.0506462976548246016038758630867163440527057629453541097286153985    0.7964592005099022933930463355003245234856311589405216075818837780
0.0448853646624371666574103041101963601947233065144139329567999630    0.8442529873405559679874562761748602316906344958976221841190655198
0.0388096025019345444889623703284760199673891892736854008228945025    0.8861249621554860789461495090168864401068132348268963076985503180
0.0324616398475214810672342535014587287990945591225246664125520799    0.9217814374124637426681436867007134887815952671623296611414105084
0.0258860369905589335227594813624872980294841825751032704331104973    0.9509723432620948213285760968163259339975485798045773855175606721
0.0191290444890839660435019479401061741302952357462103256522467468    0.9734930300564857443288904756657593448153846167086082683595034094
0.0122387801003075565263048524363465759422909531112660823040416890    0.9891859632143191866840990605842723089624529175806739804760216456
0.0052730572794979393517220542335303891830883059065272654337634973    0.9979445824779136489408030743173632836690078494867291540688267747
