0.0004291120003977893104677188482048043855070679820960856142998213    -0.9998327864528980437740331418861481167804519278696241998377469641
0.0009986533821570284396003507228499859904986264758199557519071511    -0.9991190665976866533113411623919916389380454452799777617532763311
0.0015684686283860400729229085965583913824635051474655452121432794    -0.9978354573851942608193527444107667866048403985623821827576228442
0.0021374620162020259080006338401704756171541040861810942661693006    -0.9959824061125842375763982098425287650981132989544599759530544730
0.0027052502212730453780044770754852649833406956518053673428808606    -0.9935609354100406406417904979369188897361210366122231269116421126
0.0032714988814360007661383307579945553584026368447616616238121338    -0.9905724189232888571919324196382821532469819316107474345360897927
0.0038358820896518123085385341159829739205498627292380603866141084    -0.9870185594926109888177799474042220916903702861427980395275518464
0.0043980768079590826688071530929543881355103889548690593209612156    -0.9829013842598185326160092923661765448906504648413841422233079168
0.0049577618030257979316177710844549645173013482174071957694300710    -0.9782232424690483955082039468115648216919032531015255195791395542
0.0055146174779226022580406886526609014893231799381976503677301064    -0.9729868037793008705410633569751767982539364761634216301563572298
0.0060683259357458642474203070426827707047368546192880603934897841    -0.9671950566059273958853886531146818634140750098181520703502838776
0.0066185711151252102798801202541542354438614943435500279760415558    -0.9608513063561264521140020039981237392224689694238303078691218817
0.0071650389509024693063399560683965146875303066121793714718405985    -0.9539591735142768036313389238864918341202247977302936553819035088
0.0077074175441888998362046767487933832998204554337906729125768272    -0.9465225915611475212327691193206384691403034932459191909266851523
0.0082453973357888494390551042018169097477056882868800499725319114    -0.9385458047210611253299696028687287382903562154865462745138100910
0.0087786712804516999771878614943079586077085519292560413712775312    -0.9300333655350817589777841433398055003486670901931732340917399591
0.0093069350207688212981815083111407220354381732701618557296507902    -0.9209901322600610942159900798756128114699592458200475488255525389
0.0098298870601035251004164490988523677663127681221454611539378820    -0.9114212660942334360091899048333682690222512733740050262011707806
0.0103472289341994040986406559095465440603709227683655681491625783    -0.9013322282305185521785958961085204429201939842361787867735407348
0.0108586653812353447004068931972687846962272105463032820009186682    -0.8907287767389767061846214820815080743087035040627727313885833584
0.0113639045101573571942912830855266887503946413053651918605543024    -0.8796169632800577771724654023366863847679244821118124397003528862
0.0118626579671500982885329706556985179972449522082277082282874247    -0.8680031296504381886507815017609143428274429809690501890881086102
0.0123546411001291830112014962817848653439617178815251433899549375    -0.8558939041633665386572536634340995839257835397732724536049067440
0.0128395731211461018382267611650700911345662212137225369483661467    -0.8432961978655519235481725009960853849856026387348036171639196222
0.0133171772666042707055241096618932714861054261863044617004712651    -0.8302172005927335346347023237769449961761882533707098500708179507
0.0137871809551892553383215202948720854974068661674917051843277550    -0.8166643768661691883284509952342153545508263297114411566585707423
0.0142493159434194939237746148804059398758712469761801137165541322    -0.8026454616323756919626093006398091956017740896823205711916208519
0.0147033184787264255292232855660630332572671526987599279309694722    -0.7881684558485462885193782748792144738033276668446921568678530579
0.0151489294499751162941573109519790711869058274935683786286176748    -0.7732416219161603991945644094902710366720075151437568790803346969
0.0155858945353384350463664985385416022904753361019503417959582667    -0.7578734789653887972157275930610071669761100115822404330403619554
0.0160139643474396672067750934033776471656497382304942571327939980    -0.7420727979929833689087990896231311942797833421470914042737324859
0.0164328945756802323496735106228367706902841762315624021135877982    -0.7258485968564248376799562733204949797066541893107952142077400052
0.0168424461256709242494309446138567049468438173799896894476366474    -0.7092101351271842836986009634754278342458505812269573865503072817
0.0172423852556868459484505141772289578688446736364725099825534405    -0.6921669088060349971114712750171412031339594350953260948173128181
0.0176324837100679808094930780767897528770506943412875085493956121    -0.6747286449034301475369236700754369089109854755854882701053285602
0.0180125188494891326891326874875687450562598152448341235126932597    -0.6569052958880389177906710833210031266302580177583989201871099645
0.0183822737780247898541904168999433258888404830991829315018081671    -0.6387070340066091085239377127584035526732980589144703435251637597
0.0187415374669363214065433460297101719099695402420575938618392744    -0.6201442454783977415797361650380207027206346577734733689371793627
0.0190901048751108036825520795120743153110681573793352466348906796    -0.6012275245674828396878928935858710802160999291784179092956253961
0.0194277770660826982904680532456038337166047232042586249766915664    -0.5819676675363393035329104072690226923873819527406591738757095500
0.0197543613215715634353462559780603605228198370759751146533046235    -0.5623756664841296085540649809143165563206417688847994352344660283
0.0200696712514709758069278955613250066612874831910312687850313202    -0.5424627030732258673294933591847835895083310317664021772573600350
0.0203735269002258711149303993902474604973267653196143138411714649    -0.5222401421475436136226792039501223496069558754496852184766928888
0.0206657548495375766737932935821940662692832301571776199641203796    -0.5017195252463294262696189321937112957355058628694795725018536555
0.0209461883173379084337921946029835582459247607518368099507641291    -0.4809125640171041909539626693735016582692974782912207439505704427
0.0212146672529758365806437633007384014690940610931243713674441005    -0.4598311335315213623435162145389096352666983751021991493595912641
0.0214710384285623872475513498961881888734246742976926936291256528    -0.4384872655079550058248814922151459687540659235464517405095925738
0.0217151555264216419016341400131046423150047675196641118828266883    -0.4168931414446856360224223185461094098013049707790006440207049461
0.0219468792225979194279481575448284541549586780807553121638086599    -0.3950610856676028983995582969794317952918742244840885965565705622
0.0221660772663714776437907785751775246138537218800887053895824678    -0.3730035582963929316657020131024668831668750323551022825434460359
0.0223726245557373497039901890942234701532709567991506346065721822    -0.3507331481332247748149627016868286784596508864045955910058798075
0.0225664032088042353456932760273469023475278141750449159277931729    -0.3282625654779944170116538662606656159066371813828242666311952373
0.0227473026310726958852785376994528350080298801669149863114113367    -0.3056046348742270060926963168696613222971657393539072196407785384
0.0229152195785542540154599473247996257975934155013738498824433749    -0.2827722877897773083527167297817408618219792547773291109965435642
0.0230700582166953734335909269373833323851845083992234653777182105    -0.2597785552365057260031148608680697965191291696259529403042601813
0.0232117301750726878220957413802753866392663252313452823627082668    -0.2366365603331420080730575024206159272270713992503248652878671050
0.0233401545978282623434051016202368913457981625794810541585569695    -0.2133595108155812157178255443980999788226562812349447008280006013
0.0234552581898161022359346478123691069832872785904163181857933427    -0.1899606914988865054500144741149337796880771119648595859397639937
0.0235569752584335709236807265406298934586438460532567253930747147    -0.1664534566953008566185261979302006558716560704169520957828305764
0.0236452477511138428882810280720034450573487841026090452455481594    -0.1428512225925949768221838218961026406716469922664823736199559783
0.0237200252884579929975873819342807705735153909783471392547082713    -0.1191674595971012565488075420017883936906387872057745507859463123
0.0237812651929878126289905937316852058624123983746929272521229126    -0.0954156846458037992720730682987009507914477475934231724087184850
0.0238289325135029423513644506749050540815513068950074644602473162    -0.0716094534918722140266253955501579957322190325497454171565269122
0.0238630000450284197123346677053885331242619459948039154520242544    -0.0477623529680420140469009350809840145997330642044756335675942294
0.0238834483443412573876709332173582892890277371862445906635029787    -0.0238879932322571087542477736888670397013143645008225351598118839
0.0238902657410671901521638950354226103778464408455897999065341084    0.0000000000000000000000000000000000000000000000000000000000000000
0.0238834483443412573876709332173582892890277371862445906635029787    0.0238879932322571087542477736888670397013143645008225351598118839
0.0238630000450284197123346677053885331242619459948039154520242544    0.0477623529680420140469009350809840145997330642044756335675942294
0.0238289325135029423513644506749050540815513068950074644602473162    0.0716094534918722140266253955501579957322190325497454171565269122
0.0237812651929878126289905937316852058624123983746929272521229126    0.0954156846458037992720730682987009507914477475934231724087184850
0.0237200252884579929975873819342807705735153909783471392547082713    0.1191674595971012565488075420017883936906387872057745507859463123
0.0236452477511138428882810280720034450573487841026090452455481594    0.1428512225925949768221838218961026406716469922664823736199559783
0.0235569752584335709236807265406298934586438460532567253930747147    0.1664534566953008566185261979302006558716560704169520957828305764
0.0234552581898161022359346478123691069832872785904163181857933427    0.1899606914988865054500144741149337796880771119648595859397639937
0.0233401545978282623434051016202368913457981625794810541585569695    0.2133595108155812157178255443980999788226562812349447008280006013
0.0232117301750726878220957413802753866392663252313452823627082668    0.2366365603331420080730575024206159272270713992503248652878671050
0.0230700582166953734335909269373833323851845083992234653777182105    0.2597785552365057260031148608680697965191291696259529403042601813
0.0229152195785542540154599473247996257975934155013738498824433749    0.2827722877897773083527167297817408618219792547773291109965435642
0.0227473026310726958852785376994528350080298801669149863114113367    0.3056046348742270060926963168696613222971657393539072196407785384
0.0225664032088042353456932760273469023475278141750449159277931729    0.3282625654779944170116538662606656159066371813828242666311952373
0.0223726245557373497039901890942234701532709567991506346065721822    0.3507331481332247748149627016868286784596508864045955910058798075
0.0221660772663714776437907785751775246138537218800887053895824678    0.3730035582963929316657020131024668831668750323551022825434460359
0.0219468792225979194279481575448284541549586780807553121638086599    0.3950610856676028983995582969794317952918742244840885965565705622
0.0217151555264216419016341400131046423150047675196641118828266883    0.4168931414446856360224223185461094098013049707790006440207049461
0.0214710384285623872475513498961881888734246742976926936291256528    0.4384872655079550058248814922151459687540659235464517405095925738
0.0212146672529758365806437633007384014690940610931243713674441005    0.4598311335315213623435162145389096352666983751021991493595912641
0.0209461883173379084337921946029835582459247607518368099507641291    0.4809125640171041909539626693735016582692974782912207439505704427
0.0206657548495375766737932935821940662692832301571776199641203796    0.5017195252463294262696189321937112957355058628694795725018536555
0.0203735269002258711149303993902474604973267653196143138411714649    0.5222401421475436136226792039501223496069558754496852184766928888
0.0200696712514709758069278955613250066612874831910312687850313202    0.5424627030732258673294933591847835895083310317664021772573600350
0.0197543613215715634353462559780603605228198370759751146533046235    0.5623756664841296085540649809143165563206417688847994352344660283
0.0194277770660826982904680532456038337166047232042586249766915664    0.5819676675363393035329104072690226923873819527406591738757095500
0.0190901048751108036825520795120743153110681573793352466348906796    0.6012275245674828396878928935858710802160999291784179092956253961
0.0187415374669363214065433460297101719099695402420575938618392744    0.6201442454783977415797361650380207027206346577734733689371793627
0.0183822737780247898541904168999433258888404830991829315018081671    0.6387070340066091085239377127584035526732980589144703435251637597
0.0180125188494891326891326874875687450562598152448341235126932597    0.6569052958880389177906710833210031266302580177583989201871099645
0.0176324837100679808094930780767897528770506943412875085493956121    0.6747286449034301475369236700754369089109854755854882701053285602
0.0172423852556868459484505141772289578688446736364725099825534405    0.6921669088060349971114712750171412031339594350953260948173128181
0.0168424461256709242494309446138567049468438173799896894476366474    0.7092101351271842836986009634754278342458505812269573865503072817
0.0164328945756802323496735106228367706902841762315624021135877982    0.7258485968564248376799562733204949797066541893107952142077400052
0.0160139643474396672067750934033776471656497382304942571327939980    0.7420727979929833689087990896231311942797833421470914042737324859
0.0155858945353384350463664985385416022904753361019503417959582667    0.7578734789653887972157275930610071669761100115822404330403619554
0.0151489294499751162941573109519790711869058274935683786286176748    0.7732416219161603991945644094902710366720075151437568790803346969
0.0147033184787264255292232855660630332572671526987599279309694722    0.7881684558485462885193782748792144738033276668446921568678530579
0.0142493159434194939237746148804059398758712469761801137165541322    0.8026454616323756919626093006398091956017740896823205711916208519
0.0137871809551892553383215202948720854974068661674917051843277550    0.8166643768661691883284509952342153545508263297114411566585707423
0.0133171772666042707055241096618932714861054261863044617004712651    0.8302172005927335346347023237769449961761882533707098500708179507
0.0128395731211461018382267611650700911345662212137225369483661467    0.8432961978655519235481725009960853849856026387348036171639196222
0.0123546411001291830112014962817848653439617178815251433899549375    0.8558939041633665386572536634340995839257835397732724536049067440
0.0118626579671500982885329706556985179972449522082277082282874247    0.8680031296504381886507815017609143428274429809690501890881086102
0.0113639045101573571942912830855266887503946413053651918605543024    0.8796169632800577771724654023366863847679244821118124397003528862
0.0108586653812353447004068931972687846962272105463032820009186682    0.8907287767389767061846214820815080743087035040627727313885833584
0.0103472289341994040986406559095465440603709227683655681491625783    0.9013322282305185521785958961085204429201939842361787867735407348
0.0098298870601035251004164490988523677663127681221454611539378820    0.9114212660942334360091899048333682690222512733740050262011707806
0.0093069350207688212981815083111407220354381732701618557296507902    0.9209901322600610942159900798756128114699592458200475488255525389
0.0087786712804516999771878614943079586077085519292560413712775312    0.9300333655350817589777841433398055003486670901931732340917399591
0.0082453973357888494390551042018169097477056882868800499725319114    0.9385458047210611253299696028687287382903562154865462745138100910
0.0077074175441888998362046767487933832998204554337906729125768272    0.9465225915611475212327691193206384691403034932459191909266851523
0.0071650389509024693063399560683965146875303066121793714718405985    0.9539591735142768036313389238864918341202247977302936553819035088
0.0066185711151252102798801202541542354438614943435500279760415558    0.9608513063561264521140020039981237392224689694238303078691218817
0.0060683259357458642474203070426827707047368546192880603934897841    0.9671950566059273958853886531146818634140750098181520703502838776
0.0055146174779226022580406886526609014893231799381976503677301064    0.9729868037793008705410633569751767982539364761634216301563572298
0.0049577618030257979316177710844549645173013482174071957694300710    0.9782232424690483955082039468115648216919032531015255195791395542
0.0043980768079590826688071530929543881355103889548690593209612156    0.9829013842598185326160092923661765448906504648413841422233079168
0.0038358820896518123085385341159829739205498627292380603866141084    0.9870185594926109888177799474042220916903702861427980395275518464
0.0032714988814360007661383307579945553584026368447616616238121338    0.9905724189232888571919324196382821532469819316107474345360897927
0.0027052502212730453780044770754852649833406956518053673428808606    0.9935609354100406406417904979369188897361210366122231269116421126
0.0021374620162020259080006338401704756171541040861810942661693006    0.9959824061125842375763982098425287650981132989544599759530544730
0.0015684686283860400729229085965583913824635051474655452121432794    0.9978354573851942608193527444107667866048403985623821827576228442
0.0009986533821570284396003507228499859904986264758199557519071511    0.9991190665976866533113411623919916389380454452799777617532763311
0.0004291120003977893104677188482048043855070679820960856142998213    0.9998327864528980437740331418861481167804519278696241998377469641
