0.0008671851787671421353539743259944907423960814828687074021342801    -0.9996620713565245544487813995946570123188427299996076368803137902
0.0020176713662628385918796647156166078365648520064078787776909133    -0.9982199021954501537822145659429428081649260018140945902345121415
0.0031675359433960978742590562082864394996467233335299317043944636    -0.9956270752692151691242879613563910900279322659833931317084445901
0.0043138953318617004723391148733101414481753333242654238299026168    -0.9918860044372534786222371996625278273816053029565783918286439231
0.0054553089080008709871569618430217613605193198704024986581294660    -0.9870009339240120409000404503912290439935646777892019504415711717
0.0065904393342148952231778303456860065439048251247952865948436256    -0.9809774812101540273731630588875356153958188431616103786167105784
0.0077179718373735685045327781607547242716105986033922334906901567    -0.9738225880269419347340017871426591911917215112354230385535666365
0.0088366040564678773745480801076527477935923047427879721503117813    -0.9655445044215959013641738061386021695308608833595772972334589720
0.0099450450197260820417705111954504257715823089467040826559406082    -0.9561527771340069465981949204457977039189985065047795028165400712
0.0110420159226353942239852048709808096285552727341686688831407360    -0.9456582378843629565431016699647859339492129972485335214884064289
0.0121262513626377105292967314753923879026603905993878883558895595    -0.9340729906070954982329519987772560315775278533605855812256306770
0.0131965007057111380291116906206134961868484932530494266019014801    -0.9214103973710760546357229058565158887721784696038032941675442558
0.0142515294889539252658071854977576336899879647731621694511718506    -0.9076850629109250436075680082911017833389141587955881237179775860
0.0152901208257965015069060201484705861575317082792547820514250532    -0.8929128177527762042321523809492579989449175933490718741585655085
0.0163110768002559580048140831497579537774700921647710495619031347    -0.8771106999395696696201667523830993235535354795519713148647464892
0.0173132198436897763611401606843947594202728574612706618342790564    -0.8602969353704468829795375651226310617522682049586955799395464218
0.0182953940902675572911872923867642515379425675250666486533666671    -0.8424909167737809404066217126577578765845011205916435623230530159
0.0192564667085594747123721808291567832787339040656558079433391484    -0.8237131813364887643633115103916578184323989166308502677099525871
0.0201953292071874837495644306958155165568535451575363298738786234    -0.8039853870145664376704380178139323939577623843736765361461104642
0.0211108987127624618099760941923831922788638345798600575492678527    -0.7833302875516899792019177977752774853394272755872559128757913406
0.0220021192184858573987437085531586993915690306248030416497609051    -0.7617717062344162757091299850958742309918845931086047261099313934
0.0228679628018925424043408933093611529992587580173125924908940464    -0.7393345084140880377731292754661227998596014055080585294971283371
0.0237074308102819123935371534115454404292062349519884959417288095    -0.7160445728270332024010249929107752312874567158900908710179809946
0.0245195550124409742571709043811396392240442263100453312213074254    -0.6919287617460730391032767704606754845580641829119506987271385767
0.0253033987153132256975483249157075435952247675603614880431732287    -0.6670148899977240776060742394009662869506010140630110379704474799
0.0260580578443141792224576934100370836408123313841590646175969906    -0.6413316928808014928413877671208488043422034968084226349126045509
0.0267826619860403233004881602495794119755568533739778345000946963    -0.6149087930234077201491177543643162763928315078909214037121096901
0.0274763753921641733951792775645408299417911798882358053358813591    -0.5877766662165203726935316760389497621422954974309624536031754754
0.0281383979433544045144513188021272073252467538532336891747652828    -0.5599666062635777662341050486810748281397436211971094289186804498
0.0287679660721071758223795034732883611114104986903708660158848904    -0.5315106888865978784317597800805496614948684055616388966385430618
0.0293643536434228126127466204792589311747554530021036094445631394    -0.5024417347304565138886008299125027070319387873763405060088923211
0.0299268727923110733078676614729821602195411763585204246484640352    -0.4727932715079918350964301111501567244653073040082482245523018150
0.0304548747171583209806354159261107679137628048403633426483641919    -0.4425994953295942316808325409926317398591055040305612461679923839
0.0309477504280410316680409700166083802047649147172419485508391585    -0.4118952312618817086029456028455321760318454901077922494207019100
0.0314049314491221779161403327452211018941311776096654316925745689    -0.3807158931609505699030949174574634915860263933804185905134592769
0.0318258904743200858259725376343985500409079991002175648789176257    -0.3490974428265281837947524723269763419870365505687301632166825866
0.0322101419754933295357444381132401148264135399766926434685783622    -0.3170763485241381071485094617114305795615932848823751393923308244
0.0325572427624400452431618955892398376283713042368582934972164914    -0.2846895429231169430938847587155289519437365134641569179894223029
0.0328667924940656603264680172300229008244929543472748300466334881    -0.2519743804989961804445972861930339362225333488486246670122972560
0.0331384341401293818226205207813220476955324606445558514680408131    -0.2189685944493801524530269492579060361885270512027099973299142696
0.0333718543930368103078011237617524773795045911777031548526511450    -0.1857102531730124507023913847177440510210711620541429817484811877
0.0335667840292036763100755225540028636139014460359423740532592736    -0.1522377163622269964385407302779144896742829782520280810997051642
0.0337229982195738716938007349145128185705624213092121138271447215    -0.1185895907594259294705488867228660692163881188272488339357646856
0.0338403167889336018914183992637652145257822085979392596071421054    -0.0848046856286140126782523302697332361821563750714545051048775390
0.0339186044237225494950272314374481808887787583939480563524861113    -0.0509219679933479234303762198894329210107906354570165028428041409
0.0339577708281023479670025936823675672809631769689353859484360610    -0.0169805176927282343840565342251458431856875176182479999968631073
0.0339577708281023479670025936823675672809631769689353859484360610    0.0169805176927282343840565342251458431856875176182479999968631073
0.0339186044237225494950272314374481808887787583939480563524861113    0.0509219679933479234303762198894329210107906354570165028428041409
0.0338403167889336018914183992637652145257822085979392596071421054    0.0848046856286140126782523302697332361821563750714545051048775390
0.0337229982195738716938007349145128185705624213092121138271447215    0.1185895907594259294705488867228660692163881188272488339357646856
0.0335667840292036763100755225540028636139014460359423740532592736    0.1522377163622269964385407302779144896742829782520280810997051642
0.0333718543930368103078011237617524773795045911777031548526511450    0.1857102531730124507023913847177440510210711620541429817484811877
0.0331384341401293818226205207813220476955324606445558514680408131    0.2189685944493801524530269492579060361885270512027099973299142696
0.0328667924940656603264680172300229008244929543472748300466334881    0.2519743804989961804445972861930339362225333488486246670122972560
0.0325572427624400452431618955892398376283713042368582934972164914    0.2846895429231169430938847587155289519437365134641569179894223029
0.0322101419754933295357444381132401148264135399766926434685783622    0.3170763485241381071485094617114305795615932848823751393923308244
0.0318258904743200858259725376343985500409079991002175648789176257    0.3490974428265281837947524723269763419870365505687301632166825866
0.0314049314491221779161403327452211018941311776096654316925745689    0.3807158931609505699030949174574634915860263933804185905134592769
0.0309477504280410316680409700166083802047649147172419485508391585    0.4118952312618817086029456028455321760318454901077922494207019100
0.0304548747171583209806354159261107679137628048403633426483641919    0.4425994953295942316808325409926317398591055040305612461679923839
0.0299268727923110733078676614729821602195411763585204246484640352    0.4727932715079918350964301111501567244653073040082482245523018150
0.0293643536434228126127466204792589311747554530021036094445631394    0.5024417347304565138886008299125027070319387873763405060088923211
0.0287679660721071758223795034732883611114104986903708660158848904    0.5315106888865978784317597800805496614948684055616388966385430618
0.0281383979433544045144513188021272073252467538532336891747652828    0.5599666062635777662341050486810748281397436211971094289186804498
0.0274763753921641733951792775645408299417911798882358053358813591    0.5877766662165203726935316760389497621422954974309624536031754754
0.0267826619860403233004881602495794119755568533739778345000946963    0.6149087930234077201491177543643162763928315078909214037121096901
0.0260580578443141792224576934100370836408123313841590646175969906    0.6413316928808014928413877671208488043422034968084226349126045509
0.0253033987153132256975483249157075435952247675603614880431732287    0.6670148899977240776060742394009662869506010140630110379704474799
0.0245195550124409742571709043811396392240442263100453312213074254    0.6919287617460730391032767704606754845580641829119506987271385767
0.0237074308102819123935371534115454404292062349519884959417288095    0.7160445728270332024010249929107752312874567158900908710179809946
0.0228679628018925424043408933093611529992587580173125924908940464    0.7393345084140880377731292754661227998596014055080585294971283371
0.0220021192184858573987437085531586993915690306248030416497609051    0.7617717062344162757091299850958742309918845931086047261099313934
0.0211108987127624618099760941923831922788638345798600575492678527    0.7833302875516899792019177977752774853394272755872559128757913406
0.0201953292071874837495644306958155165568535451575363298738786234    0.8039853870145664376704380178139323939577623843736765361461104642
0.0192564667085594747123721808291567832787339040656558079433391484    0.8237131813364887643633115103916578184323989166308502677099525871
0.0182953940902675572911872923867642515379425675250666486533666671    0.8424909167737809404066217126577578765845011205916435623230530159
0.0173132198436897763611401606843947594202728574612706618342790564    0.8602969353704468829795375651226310617522682049586955799395464218
0.0163110768002559580048140831497579537774700921647710495619031347    0.8771106999395696696201667523830993235535354795519713148647464892
0.0152901208257965015069060201484705861575317082792547820514250532    0.8929128177527762042321523809492579989449175933490718741585655085
0.0142515294889539252658071854977576336899879647731621694511718506    0.9076850629109250436075680082911017833389141587955881237179775860
0.0131965007057111380291116906206134961868484932530494266019014801    0.9214103973710760546357229058565158887721784696038032941675442558
0.0121262513626377105292967314753923879026603905993878883558895595    0.9340729906070954982329519987772560315775278533605855812256306770
0.0110420159226353942239852048709808096285552727341686688831407360    0.9456582378843629565431016699647859339492129972485335214884064289
0.0099450450197260820417705111954504257715823089467040826559406082    0.9561527771340069465981949204457977039189985065047795028165400712
0.0088366040564678773745480801076527477935923047427879721503117813    0.9655445044215959013641738061386021695308608833595772972334589720
0.0077179718373735685045327781607547242716105986033922334906901567    0.9738225880269419347340017871426591911917215112354230385535666365
0.0065904393342148952231778303456860065439048251247952865948436256    0.9809774812101540273731630588875356153958188431616103786167105784
0.0054553089080008709871569618430217613605193198704024986581294660    0.9870009339240120409000404503912290439935646777892019504415711717
0.0043138953318617004723391148733101414481753333242654238299026168    0.9918860044372534786222371996625278273816053029565783918286439231
0.0031675359433960978742590562082864394996467233335299317043944636    0.9956270752692151691242879613563910900279322659833931317084445901
0.0020176713662628385918796647156166078365648520064078787776909133    0.9982199021954501537822145659429428081649260018140945902345121415
0.0008671851787671421353539743259944907423960814828687074021342801    0.9996620713565245544487813995946570123188427299996076368803137902
