0.0004041523469746441904539197394906923467052571170462828757756782    -0.9998425128221004675477999524456784693202432854678016315826093611
0.0009405789050171152841249167390959920424086198318478764859675806    -0.9991703024185043355948176218073815435954728119855698642001637622
0.0014772946077147364556317156051343001512515846155392886025344891    -0.9979613236020996197367051527649081406873729182556874190822351671
0.0020132852638708375274421775278817242086501378547384608444534148    -0.9962159575395440950592583299251665825792500934036802535377374410
0.0025482075866244253980953322396089856903868926798538796435460094    -0.9939351094951615355672032728741908285506461348908285956613635472
0.0030817643291380802358874931951910609677294341137602462393793806    -0.9911199976261167946905555644529562911499426014442638947931385764
0.0036136661142169887903720197885556625258705590658509981837896889    -0.9877721325145962756237984064099010654347978161711825773881001520
0.0041436261536538066596344075969220377435155780385109087194388130    -0.9838933126628365547455422331063085025353701850353766612091397993
0.0046713592262439838697434263237203806772164750798797289838439745    -0.9794856225447802237220250534549825171002224388614724577352817018
0.0051965814999996520539050367378295448711526128790023994151561235    -0.9745514311591072602075667374808382167220978437081044794228404364
0.0057190105728530341971713175609526943222074812029808197001644579    -0.9690933906288154369320395334376852830631202159276517120173941601
0.0062383655812053039271415134261878782382847950412725492212687593    -0.9631144347201232009175624244144360155214359348199079159092428666
0.0067543673323410757341125939750374800517451457320607361499529489    -0.9566177772389431621587635951556938420900801222395343183536299397
0.0072667384458498961396558490050218685831353985171167406996116860    -0.9496069102897276970968958427861687077302591745237056137694854656
0.0077752034984082764545571328892408735009589072912424208322046604    -0.9420856023909254804379814845069872669146846010685288756289978086
0.0082794891695473036586279851767720976856287879605149389681184253    -0.9340578964450352951289620752947391759809758127325138865283869455
0.0087793243873067701198652745111794785851157122689684473885023877    -0.9255281075628863753181039576113159021272138420077454585900461425
0.0092744404732146374115378779693477090640332853362545238454026870    -0.9165008207425680379614514998854765107865462458061615070922584440
0.0097645712862728954009019383435624563578037065712689822939143074    -0.9069808884038561172352041863603236266653970077275291484135406340
0.0102494533657464455316409757561252065811593233218914852628013150    -0.8969734277792380747644536390121227828673345861574834586641822911
0.0107288260726096977618613170499488962444968108044646224967829720    -0.8864838181628098186329214468930438107664738840536866205561003880
0.0112024317295361894942223237227652757334764369471843618893590956    -0.8755176980184457069043757904654800990725681293919519163627846558
0.0116700157593334782410701450218423244069878980379990112713770503    -0.8640809619487486368772089718691737069890075509513978449933072228
0.0121313268217354257014052294331852444971398632156561986728482939    -0.8521797575263795172706585095267223118378596588301921924200973794
0.0125861169484700724210314451750160115102992060286015783117878974    -0.8398204819894500341265215573166288564284253394076514360527243821
0.0130341416765253032479508619898995503292328675578242673136616645    -0.8270097788027422944476239699578484695605167493104507677091919559
0.0134751601795373351440917505715190403273821601665549721921587403    -0.8137545340865952435119373318729317343139680528617501811642784533
0.0139089353972292217751231618399027392379805824900704998164638546    -0.8000618729153715972816318639722901791143283067059144964256920153
0.0143352341628283468481867810445646143683125590032147193338400894    -0.7859391554874909241709129831427464558795884843084709299543578755
0.0147538273283934342378478065719317281141191401877132973661970324    -0.7713939731690847467630794188940915919505742279777515343079797965
0.0151644898879830343617455896800688004233886243467991787553792960    -0.7564341444133982827975453100064102589020444076855028150041516504
0.0155670010985988113549165202608070647906936896081285969826499386    -0.7410677105581307989627345950858562797288173872522529014429039782
0.0159611445988382900423972458637343022977088223272651925699232270    -0.7253029315029725577840871339101870478071036075248985627150988595
0.0163467085251930476672613726423850378994720029980218098602679298    -0.7091482812696610158856623159814393070252042755362540233481985359
0.0167234856259296666652482308040717976100785586968731314256597696    -0.6926124434469422821525637191008611409579916059730370723342645102
0.0170912733724921102162400198878623995522996038408760054852723638    -0.6757043065228858567534953921154654754614070064891837329112135095
0.0174498740683655473280278065695626304297298824788685737595876013    -0.6584329591070613295388604101201185112281851368772749496109582934
0.0177990949553430422156751155478281479648811700961708843523980158    -0.6408076850451449975871816282839609123098542973279702979589366311
0.0181387483171379357684971197847782623997931755174160117326867498    -0.6228379584285822425385819839612618391093760821259428487560397987
0.0184686515802861860856996190660696467501176798914652532933140585    -0.6045334385019879631773895581947687370957945094749519153260363092
0.0187886274122844009471002490530613516079765244771728177741409355    -0.5859039644710223610372458403644358002991979014649932526428288665
0.0190985038169107877917815376042378327887303230159071839332197122    -0.5669595502135328998144779131157903625220304260266231036999773700
0.0193981142266777661449328301783296424342082269974085822981881893    -0.5477103788968052763282294451715682790108178721915465223463903111
0.0196872975923665331010997681396890464131610567466977332362812015    -0.5281667975038167251641756247683054890365837601410991268836084267
0.0199658984695954439367448870258201198534778502319305753935488745    -0.5083393112714339049238258322528920334112088669376850331720703403
0.0202337671023756665780658976123591407140465172584521157006333263    -0.4882385780435449556734598059809448620521937512095495682779132874
0.0204907595036091898053558976522004784038056462229452143443407737    -0.4678754025421610498947284536131892309842024919722727975202764157
0.0207367375324859099878038628709638080309019990209263605417496092    -0.4472607305595668588488014631122216366734988479976926391480924582
0.0209715689687381890218011254275581816965723946728134198783721216    -0.4264056430746417994123793568320542163927023337885853276658455332
0.0211951275837129661645988042070411965712797006315007466680908936    -0.4053213502965146905711265323887192727461054517040807597856044508
0.0214072932082232177572791377514804500556416656323547134234004617    -0.3840191856387535121504388909353901669803622691731373339773855229
0.0216079517971422905359304652229817968615474090087244358149937044    -0.3625105996273293001800143342616070178468026300743395032132278184
0.0217969954907063854366680514775729646764230655714755634821144101    -0.3408071537456288135735575335359606385254589323092108429154673636
0.0219743226724922385901891424138368906741159634328401178505536209    -0.3189205142198244465142023824692898433252058377815890075833920211
0.0221398380240388336410743097098095617903525184290322061530629328    -0.2968624457479419219522982734963291483624523595640104669821604740
0.0222934525760837836687535780791160266598530758450583877243835944    -0.2746448051759965667681921821101963949793275687819227239008548794
0.0224350837563868408716472409611404738471374153075352438201911684    -0.2522795351245974222050679778049931716124702091629967894257065739
0.0225646554341148268334027595350935403367878428320154625803389430    -0.2297786575694450688770741027594284185746835010004281261829825003
0.0226820979607641246406102385623650928930014071963928285060745057    -0.2071542673791738297221777039504905927293781572873725356901847872
0.0227873482075987353763476481616958326491416327940835623716797602    -0.1844185258140119433979541455625777486485713193460115661125039891
0.0228803495995837745769099386262599558234166709524071041002798841    -0.1615836539887543625049567266611378801523742081512007625962788286
0.0229610521457961681064802621473868472312547152183495135805371544    -0.1386619263035620143596287049768668246540396513291611822803241501
0.0230294124662962005662338253588763841684283908394310215523167313    -0.1156656638461186565270460119195908224736587853446623430882636944
0.0230853938154454717945955266525279631439738041217740218730762372    -0.0926072277686918556762489377334710674061391090267129830904206442
0.0231289661016587272131690530505481858298609895436878679086578643    -0.0694990126436581082691039351721436782837497991601963525934948681
0.0231601059035789447028164192272612683431199720370092635116162407    -0.0463534398010636978923207768845111289506559180236835933715471882
0.0231787964826669833272417285628277155218373092342139174561546377    -0.0231829506518025404736010636893186693178398244538986139809414587
0.0231850277921990265247268961867132237947909679341802745691201662    0.0000000000000000000000000000000000000000000000000000000000000000
0.0231787964826669833272417285628277155218373092342139174561546377    0.0231829506518025404736010636893186693178398244538986139809414587
0.0231601059035789447028164192272612683431199720370092635116162407    0.0463534398010636978923207768845111289506559180236835933715471882
0.0231289661016587272131690530505481858298609895436878679086578643    0.0694990126436581082691039351721436782837497991601963525934948681
0.0230853938154454717945955266525279631439738041217740218730762372    0.0926072277686918556762489377334710674061391090267129830904206442
0.0230294124662962005662338253588763841684283908394310215523167313    0.1156656638461186565270460119195908224736587853446623430882636944
0.0229610521457961681064802621473868472312547152183495135805371544    0.1386619263035620143596287049768668246540396513291611822803241501
0.0228803495995837745769099386262599558234166709524071041002798841    0.1615836539887543625049567266611378801523742081512007625962788286
0.0227873482075987353763476481616958326491416327940835623716797602    0.1844185258140119433979541455625777486485713193460115661125039891
0.0226820979607641246406102385623650928930014071963928285060745057    0.2071542673791738297221777039504905927293781572873725356901847872
0.0225646554341148268334027595350935403367878428320154625803389430    0.2297786575694450688770741027594284185746835010004281261829825003
0.0224350837563868408716472409611404738471374153075352438201911684    0.2522795351245974222050679778049931716124702091629967894257065739
0.0222934525760837836687535780791160266598530758450583877243835944    0.2746448051759965667681921821101963949793275687819227239008548794
0.0221398380240388336410743097098095617903525184290322061530629328    0.2968624457479419219522982734963291483624523595640104669821604740
0.0219743226724922385901891424138368906741159634328401178505536209    0.3189205142198244465142023824692898433252058377815890075833920211
0.0217969954907063854366680514775729646764230655714755634821144101    0.3408071537456288135735575335359606385254589323092108429154673636
0.0216079517971422905359304652229817968615474090087244358149937044    0.3625105996273293001800143342616070178468026300743395032132278184
0.0214072932082232177572791377514804500556416656323547134234004617    0.3840191856387535121504388909353901669803622691731373339773855229
0.0211951275837129661645988042070411965712797006315007466680908936    0.4053213502965146905711265323887192727461054517040807597856044508
0.0209715689687381890218011254275581816965723946728134198783721216    0.4264056430746417994123793568320542163927023337885853276658455332
0.0207367375324859099878038628709638080309019990209263605417496092    0.4472607305595668588488014631122216366734988479976926391480924582
0.0204907595036091898053558976522004784038056462229452143443407737    0.4678754025421610498947284536131892309842024919722727975202764157
0.0202337671023756665780658976123591407140465172584521157006333263    0.4882385780435449556734598059809448620521937512095495682779132874
0.0199658984695954439367448870258201198534778502319305753935488745    0.5083393112714339049238258322528920334112088669376850331720703403
0.0196872975923665331010997681396890464131610567466977332362812015    0.5281667975038167251641756247683054890365837601410991268836084267
0.0193981142266777661449328301783296424342082269974085822981881893    0.5477103788968052763282294451715682790108178721915465223463903111
0.0190985038169107877917815376042378327887303230159071839332197122    0.5669595502135328998144779131157903625220304260266231036999773700
0.0187886274122844009471002490530613516079765244771728177741409355    0.5859039644710223610372458403644358002991979014649932526428288665
0.0184686515802861860856996190660696467501176798914652532933140585    0.6045334385019879631773895581947687370957945094749519153260363092
0.0181387483171379357684971197847782623997931755174160117326867498    0.6228379584285822425385819839612618391093760821259428487560397987
0.0177990949553430422156751155478281479648811700961708843523980158    0.6408076850451449975871816282839609123098542973279702979589366311
0.0174498740683655473280278065695626304297298824788685737595876013    0.6584329591070613295388604101201185112281851368772749496109582934
0.0170912733724921102162400198878623995522996038408760054852723638    0.6757043065228858567534953921154654754614070064891837329112135095
0.0167234856259296666652482308040717976100785586968731314256597696    0.6926124434469422821525637191008611409579916059730370723342645102
0.0163467085251930476672613726423850378994720029980218098602679298    0.7091482812696610158856623159814393070252042755362540233481985359
0.0159611445988382900423972458637343022977088223272651925699232270    0.7253029315029725577840871339101870478071036075248985627150988595
0.0155670010985988113549165202608070647906936896081285969826499386    0.7410677105581307989627345950858562797288173872522529014429039782
0.0151644898879830343617455896800688004233886243467991787553792960    0.7564341444133982827975453100064102589020444076855028150041516504
0.0147538273283934342378478065719317281141191401877132973661970324    0.7713939731690847467630794188940915919505742279777515343079797965
0.0143352341628283468481867810445646143683125590032147193338400894    0.7859391554874909241709129831427464558795884843084709299543578755
0.0139089353972292217751231618399027392379805824900704998164638546    0.8000618729153715972816318639722901791143283067059144964256920153
0.0134751601795373351440917505715190403273821601665549721921587403    0.8137545340865952435119373318729317343139680528617501811642784533
0.0130341416765253032479508619898995503292328675578242673136616645    0.8270097788027422944476239699578484695605167493104507677091919559
0.0125861169484700724210314451750160115102992060286015783117878974    0.8398204819894500341265215573166288564284253394076514360527243821
0.0121313268217354257014052294331852444971398632156561986728482939    0.8521797575263795172706585095267223118378596588301921924200973794
0.0116700157593334782410701450218423244069878980379990112713770503    0.8640809619487486368772089718691737069890075509513978449933072228
0.0112024317295361894942223237227652757334764369471843618893590956    0.8755176980184457069043757904654800990725681293919519163627846558
0.0107288260726096977618613170499488962444968108044646224967829720    0.8864838181628098186329214468930438107664738840536866205561003880
0.0102494533657464455316409757561252065811593233218914852628013150    0.8969734277792380747644536390121227828673345861574834586641822911
0.0097645712862728954009019383435624563578037065712689822939143074    0.9069808884038561172352041863603236266653970077275291484135406340
0.0092744404732146374115378779693477090640332853362545238454026870    0.9165008207425680379614514998854765107865462458061615070922584440
0.0087793243873067701198652745111794785851157122689684473885023877    0.9255281075628863753181039576113159021272138420077454585900461425
0.0082794891695473036586279851767720976856287879605149389681184253    0.9340578964450352951289620752947391759809758127325138865283869455
0.0077752034984082764545571328892408735009589072912424208322046604    0.9420856023909254804379814845069872669146846010685288756289978086
0.0072667384458498961396558490050218685831353985171167406996116860    0.9496069102897276970968958427861687077302591745237056137694854656
0.0067543673323410757341125939750374800517451457320607361499529489    0.9566177772389431621587635951556938420900801222395343183536299397
0.0062383655812053039271415134261878782382847950412725492212687593    0.9631144347201232009175624244144360155214359348199079159092428666
0.0057190105728530341971713175609526943222074812029808197001644579    0.9690933906288154369320395334376852830631202159276517120173941601
0.0051965814999996520539050367378295448711526128790023994151561235    0.9745514311591072602075667374808382167220978437081044794228404364
0.0046713592262439838697434263237203806772164750798797289838439745    0.9794856225447802237220250534549825171002224388614724577352817018
0.0041436261536538066596344075969220377435155780385109087194388130    0.9838933126628365547455422331063085025353701850353766612091397993
0.0036136661142169887903720197885556625258705590658509981837896889    0.9877721325145962756237984064099010654347978161711825773881001520
0.0030817643291380802358874931951910609677294341137602462393793806    0.9911199976261167946905555644529562911499426014442638947931385764
0.0025482075866244253980953322396089856903868926798538796435460094    0.9939351094951615355672032728741908285506461348908285956613635472
0.0020132852638708375274421775278817242086501378547384608444534148    0.9962159575395440950592583299251665825792500934036802535377374410
0.0014772946077147364556317156051343001512515846155392886025344891    0.9979613236020996197367051527649081406873729182556874190822351671
0.0009405789050171152841249167390959920424086198318478764859675806    0.9991703024185043355948176218073815435954728119855698642001637622
0.0004041523469746441904539197394906923467052571170462828757756782    0.9998425128221004675477999524456784693202432854678016315826093611
