0.0007346344905056717304063206583303363906704735624829078392872695    -0.9997137267734412336782284693423006767183495273084032267341983193
0.0017093926535181052395293583714911952437313854914625798036007489    -0.9984919506395958184001633591863491623048548504205697015727316217
0.0026839253715534824194395904290011200819311149509982762690644318    -0.9962951347331251491861317322411310354364312881404303794500680496
0.0036559612013263751823424587275251956992065674051522038218411030    -0.9931249370374434596520098928487834707317714588665203786568877463
0.0046244500634221193510957890829784766503524952948945293619263770    -0.9889843952429917480044187458077366318393336371069475277518151617
0.0055884280038655151572119463484392107313186940080771526440142499    -0.9838775407060570154961001555110081673443670168508022103488777183
0.0065469484508453227641521033314952636999383633664760020017228174    -0.9778093584869182885537810884292019286352344942662539783085766491
0.0074990732554647115788287440163977831635834789481450934203038685    -0.9707857757637063319308978578975053885505571994782071362917096707
0.0084438714696689714026208349023010019346444598841014134354326332    -0.9628136542558155272936593260301663864373315067304141409782340260
0.0093804196536944579514182376608121187307870432386741653194447006    -0.9539007829254917428493369308943576446452214510146677476670329152
0.0103078025748689695857821017278353779760583438414260083338427751    -0.9440558701362559779627747064152187467397203733820968716296342861
0.0112251140231859771172215733663335847772264195643824066506288346    -0.9332885350430795459243336681308625040835460742970192958479582429
0.0121314576629794974077447924487481707369631233112609139097298977    -0.9216092981453339526669513284819874591245827977321961466149319212
0.0130259478929715422855585837589017901349647358417496076169436251    -0.9090295709825296904671263377891460644432772895845889380851263193
0.0139077107037187726879541491080046377951808121431190722727397349    -0.8955616449707269866985210224302277698481817689977198299793548058
0.0147758845274413017688799875203542571693887431146036254093321219    -0.8812186793850184155733168254278055824454944110212578029408939880
0.0156296210775460027239368659537919255524699798099369497429075623    -0.8660146884971646234107399696762429663803148393055930721362823531
0.0164680861761452126431049800882107808211676616037983699979068851    -0.8499645278795912842933625914201046540737907795006723543357282526
0.0172904605683235824393441983667416748116235085651676270271930541    -0.8330838798884008235429158338447556799074948303099622593030660750
0.0180959407221281166643907514204930313475787449583898880042441960    -0.8153892383391762543939887586492580053825503765137027228998074603
0.0188837396133749045529411658815432342971112763474244800358305412    -0.7968978923903144763895728821832459828895268559642905021897691851
0.0196530874944353058653814702454440655552695994912506943653343822    -0.7776279096494954756275513868344901065385397999360788750187363662
0.0204032326462094327668388516575837706057096993026195480141806398    -0.7575981185197071760356679644384007723131089719000417126757861027
0.0211334421125276415426723004409696816353297288745146919290004028    -0.7368280898020207055124277148201010028432784462471234422373717288
0.0218430024162473863139537413043980247653489998232464788240220753    -0.7153381175730564464599671227043659640843978385956296346372452971
0.0225312202563362727017969709316739623401589353487094167656809166    -0.6931491993558019659486479416754372655870000179307284537746534277
0.0231974231852541216224888541827272884511544857360869300084372529    -0.6702830156031410158025870143232266136698056840288239544064363680
0.0238409602659682059625604119022834321447074490926169874451709028    -0.6467619085141292798326303044586304350197337842485280009881708445
0.0244612027079570527199750233497728906462957323978044632673350526    -0.6226088602037077716041908451723122446538177322898160020859831757
0.0250575444815795897037642256209232642238385585279288442227710555    -0.5978474702471787212648065451493406363948991923204853355890654525
0.0256294029102081160756420098621508709269776700202679080131050379    -0.5725019326213811913168704435257254489600339496755602780428623903
0.0261762192395456763423087417573018850112751311906949379647507454    -0.5465970120650941674679942571817499039562417759375278116220253291
0.0266974591835709626603846641863363506346557503900118190640059762    -0.5201580198817630566468157494552085307689376904200938534085213701
0.0271926134465768801364915678021706922669878960120012612085281129    -0.4932107892081909335693087934493339909907233253585561269111100310
0.0276611982207923882942041558704264552924003586642202001396331270    -0.4657816497733580422492166233957545816116511102122109663384736172
0.0281027556591011733176483301869945504514180994002050240164598285    -0.4378974021720315131089780436221959621257017634841045951883102041
0.0285168543223950979909367628644578732598427254839685791583849087    -0.4095852916783015425288684000571577014953643891647545593418332406
0.0289030896011252031348762281345152653156078680552609866682464834    -0.3808729816246299567633625488695874037497072651237109236688918530
0.0292610841106382766201190234956409544430841950453482862034085989    -0.3517885263724217209723438295489705652493180963890712011764841983
0.0295904880599126425117545106788365851728062850713677426929370073    -0.3223603439005291517224765823983254274021916230230857071396235465
0.0298909795933328309168368066685958276580914142607989685287475470    -0.2926171880384719647375558882354943845615389891725809720966616591
0.0301622651051691449190686816104792326571023257827056069890261231    -0.2625881203715034791689293362549821411320226945355221356619685263
0.0304040795264548200165078598188251766056072483101173462035783317    -0.2323024818449739696495099632079641106975097715071369137590139207
0.0306161865839804484964594432620531928530860237890577846830638729    -0.2017898640957359972360488595303964629436920035590489112762105423
0.0307983790311525904277139030305597600949708344703709680905088649    -0.1710800805386032748875323747070898074658597251180667746873337338
0.0309504788504909882340634634707479273829871777669407437100617571    -0.1402031372361139732075146046824055166168730062633597720335909282
0.0310723374275665165878101702429180348459154363479573876202331640    -0.1091892035800611150034260065793848868848996299691633933769594519
0.0311638356962099067838183212171866533438363686839280711984603116    -0.0780685828134366366948173712015525739763500274485301160552297332
0.0312248842548493577323764986480981348818027406821841401437694787    -0.0468716824215916316149239129338483095370653990860240796312726221
0.0312554234538633569476424743861980287878338367260909099432206146    -0.0156289844215430828722166999974293401477561828555614727137987309
0.0312554234538633569476424743861980287878338367260909099432206146    0.0156289844215430828722166999974293401477561828555614727137987309
0.0312248842548493577323764986480981348818027406821841401437694787    0.0468716824215916316149239129338483095370653990860240796312726221
0.0311638356962099067838183212171866533438363686839280711984603116    0.0780685828134366366948173712015525739763500274485301160552297332
0.0310723374275665165878101702429180348459154363479573876202331640    0.1091892035800611150034260065793848868848996299691633933769594519
0.0309504788504909882340634634707479273829871777669407437100617571    0.1402031372361139732075146046824055166168730062633597720335909282
0.0307983790311525904277139030305597600949708344703709680905088649    0.1710800805386032748875323747070898074658597251180667746873337338
0.0306161865839804484964594432620531928530860237890577846830638729    0.2017898640957359972360488595303964629436920035590489112762105423
0.0304040795264548200165078598188251766056072483101173462035783317    0.2323024818449739696495099632079641106975097715071369137590139207
0.0301622651051691449190686816104792326571023257827056069890261231    0.2625881203715034791689293362549821411320226945355221356619685263
0.0298909795933328309168368066685958276580914142607989685287475470    0.2926171880384719647375558882354943845615389891725809720966616591
0.0295904880599126425117545106788365851728062850713677426929370073    0.3223603439005291517224765823983254274021916230230857071396235465
0.0292610841106382766201190234956409544430841950453482862034085989    0.3517885263724217209723438295489705652493180963890712011764841983
0.0289030896011252031348762281345152653156078680552609866682464834    0.3808729816246299567633625488695874037497072651237109236688918530
0.0285168543223950979909367628644578732598427254839685791583849087    0.4095852916783015425288684000571577014953643891647545593418332406
0.0281027556591011733176483301869945504514180994002050240164598285    0.4378974021720315131089780436221959621257017634841045951883102041
0.0276611982207923882942041558704264552924003586642202001396331270    0.4657816497733580422492166233957545816116511102122109663384736172
0.0271926134465768801364915678021706922669878960120012612085281129    0.4932107892081909335693087934493339909907233253585561269111100310
0.0266974591835709626603846641863363506346557503900118190640059762    0.5201580198817630566468157494552085307689376904200938534085213701
0.0261762192395456763423087417573018850112751311906949379647507454    0.5465970120650941674679942571817499039562417759375278116220253291
0.0256294029102081160756420098621508709269776700202679080131050379    0.5725019326213811913168704435257254489600339496755602780428623903
0.0250575444815795897037642256209232642238385585279288442227710555    0.5978474702471787212648065451493406363948991923204853355890654525
0.0244612027079570527199750233497728906462957323978044632673350526    0.6226088602037077716041908451723122446538177322898160020859831757
0.0238409602659682059625604119022834321447074490926169874451709028    0.6467619085141292798326303044586304350197337842485280009881708445
0.0231974231852541216224888541827272884511544857360869300084372529    0.6702830156031410158025870143232266136698056840288239544064363680
0.0225312202563362727017969709316739623401589353487094167656809166    0.6931491993558019659486479416754372655870000179307284537746534277
0.0218430024162473863139537413043980247653489998232464788240220753    0.7153381175730564464599671227043659640843978385956296346372452971
0.0211334421125276415426723004409696816353297288745146919290004028    0.7368280898020207055124277148201010028432784462471234422373717288
0.0204032326462094327668388516575837706057096993026195480141806398    0.7575981185197071760356679644384007723131089719000417126757861027
0.0196530874944353058653814702454440655552695994912506943653343822    0.7776279096494954756275513868344901065385397999360788750187363662
0.0188837396133749045529411658815432342971112763474244800358305412    0.7968978923903144763895728821832459828895268559642905021897691851
0.0180959407221281166643907514204930313475787449583898880042441960    0.8153892383391762543939887586492580053825503765137027228998074603
0.0172904605683235824393441983667416748116235085651676270271930541    0.8330838798884008235429158338447556799074948303099622593030660750
0.0164680861761452126431049800882107808211676616037983699979068851    0.8499645278795912842933625914201046540737907795006723543357282526
0.0156296210775460027239368659537919255524699798099369497429075623    0.8660146884971646234107399696762429663803148393055930721362823531
0.0147758845274413017688799875203542571693887431146036254093321219    0.8812186793850184155733168254278055824454944110212578029408939880
0.0139077107037187726879541491080046377951808121431190722727397349    0.8955616449707269866985210224302277698481817689977198299793548058
0.0130259478929715422855585837589017901349647358417496076169436251    0.9090295709825296904671263377891460644432772895845889380851263193
0.0121314576629794974077447924487481707369631233112609139097298977    0.9216092981453339526669513284819874591245827977321961466149319212
0.0112251140231859771172215733663335847772264195643824066506288346    0.9332885350430795459243336681308625040835460742970192958479582429
0.0103078025748689695857821017278353779760583438414260083338427751    0.9440558701362559779627747064152187467397203733820968716296342861
0.0093804196536944579514182376608121187307870432386741653194447006    0.9539007829254917428493369308943576446452214510146677476670329152
0.0084438714696689714026208349023010019346444598841014134354326332    0.9628136542558155272936593260301663864373315067304141409782340260
0.0074990732554647115788287440163977831635834789481450934203038685    0.9707857757637063319308978578975053885505571994782071362917096707
0.0065469484508453227641521033314952636999383633664760020017228174    0.9778093584869182885537810884292019286352344942662539783085766491
0.0055884280038655151572119463484392107313186940080771526440142499    0.9838775407060570154961001555110081673443670168508022103488777183
0.0046244500634221193510957890829784766503524952948945293619263770    0.9889843952429917480044187458077366318393336371069475277518151617
0.0036559612013263751823424587275251956992065674051522038218411030    0.9931249370374434596520098928487834707317714588665203786568877463
0.0026839253715534824194395904290011200819311149509982762690644318    0.9962951347331251491861317322411310354364312881404303794500680496
0.0017093926535181052395293583714911952437313854914625798036007489    0.9984919506395958184001633591863491623048548504205697015727316217
0.0007346344905056717304063206583303363906704735624829078392872695    0.9997137267734412336782284693423006767183495273084032267341983193
