 7.015000+3 1.487130+1          0          1          0          0 728 4 64    1
 0.000000+0 1.487130+1          0          2          0          0 728 4 64    2
 0.000000+0 0.000000+0          0          0          1          3 728 4 64    3
          3          2          0          0          0          0 728 4 64    4
 0.000000+0 1.048990+7          0          0          2          0 728 4 64    5
 0.000000+0 0.000000+0                                             728 4 64    6
 0.000000+0 1.400000+7          0          0          8          0 728 4 64    7
 0.000000+0 9.421760-3 0.000000+0-2.862410-3 0.000000+0 1.294120-4 728 4 64    8
 0.000000+0 3.176650-7                                             728 4 64    9
 0.000000+0 2.000000+7          0          0         10          0 728 4 64   10
 0.000000+0-7.270820-6 0.000000+0-6.723970-3 0.000000+0 7.731750-5 728 4 64   11
 0.000000+0 2.535820-5 0.000000+0 6.637220-8                       728 4 64   12
                                                                   728 4  099999
