 7.015000+3 1.487130+1          0          1          0          0 728 4 61    1
 0.000000+0 1.487130+1          0          2          0          0 728 4 61    2
 0.000000+0 0.000000+0          0          0          1          4 728 4 61    3
          4          2          0          0          0          0 728 4 61    4
 0.000000+0 9.770620+6          0          0          2          0 728 4 61    5
 0.000000+0 0.000000+0                                             728 4 61    6
 0.000000+0 1.000000+7          0          0          4          0 728 4 61    7
 0.000000+0 3.346690-4 0.000000+0-3.893370-4                       728 4 61    8
 0.000000+0 1.400000+7          0          0          8          0 728 4 61    9
 0.000000+0 3.116190-2 0.000000+0-3.704620-3 0.000000+0-2.015480-4 728 4 61   10
 0.000000+0-4.904660-7                                             728 4 61   11
 0.000000+0 2.000000+7          0          0         10          0 728 4 61   12
 0.000000+0 7.169190-2 0.000000+0-9.133910-3 0.000000+0-6.169560-3 728 4 61   13
 0.000000+0-3.872380-5 0.000000+0-1.615340-7                       728 4 61   14
                                                                   728 4  099999
