 7.015000+3 1.487130+1          0          1          0          0 728 4 53    1
 0.000000+0 1.487130+1          0          2          0          0 728 4 53    2
 0.000000+0 0.000000+0          0          0          1          5 728 4 53    3
          5          2          0          0          0          0 728 4 53    4
 0.000000+0 6.749140+6          0          0          2          0 728 4 53    5
 0.000000+0 0.000000+0                                             728 4 53    6
 0.000000+0 8.000000+6          0          0          6          0 728 4 53    7
 0.000000+0 2.119310-2 0.000000+0-7.937370-4 0.000000+0-1.559280-5 728 4 53    8
 0.000000+0 1.000000+7          0          0          8          0 728 4 53    9
 0.000000+0 2.971720-2 0.000000+0 1.465560-4 0.000000+0-2.432040-4 728 4 53   10
 0.000000+0-1.280600-6                                             728 4 53   11
 0.000000+0 1.400000+7          0          0         10          0 728 4 53   12
 0.000000+0 9.875940-2 0.000000+0 4.494670-3 0.000000+0-4.980550-3 728 4 53   13
 0.000000+0-2.386700-5 0.000000+0-1.398070-7                       728 4 53   14
 0.000000+0 2.000000+7          0          0         12          0 728 4 53   15
 0.000000+0 1.205800-1 0.000000+0 9.047900-3 0.000000+0-3.527630-3 728 4 53   16
 0.000000+0-5.512000-4 0.000000+0-4.419780-6 0.000000+0-2.722550-8 728 4 53   17
                                                                   728 4  099999
