 7.015000+3 1.487130+1          0          1          0          0 728 4 60    1
 0.000000+0 1.487130+1          0          2          0          0 728 4 60    2
 0.000000+0 0.000000+0          0          0          1          4 728 4 60    3
          4          2          0          0          0          0 728 4 60    4
 0.000000+0 9.767520+6          0          0          2          0 728 4 60    5
 0.000000+0 0.000000+0                                             728 4 60    6
 0.000000+0 1.000000+7          0          0          4          0 728 4 60    7
 0.000000+0 2.098840-3 0.000000+0 1.666420-5                       728 4 60    8
 0.000000+0 1.400000+7          0          0          8          0 728 4 60    9
 0.000000+0 5.478320-2 0.000000+0 2.304160-3 0.000000+0-1.204000-3 728 4 60   10
 0.000000+0-3.948570-6                                             728 4 60   11
 0.000000+0 2.000000+7          0          0         10          0 728 4 60   12
 0.000000+0 1.179450-1 0.000000+0 7.878740-3 0.000000+0-3.882450-3 728 4 60   13
 0.000000+0-2.042400-4 0.000000+0-1.295310-6                       728 4 60   14
                                                                   728 4  099999
