 7.015000+3 1.487130+1          0          1          0          0 728 4 54    1
 0.000000+0 1.487130+1          0          2          0          0 728 4 54    2
 0.000000+0 0.000000+0          0          0          1          5 728 4 54    3
          5          2          0          0          0          0 728 4 54    4
 0.000000+0 7.636240+6          0          0          2          0 728 4 54    5
 0.000000+0 0.000000+0                                             728 4 54    6
 0.000000+0 8.000000+6          0          0          4          0 728 4 54    7
 0.000000+0 9.636230-4 0.000000+0-1.137500-3                       728 4 54    8
 0.000000+0 1.000000+7          0          0          6          0 728 4 54    9
 0.000000+0 1.960750-2 0.000000+0-3.886570-3 0.000000+0-6.411160-5 728 4 54   10
 0.000000+0 1.400000+7          0          0         10          0 728 4 54   11
 0.000000+0 3.513060-2 0.000000+0-4.967320-3 0.000000+0-1.061250-3 728 4 54   12
 0.000000+0-3.314770-6 0.000000+0-4.884270-9                       728 4 54   13
 0.000000+0 2.000000+7          0          0         12          0 728 4 54   14
 0.000000+0 7.959200-2 0.000000+0-8.657390-3 0.000000+0-6.259490-3 728 4 54   15
 0.000000+0-8.723690-5 0.000000+0-4.236070-7 0.000000+0-3.482670-9 728 4 54   16
                                                                   728 4  099999
