 7.015000+3 1.487130+1          0          1          0          0 728 4 62    1
 0.000000+0 1.487130+1          0          2          0          0 728 4 62    2
 0.000000+0 0.000000+0          0          0          1          4 728 4 62    3
          4          2          0          0          0          0 728 4 62    4
 0.000000+0 9.845320+6          0          0          2          0 728 4 62    5
 0.000000+0 0.000000+0                                             728 4 62    6
 0.000000+0 1.000000+7          0          0          4          0 728 4 62    7
 0.000000+0 1.739390-3 0.000000+0 1.197000-4                       728 4 62    8
 0.000000+0 1.400000+7          0          0          8          0 728 4 62    9
 0.000000+0 1.027400-1 0.000000+0 1.279480-2 0.000000+0 2.330540-3 728 4 62   10
 0.000000+0 6.112360-6                                             728 4 62   11
 0.000000+0 2.000000+7          0          0         10          0 728 4 62   12
 0.000000+0 1.762220-1 0.000000+0 5.232540-2 0.000000+0 1.001560-2 728 4 62   13
 0.000000+0 3.221480-4 0.000000+0 1.792720-6                       728 4 62   14
                                                                   728 4  099999
