 7.015000+3 1.487130+1          0          1          0          0 728 4 56    1
 0.000000+0 1.487130+1          0          2          0          0 728 4 56    2
 0.000000+0 0.000000+0          0          0          1          4 728 4 56    3
          4          2          0          0          0          0 728 4 56    4
 0.000000+0 8.075940+6          0          0          2          0 728 4 56    5
 0.000000+0 0.000000+0                                             728 4 56    6
 0.000000+0 1.000000+7          0          0          6          0 728 4 56    7
 0.000000+0-2.351810-2 0.000000+0 4.670530-4 0.000000+0 1.589310-5 728 4 56    8
 0.000000+0 1.400000+7          0          0          8          0 728 4 56    9
 0.000000+0-2.712990-2 0.000000+0-1.325710-3 0.000000+0 4.082300-4 728 4 56   10
 0.000000+0 1.547720-6                                             728 4 56   11
 0.000000+0 2.000000+7          0          0         10          0 728 4 56   12
 0.000000+0 1.180500-2 0.000000+0-1.715530-2 0.000000+0 3.073800-3 728 4 56   13
 0.000000+0 6.371150-5 0.000000+0 3.434440-7                       728 4 56   14
                                                                   728 4  099999
