 7.015000+3 1.487130+1          0          1          0          0 728 4 59    1
 0.000000+0 1.487130+1          0          2          0          0 728 4 59    2
 0.000000+0 0.000000+0          0          0          1          4 728 4 59    3
          4          2          0          0          0          0 728 4 59    4
 0.000000+0 9.658560+6          0          0          2          0 728 4 59    5
 0.000000+0 0.000000+0                                             728 4 59    6
 0.000000+0 1.000000+7          0          0          4          0 728 4 59    7
 0.000000+0 1.535380-2 0.000000+0 2.027540-3                       728 4 59    8
 0.000000+0 1.400000+7          0          0          8          0 728 4 59    9
 0.000000+0 1.135930-1 0.000000+0 1.176090-2 0.000000+0 4.879930-4 728 4 59   10
 0.000000+0 5.012140-7                                             728 4 59   11
 0.000000+0 2.000000+7          0          0         10          0 728 4 59   12
 0.000000+0 1.630160-1 0.000000+0 4.853630-2 0.000000+0 1.287620-2 728 4 59   13
 0.000000+0 9.300550-5 0.000000+0 2.483000-7                       728 4 59   14
                                                                   728 4  099999
