 7.015000+3 1.487130+1          0          1          0          0 728 4 65    1
 0.000000+0 1.487130+1          0          2          0          0 728 4 65    2
 0.000000+0 0.000000+0          0          0          1          3 728 4 65    3
          3          2          0          0          0          0 728 4 65    4
 0.000000+0 1.059560+7          0          0          2          0 728 4 65    5
 0.000000+0 0.000000+0                                             728 4 65    6
 0.000000+0 1.400000+7          0          0          8          0 728 4 65    7
 0.000000+0 4.607630-2 0.000000+0 1.971050-3 0.000000+0-6.045570-4 728 4 65    8
 0.000000+0-1.733510-6                                             728 4 65    9
 0.000000+0 2.000000+7          0          0         10          0 728 4 65   10
 0.000000+0 1.161760-1 0.000000+0 7.703970-3 0.000000+0-3.850890-3 728 4 65   11
 0.000000+0-1.520790-4 0.000000+0-9.018600-7                       728 4 65   12
                                                                   728 4  099999
