 7.015000+3 1.487130+1          0          1          0          0 728 4 63    1
 0.000000+0 1.487130+1          0          2          0          0 728 4 63    2
 0.000000+0 0.000000+0          0          0          1          3 728 4 63    3
          3          2          0          0          0          0 728 4 63    4
 0.000000+0 1.041360+7          0          0          2          0 728 4 63    5
 0.000000+0 0.000000+0                                             728 4 63    6
 0.000000+0 1.400000+7          0          0          8          0 728 4 63    7
 0.000000+0 3.678620-2 0.000000+0-8.723780-4 0.000000+0 5.009650-5 728 4 63    8
 0.000000+0 4.503600-7                                             728 4 63    9
 0.000000+0 2.000000+7          0          0         10          0 728 4 63   10
 0.000000+0 5.836170-2 0.000000+0-8.819820-3 0.000000+0-4.634480-6 728 4 63   11
 0.000000+0 3.422220-5 0.000000+0 3.225040-7                       728 4 63   12
                                                                   728 4  099999
