 7.015000+3 1.487130+1          0          1          0          0 728 4 51    1
 0.000000+0 1.487130+1          0          2          0          0 728 4 51    2
 0.000000+0 0.000000+0          0          0          1          6 728 4 51    3
          6          2          0          0          0          0 728 4 51    4
 0.000000+0 5.624590+6          0          0          2          0 728 4 51    5
 0.000000+0 0.000000+0                                             728 4 51    6
 0.000000+0 6.000000+6          0          0          4          0 728 4 51    7
 0.000000+0 3.616690-4 0.000000+0-1.468970-3                       728 4 51    8
 0.000000+0 8.000000+6          0          0          6          0 728 4 51    9
 0.000000+0 1.876440-2 0.000000+0-4.152510-3 0.000000+0-8.428710-5 728 4 51   10
 0.000000+0 1.000000+7          0          0          8          0 728 4 51   11
 0.000000+0 2.266900-2 0.000000+0-3.910670-3 0.000000+0-3.293170-4 728 4 51   12
 0.000000+0-1.135130-6                                             728 4 51   13
 0.000000+0 1.400000+7          0          0         10          0 728 4 51   14
 0.000000+0 4.332510-2 0.000000+0-6.447050-3 0.000000+0-2.558810-3 728 4 51   15
 0.000000+0-1.126650-5 0.000000+0-2.069700-8                       728 4 51   16
 0.000000+0 2.000000+7          0          0         12          0 728 4 51   17
 0.000000+0 8.501110-2 0.000000+0-8.071050-3 0.000000+0-6.135610-3 728 4 51   18
 0.000000+0-1.663890-4 0.000000+0-9.336810-7 0.000000+0-8.792760-9 728 4 51   19
                                                                   728 4  099999
