 7.015000+3 1.487130+1          0          1          0          0 728 4 66    1
 0.000000+0 1.487130+1          0          2          0          0 728 4 66    2
 0.000000+0 0.000000+0          0          0          1          3 728 4 66    3
          3          2          0          0          0          0 728 4 66    4
 0.000000+0 1.074710+7          0          0          2          0 728 4 66    5
 0.000000+0 0.000000+0                                             728 4 66    6
 0.000000+0 1.400000+7          0          0          8          0 728 4 66    7
 0.000000+0 7.505720-2 0.000000+0 2.429130-3 0.000000+0 2.593900-5 728 4 66    8
 0.000000+0 9.191050-8                                             728 4 66    9
 0.000000+0 2.000000+7          0          0         10          0 728 4 66   10
 0.000000+0 1.288340-1 0.000000+0 2.452970-2 0.000000+0 1.242430-3 728 4 66   11
 0.000000+0-1.591660-6 0.000000+0 1.023580-8                       728 4 66   12
                                                                   728 4  099999
