 7.015000+3 1.487130+1          0          1          0          0 728 4 58    1
 0.000000+0 1.487130+1          0          2          0          0 728 4 58    2
 0.000000+0 0.000000+0          0          0          1          4 728 4 58    3
          4          2          0          0          0          0 728 4 58    4
 0.000000+0 9.147770+6          0          0          2          0 728 4 58    5
 0.000000+0 0.000000+0                                             728 4 58    6
 0.000000+0 1.000000+7          0          0          6          0 728 4 58    7
 0.000000+0 3.385430-2 0.000000+0 1.872190-3 0.000000+0 3.009410-6 728 4 58    8
 0.000000+0 1.400000+7          0          0          8          0 728 4 58    9
 0.000000+0 7.885680-2 0.000000+0 3.765700-3 0.000000+0 1.133300-4 728 4 58   10
 0.000000+0 5.144060-7                                             728 4 58   11
 0.000000+0 2.000000+7          0          0         10          0 728 4 58   12
 0.000000+0 1.370320-1 0.000000+0 2.743590-2 0.000000+0 1.325820-3 728 4 58   13
 0.000000+0-4.137640-6 0.000000+0 2.232680-8                       728 4 58   14
                                                                   728 4  099999
