 8.018000+3 1.784454+1          0          1          0          0 831 4 71    1
 0.000000+0 1.784454+1          0          2          0          0 831 4 71    2
 0.000000+0 0.000000+0          0          0          1         13 831 4 71    3
         13          2                                             831 4 71    4
 0.000000+0 8.580320+6          0          0          2          0 831 4 71    5
 0.000000+0 0.000000+0                                             831 4 71    6
 0.000000+0 1.000000+7          0          0         10          0 831 4 71    7
 6.371360-5-7.709020-3-3.924650-6-2.815210-3-1.737710-7-2.449090-5 831 4 71    8
 3.148190-9-5.231490-8-2.64523-11-1.28075-10                       831 4 71    9
 0.000000+0 1.200000+7          0          0         12          0 831 4 71   10
 1.983610-4-1.013930-2-1.418260-5-2.125910-3-1.632340-6-2.602520-4 831 4 71   11
 4.517910-8-1.186110-6 3.19572-10-1.205990-8-9.02281-11 1.14087-10 831 4 71   12
 0.000000+0 1.400000+7          0          0         12          0 831 4 71   13
 3.084860-4-2.387150-2-4.098440-5 6.796860-4-5.463910-6-9.529520-4 831 4 71   14
 1.805200-7-8.615120-6 1.298680-8-1.295470-7-9.49259-10-1.82216-10 831 4 71   15
 0.000000+0 1.600000+7          0          0         14          0 831 4 71   16
 4.470470-4-3.478450-2-1.114680-4 3.826270-3-1.103470-5-1.630720-3 831 4 71   17
 1.663150-7-2.982430-5 1.129410-7-5.877950-7-3.480580-9-6.709180-9 831 4 71   18
-8.68111-10 3.47763-10                                             831 4 71   19
 0.000000+0 1.800000+7          0          0         16          0 831 4 71   20
 7.922520-4-3.853720-2-3.051000-4 5.188600-3-9.708700-6-1.648550-3 831 4 71   21
-1.716820-6-6.706120-5 5.810050-7-1.605040-6 3.281860-9-2.445000-8 831 4 71   22
-5.240780-9 1.638030-9-5.69305-10 1.70648-10                       831 4 71   23
 0.000000+0 2.000000+7          0          0         16          0 831 4 71   24
 1.792690-3-3.556890-2-8.465170-4 4.726520-3 3.535080-5-1.113600-3 831 4 71   25
-1.209390-5-1.047480-4 2.229630-6-2.954850-6 1.179610-7-6.911030-8 831 4 71   26
-2.306480-8 1.039680-9-3.879950-9 5.77792-10                       831 4 71   27
 0.000000+0 2.200000+7          0          0         16          0 831 4 71   28
 4.524730-3-2.999780-2-2.307300-3 3.665580-3 2.470990-4-4.273800-4 831 4 71   29
-5.036410-5-1.275570-4 6.612580-6-1.423380-6 8.627210-7-4.158170-8 831 4 71   30
-7.262490-8-1.926330-8-2.093340-8-1.179850-9                       831 4 71   31
 0.000000+0 2.400000+7          0          0         20          0 831 4 71   32
 1.200610-2-2.555430-2-6.280020-3 2.553290-3 9.896880-4 2.962480-4 831 4 71   33
-1.661560-4-1.489080-4 1.474560-5 9.965940-6 4.448960-6 8.793760-7 831 4 71   34
-1.290100-7-1.126390-7-9.461570-8-2.313840-8-1.477630-8-2.017990-9 831 4 71   35
-1.651300-9-1.31124-10                                             831 4 71   36
 0.000000+0 2.600000+7          0          0         22          0 831 4 71   37
 2.908180-2-2.590930-2-1.527240-2 1.085430-3 2.919440-3 1.240680-3 831 4 71   38
-4.164360-4-2.343410-4 1.462590-5 3.927250-5 1.695790-5 5.328280-6 831 4 71   39
 2.414180-7-3.096550-7-3.290870-7-1.268420-7-6.674120-8-1.721220-8 831 4 71   40
-8.943300-9-1.807340-9-9.62542-10-1.41270-10                       831 4 71   41
 0.000000+0 2.800000+7          0          0         22          0 831 4 71   42
 6.121440-2-3.426650-2-3.197350-2-1.881720-3 6.668080-3 2.930560-3 831 4 71   43
-7.678900-4-5.149850-4-4.142010-5 8.740560-5 4.879070-5 1.901270-5 831 4 71   44
 2.776050-6-3.601530-7-8.527260-7-4.395730-7-2.322790-7-7.972350-8 831 4 71   45
-3.677610-8-1.044540-8-4.603190-9-1.097480-9                       831 4 71   46
 0.000000+0 3.000000+7          0          0         24          0 831 4 71   47
 1.105030-1-5.115880-2-5.722130-2-7.907300-3 1.213530-2 6.035320-3 831 4 71   48
-9.670690-4-1.112650-3-2.455450-4 1.307150-4 1.080190-4 4.996910-5 831 4 71   49
 1.139430-5 8.073550-7-1.590110-6-1.101610-6-6.285860-7-2.580670-7 831 4 71   50
-1.178490-7-4.050550-8-1.685850-8-5.058080-9-2.120540-9-5.66078-10 831 4 71   51
 0.000000+0 2.000000+8          0          0         24          0 831 4 71   52
 1.105030-1-5.115880-2-5.722130-2-7.907300-3 1.213530-2 6.035320-3 831 4 71   53
-9.670690-4-1.112650-3-2.455450-4 1.307150-4 1.080190-4 4.996910-5 831 4 71   54
 1.139430-5 8.073550-7-1.590110-6-1.101610-6-6.285860-7-2.580670-7 831 4 71   55
-1.178490-7-4.050550-8-1.685850-8-5.058080-9-2.120540-9-5.66078-10 831 4 71   56
                                                                   831 4  099999
