 8.018000+3 1.784454+1          0          1          0          0 831 4 73    1
 0.000000+0 1.784454+1          0          2          0          0 831 4 73    2
 0.000000+0 0.000000+0          0          0          1         13 831 4 73    3
         13          2                                             831 4 73    4
 0.000000+0 8.746120+6          0          0          2          0 831 4 73    5
 0.000000+0 0.000000+0                                             831 4 73    6
 0.000000+0 1.000000+7          0          0          8          0 831 4 73    7
 8.458190-5-1.150190-2 8.950380-6-2.583570-4-3.314470-7 4.198100-6 831 4 73    8
-7.697900-9 1.168850-8                                             831 4 73    9
 0.000000+0 1.200000+7          0          0         10          0 831 4 73   10
 7.869010-5-1.569730-2 4.396610-5-9.868070-4-4.609730-6 8.683500-5 831 4 73   11
-1.318910-7 7.130300-7-1.978860-8 5.909360-9                       831 4 73   12
 0.000000+0 1.400000+7          0          0         12          0 831 4 73   13
 2.135050-4-6.224380-3 9.686700-5-3.478980-3-2.102190-5 4.226130-4 831 4 73   14
-5.589930-7 7.568440-6-2.551290-7 9.774670-8-1.533410-8 2.15327-10 831 4 73   15
 0.000000+0 1.600000+7          0          0         14          0 831 4 73   16
 5.892150-4 8.837640-3 1.462440-4-7.691530-3-6.421950-5 9.420070-4 831 4 73   17
-2.088420-7 3.576240-5-1.617760-6 5.824880-7-1.612270-7 2.608040-9 831 4 73   18
-8.778650-9-7.04371-10                                             831 4 73   19
 0.000000+0 1.800000+7          0          0         16          0 831 4 73   20
 1.753160-3 2.457460-2 2.336820-4-1.100950-2-1.760350-4 1.233500-3 831 4 73   21
 8.725150-6 1.052870-4-6.787400-6 1.752170-6-1.082710-6-5.948310-8 831 4 73   22
-8.300970-8-8.921910-9-4.771910-9-2.52622-10                       831 4 73   23
 0.000000+0 2.000000+7          0          0         18          0 831 4 73   24
 5.288720-3 3.720310-2 4.960400-4-1.210370-2-5.006550-4 1.134170-3 831 4 73   25
 5.403170-5 2.301640-4-2.180420-5 8.928780-7-5.633200-6-9.046290-7 831 4 73   26
-5.807650-7-9.790740-8-4.294570-8-5.770050-9-2.682360-9-2.09518-10 831 4 73   27
 0.000000+0 2.200000+7          0          0         20          0 831 4 73   28
 1.506570-2 4.731930-2 1.063210-3-1.184980-2-1.444110-3 6.379070-4 831 4 73   29
 2.079720-4 4.401030-4-5.402310-5-1.629040-5-2.415360-5-6.624320-6 831 4 73   30
-3.243570-6-7.660120-7-2.974080-7-6.082610-8-2.264500-8-3.899400-9 831 4 73   31
-1.544610-9-1.65988-10                                             831 4 73   32
 0.000000+0 2.400000+7          0          0         22          0 831 4 73   33
 4.083540-2 5.607880-2 1.852430-3-1.122570-2-4.089390-3-5.061460-4 831 4 73   34
 6.240050-4 8.389070-4-9.271570-5-9.066670-5-8.942400-5-3.412050-5 831 4 73   35
-1.533500-5-4.610320-6-1.699110-6-4.460090-7-1.535290-7-3.626780-8 831 4 73   36
-1.234050-8-2.522800-9-9.14188-10-1.28416-10                       831 4 73   37
 0.000000+0 2.600000+7          0          0         22          0 831 4 73   38
 9.381120-2 6.402500-2 1.822220-3-1.147860-2-9.805240-3-3.123340-3 831 4 73   39
 1.361480-3 1.676840-3-1.883040-5-2.588550-4-2.575690-4-1.221520-4 831 4 73   40
-5.590680-5-1.972660-5-7.351840-6-2.252190-6-7.728900-7-2.164490-7 831 4 73   41
-7.166440-8-1.848860-8-6.099070-9-1.376580-9                       831 4 73   42
 0.000000+0 2.800000+7          0          0         24          0 831 4 73   43
 1.762300-1 7.239440-2-5.352910-4-1.433170-2-1.902790-2-8.142870-3 831 4 73   44
 2.054330-3 3.193910-3 4.407790-4-4.610110-4-5.602150-4-3.167660-4 831 4 73   45
-1.541320-4-6.113360-5-2.375410-5-8.103600-6-2.862280-6-8.957960-7 831 4 73   46
-3.014250-7-8.840550-8-2.907510-8-7.923780-9-2.654790-9-6.31916-10 831 4 73   47
 0.000000+0 3.000000+7          0          0         26          0 831 4 73   48
 2.737990-1 8.312170-2-5.391000-3-2.074570-2-3.032500-2-1.552530-2 831 4 73   49
 1.940370-3 5.268030-3 1.545240-3-4.967310-4-9.327150-4-6.246420-4 831 4 73   50
-3.294410-4-1.438310-4-5.898320-5-2.187020-5-8.052470-6-2.735680-6 831 4 73   51
-9.512720-7-3.044860-7-1.024130-7-3.109220-8-1.042330-8-2.945140-9 831 4 73   52
-9.81509-10-2.28751-10                                             831 4 73   53
 0.000000+0 2.000000+8          0          0         26          0 831 4 73   54
 2.737990-1 8.312170-2-5.391000-3-2.074570-2-3.032500-2-1.552530-2 831 4 73   55
 1.940370-3 5.268030-3 1.545240-3-4.967310-4-9.327150-4-6.246420-4 831 4 73   56
-3.294410-4-1.438310-4-5.898320-5-2.187020-5-8.052470-6-2.735680-6 831 4 73   57
-9.512720-7-3.044860-7-1.024130-7-3.109220-8-1.042330-8-2.945140-9 831 4 73   58
-9.81509-10-2.28751-10                                             831 4 73   59
                                                                   831 4  099999
