 8.018000+3 1.784454+1          0          1          0          0 831 4 56    1
 0.000000+0 1.784454+1          0          2          0          0 831 4 56    2
 0.000000+0 0.000000+0          0          0          1         16 831 4 56    3
         16          2                                             831 4 56    4
 0.000000+0 5.383460+6          0          0          2          0 831 4 56    5
 0.000000+0 0.000000+0                                             831 4 56    6
 0.000000+0 6.000000+6          0          0          8          0 831 4 56    7
 2.917610-3-1.279220-2 2.481260-4-7.639010-5-6.120680-6-3.365850-8 831 4 56    8
-6.692200-8-4.732320-9                                             831 4 56    9
 0.000000+0 7.000000+6          0          0         10          0 831 4 56   10
-2.073110-3-2.139310-2 4.921590-4-7.653970-5-4.957100-5 2.225500-6 831 4 56   11
-1.672610-6-2.344770-7-3.121390-8-2.480980-9                       831 4 56   12
 0.000000+0 8.000000+6          0          0         12          0 831 4 56   13
-4.668470-3-2.303860-2 5.322780-4 1.921220-4-1.578480-4 2.252000-5 831 4 56   14
-8.448820-6-1.780080-6-3.210420-7-3.822960-8-5.225600-9-4.28821-10 831 4 56   15
 0.000000+0 1.000000+7          0          0         14          0 831 4 56   16
-4.971360-3-1.508550-2 6.141710-4-5.234660-5-7.738260-4 2.698060-4 831 4 56   17
-6.725470-5-2.433640-5-6.500760-6-1.291610-6-2.293670-7-3.656540-8 831 4 56   18
-5.475840-9-7.62542-10                                             831 4 56   19
 0.000000+0 1.200000+7          0          0         16          0 831 4 56   20
 4.029470-4 8.769480-4-6.324650-4-4.062230-3-2.170220-3 1.140130-3 831 4 56   21
-2.250790-4-1.186730-4-4.550440-5-1.203990-5-2.771550-6-5.630300-7 831 4 56   22
-1.075440-7-1.936380-8-3.375970-9-5.37186-10                       831 4 56   23
 0.000000+0 1.400000+7          0          0         18          0 831 4 56   24
 1.696470-2 1.456280-2-2.800860-3-1.128220-2-5.078520-3 2.558470-3 831 4 56   25
-3.945720-4-3.251210-4-1.804230-4-6.130990-5-1.749830-5-4.321000-6 831 4 56   26
-9.946031-7-2.139750-7-4.437300-8-8.730510-9-1.729480-9-3.07693-10 831 4 56   27
 0.000000+0 1.600000+7          0          0         20          0 831 4 56   28
 5.628650-2 2.023870-2-3.462620-3-1.860890-2-1.116140-2 3.693560-3 831 4 56   29
-2.655130-4-5.767700-4-4.953750-4-2.149410-4-7.422140-5-2.167140-5 831 4 56   30
-5.810900-6-1.443930-6-3.443160-7-7.837710-8-1.757580-8-3.753120-9 831 4 56   31
-8.14707-10-1.61396-10                                             831 4 56   32
 0.000000+0 1.800000+7          0          0         20          0 831 4 56   33
 1.203620-1 1.913150-2-2.615890-3-2.361650-2-2.077160-2 2.888050-3 831 4 56   34
 4.979410-4-5.590870-4-9.517160-4-5.320720-4-2.190030-4-7.418310-5 831 4 56   35
-2.263470-5-6.355290-6-1.701380-6-4.346830-7-1.085510-7-2.615100-8 831 4 56   36
-6.265050-9-1.437030-9                                             831 4 56   37
 0.000000+0 2.000000+7          0          0         22          0 831 4 56   38
 1.939250-1 1.817780-2-3.539800-3-2.635270-2-3.159620-2-9.114450-4 831 4 56   39
 1.666270-3 6.662740-5-1.304270-3-9.702140-4-4.728060-4-1.833240-4 831 4 56   40
-6.269090-5-1.958580-5-5.788940-6-1.630900-6-4.465750-7-1.184340-7 831 4 56   41
-3.095840-8-7.864830-9-1.988080-9-4.85229-10                       831 4 56   42
 0.000000+0 2.200000+7          0          0         24          0 831 4 56   43
 2.620720-1 2.256660-2-8.008170-3-2.878260-2-4.111870-2-7.144200-3 831 4 56   44
 2.558050-3 1.317200-3-1.296370-3-1.398990-3-8.102730-4-3.568780-4 831 4 56   45
-1.354820-4-4.657360-5-1.502450-5-4.609670-6-1.368120-6-3.936230-7 831 4 56   46
-1.111120-7-3.063190-8-8.342550-9-2.223090-9-5.90547-10-1.50055-10 831 4 56   47
 0.000000+0 2.400000+7          0          0         24          0 831 4 56   48
 3.210960-1 3.225990-2-1.479400-2-3.226050-2-4.864690-2-1.460700-2 831 4 56   49
 2.640940-3 2.946860-3-8.156500-4-1.692070-3-1.185120-3-5.915670-4 831 4 56   50
-2.479050-4-9.302810-5-3.248500-5-1.075360-5-3.429150-6-1.059550-6 831 4 56   51
-3.201990-7-9.464370-8-2.754090-8-7.882700-9-2.239920-9-6.17236-10 831 4 56   52
 0.000000+0 2.600000+7          0          0         26          0 831 4 56   53
 3.710170-1 4.590900-2-2.181060-2-3.706450-2-5.437850-2-2.231740-2 831 4 56   54
 1.685840-3 4.651620-3 1.413260-4-1.746980-3-1.539530-3-8.734890-4 831 4 56   55
-4.029350-4-1.641220-4-6.165960-5-2.186580-5-7.440620-6-2.449990-6 831 4 56   56
-7.871340-7-2.473390-7-7.636650-8-2.323280-8-7.009720-9-2.064750-9 831 4 56   57
-5.88879-10-1.60708-10                                             831 4 56   58
 0.000000+0 2.800000+7          0          0         26          0 831 4 56   59
 4.142280-1 6.226820-2-2.762970-2-4.303440-2-5.909540-2-2.978970-2 831 4 56   60
-2.960060-4 6.183480-3 1.509400-3-1.501720-3-1.819590-3-1.184300-3 831 4 56   61
-6.009930-4-2.646880-4-1.064910-4-4.023110-5-1.452860-5-5.067190-6 831 4 56   62
-1.720870-6-5.712100-7-1.860340-7-5.971720-8-1.900510-8-5.927640-9 831 4 56   63
-1.789640-9-5.18228-10                                             831 4 56   64
 0.000000+0 3.000000+7          0          0         28          0 831 4 56   65
 4.522730-1 8.055450-2-3.157040-2-4.980790-2-6.346340-2-3.685480-2 831 4 56   66
-3.184360-3 7.363840-3 3.194470-3-9.191530-4-1.971270-3-1.498650-3 831 4 56   67
-8.380300-4-3.981420-4-1.709280-4-6.849610-5-2.613330-5-9.607410-6 831 4 56   68
-3.432480-6-1.197420-6-4.094020-7-1.379170-7-4.604560-8-1.510170-8 831 4 56   69
-4.798620-9-1.463910-9-4.33672-10-1.24789-10                       831 4 56   70
 0.000000+0 2.000000+8          0          0         28          0 831 4 56   71
 4.522730-1 8.055450-2-3.157040-2-4.980790-2-6.346340-2-3.685480-2 831 4 56   72
-3.184360-3 7.363840-3 3.194470-3-9.191530-4-1.971270-3-1.498650-3 831 4 56   73
-8.380300-4-3.981420-4-1.709280-4-6.849610-5-2.613330-5-9.607410-6 831 4 56   74
-3.432480-6-1.197420-6-4.094020-7-1.379170-7-4.604560-8-1.510170-8 831 4 56   75
-4.798620-9-1.463910-9-4.33672-10-1.24789-10                       831 4 56   76
                                                                   831 4  099999
