 8.018000+3 1.784454+1          0          1          0          0 831 4 66    1
 0.000000+0 1.784454+1          0          2          0          0 831 4 66    2
 0.000000+0 0.000000+0          0          0          1         13 831 4 66    3
         13          2                                             831 4 66    4
 0.000000+0 8.042691+6          0          0          2          0 831 4 66    5
 0.000000+0 0.000000+0                                             831 4 66    6
 0.000000+0 1.000000+7          0          0         10          0 831 4 66    7
-1.958500-4 6.661990-2-1.328060-4 4.518340-3-1.196570-5 2.838370-5 831 4 66    8
-2.842430-7-1.239420-8-8.271490-9-6.42230-10                       831 4 66    9
 0.000000+0 1.200000+7          0          0         12          0 831 4 66   10
-5.223540-4 9.189580-2-2.527120-4 9.656010-3-6.377880-5 3.889140-4 831 4 66   11
-5.963840-6-6.312420-7-3.687580-7-4.974110-8-9.533410-9-1.217010-9 831 4 66   12
 0.000000+0 1.400000+7          0          0         14          0 831 4 66   13
-9.332130-4 1.151960-1-4.756890-4 1.852050-2-1.701510-4 1.832150-3 831 4 66   14
-4.922680-5-5.653300-6-4.477940-6-8.117540-7-1.900490-7-3.232720-8 831 4 66   15
-6.083480-9-9.82017-10                                             831 4 66   16
 0.000000+0 1.600000+7          0          0         16          0 831 4 66   17
-1.310160-3 1.368450-1-1.148280-3 2.941130-2-2.181060-4 4.210920-3 831 4 66   18
-2.298400-4-3.422230-5-2.963150-5-6.841950-6-1.884980-6-3.866500-7 831 4 66   19
-8.674160-8-1.691530-8-3.394000-9-6.21438-10                       831 4 66   20
 0.000000+0 1.800000+7          0          0         18          0 831 4 66   21
-4.086230-4 1.496190-1-2.766720-3 3.796500-2 1.694260-4 6.687830-3 831 4 66   22
-7.600230-4-1.760360-4-1.447720-4-4.189370-5-1.312110-5-3.193750-6 831 4 66   23
-8.099300-7-1.819740-7-4.163060-8-8.641750-9-1.931200-9-3.83772-10 831 4 66   24
 0.000000+0 2.000000+7          0          0         20          0 831 4 66   25
 5.997320-3 1.507130-1-5.895640-3 4.240640-2 1.714140-3 9.121110-3 831 4 66   26
-1.997360-3-7.706770-4-5.924630-4-2.095360-4-7.270420-5-2.038560-5 831 4 66   27
-5.719120-6-1.448430-6-3.672860-7-8.703000-8-2.111340-8-4.772540-9 831 4 66   28
-1.131460-9-2.41939-10                                             831 4 66   29
 0.000000+0 2.200000+7          0          0         22          0 831 4 66   30
 2.817930-2 1.407480-1-1.093760-2 4.272760-2 5.273320-3 1.225050-2 831 4 66   31
-4.278040-3-2.656120-3-2.048550-3-8.587820-4-3.245890-4-1.025500-4 831 4 66   32
-3.133670-5-8.775890-6-2.426630-6-6.369810-7-1.669170-7-4.205750-8 831 4 66   33
-1.067110-8-2.573640-9-6.46376-10-1.51059-10                       831 4 66   34
 0.000000+0 2.400000+7          0          0         22          0 831 4 66   35
 8.484930-2 1.205430-1-1.757830-2 3.718700-2 1.116020-2 1.660910-2 831 4 66   36
-7.508410-3-7.282510-3-5.928330-3-2.856160-3-1.170190-3-4.096240-4 831 4 66   37
-1.350440-4-4.127180-5-1.229370-5-3.504790-6-9.866900-7-2.701680-7 831 4 66   38
-7.334030-8-1.944120-8-5.167510-9-1.326580-9                       831 4 66   39
 0.000000+0 2.600000+7          0          0         24          0 831 4 66   40
 1.795310-1 1.036600-1-2.091510-2 2.642450-2 1.661810-2 2.106860-2 831 4 66   41
-9.669130-3-1.436690-2-1.280710-2-6.920640-3-3.074090-3-1.175460-3 831 4 66   42
-4.162240-4-1.372930-4-4.371870-5-1.337510-5-4.017400-6-1.177460-6 831 4 66   43
-3.405720-7-9.691320-8-2.734650-8-7.587110-9-2.098870-9-5.61807-10 831 4 66   44
 0.000000+0 2.800000+7          0          0         26          0 831 4 66   45
 2.874950-1 1.045810-1-1.623100-2 1.568310-2 1.889470-2 2.387720-2 831 4 66   46
-9.308720-3-2.144840-2-2.113780-2-1.262590-2-6.069240-3-2.510440-3 831 4 66   47
-9.506380-4-3.355200-4-1.135560-4-3.697390-5-1.177210-5-3.660860-6 831 4 66   48
-1.121380-6-3.383850-7-1.009950-7-2.980580-8-8.715850-9-2.489050-9 831 4 66   49
-6.84294-10-1.81050-10                                             831 4 66   50
 0.000000+0 3.000000+7          0          0         26          0 831 4 66   51
 3.838410-1 1.241770-1-3.289470-3 9.472590-3 1.852330-2 2.454060-2 831 4 66   52
-7.224580-3-2.663050-2-2.894370-2-1.893560-2-9.818400-3-4.362310-3 831 4 66   53
-1.758840-3-6.598040-4-2.361630-4-8.131070-5-2.729180-5-8.948430-6 831 4 66   54
-2.886240-6-9.169710-7-2.879630-7-8.952890-8-2.755130-8-8.317730-9 831 4 66   55
-2.415230-9-6.71425-10                                             831 4 66   56
 0.000000+0 2.000000+8          0          0         26          0 831 4 66   57
 3.838410-1 1.241770-1-3.289470-3 9.472590-3 1.852330-2 2.454060-2 831 4 66   58
-7.224580-3-2.663050-2-2.894370-2-1.893560-2-9.818400-3-4.362310-3 831 4 66   59
-1.758840-3-6.598040-4-2.361630-4-8.131070-5-2.729180-5-8.948430-6 831 4 66   60
-2.886240-6-9.169710-7-2.879630-7-8.952890-8-2.755130-8-8.317730-9 831 4 66   61
-2.415230-9-6.71425-10                                             831 4 66   62
                                                                   831 4  099999
