 8.018000+3 1.784454+1          0          1          0          0 831 4 70    1
 0.000000+0 1.784454+1          0          2          0          0 831 4 70    2
 0.000000+0 0.000000+0          0          0          1         13 831 4 70    3
         13          2                                             831 4 70    4
 0.000000+0 8.488230+6          0          0          2          0 831 4 70    5
 0.000000+0 0.000000+0                                             831 4 70    6
 0.000000+0 1.000000+7          0          0         10          0 831 4 70    7
-1.676990-4 5.985850-2-1.290150-4 3.681210-3-7.890020-6 1.425260-5 831 4 70    8
-1.344660-7-5.991450-9-3.094470-9-2.15776-10                       831 4 70    9
 0.000000+0 1.200000+7          0          0         12          0 831 4 70   10
-5.256330-4 8.839990-2-2.699490-4 8.602200-3-5.434690-5 2.766980-4 831 4 70   11
-3.952160-6-4.361010-7-2.330750-7-3.001520-8-5.422890-9-6.59024-10 831 4 70   12
 0.000000+0 1.400000+7          0          0         14          0 831 4 70   13
-9.689580-4 1.112660-1-4.955540-4 1.685860-2-1.696100-4 1.539350-3 831 4 70   14
-3.904470-5-4.926000-6-3.467540-6-6.093300-7-1.368590-7-2.251150-8 831 4 70   15
-4.083620-9-6.39083-10                                             831 4 70   16
 0.000000+0 1.600000+7          0          0         16          0 831 4 70   17
-1.440770-3 1.338810-1-1.177590-3 2.802390-2-2.673500-4 3.908320-3 831 4 70   18
-2.033960-4-3.362510-5-2.540570-5-5.712290-6-1.520760-6-3.041120-7 831 4 70   19
-6.635520-8-1.262790-8-2.468150-9-4.42044-10                       831 4 70   20
 0.000000+0 1.800000+7          0          0         18          0 831 4 70   21
-7.402460-4 1.479340-1-2.878900-3 3.712480-2 3.004910-5 6.446810-3 831 4 70   22
-7.112310-4-1.750390-4-1.293490-4-3.653890-5-1.113630-5-2.656040-6 831 4 70   23
-6.591970-7-1.452860-7-3.257900-8-6.643050-9-1.454680-9-2.84094-10 831 4 70   24
 0.000000+0 2.000000+7          0          0         20          0 831 4 70   25
 5.346920-3 1.494780-1-6.199090-3 4.173670-2 1.469100-3 8.852930-3 831 4 70   26
-1.927760-3-7.518220-4-5.395120-4-1.869540-4-6.353160-5-1.752110-5 831 4 70   27
-4.832440-6-1.204960-6-3.007360-7-7.020280-8-1.676740-8-3.735310-9 831 4 70   28
-8.71778-10-1.83716-10                                             831 4 70   29
 0.000000+0 2.200000+7          0          0         22          0 831 4 70   30
 2.709450-2 1.393670-1-1.150110-2 4.201300-2 4.959030-3 1.189700-2 831 4 70   31
-4.217110-3-2.566330-3-1.892220-3-7.801560-4-2.900820-4-9.038140-5 831 4 70   32
-2.723430-5-7.528430-6-2.054580-6-5.325720-7-1.377900-7-3.429220-8 831 4 70   33
-8.591660-9-2.046890-9-5.07438-10-1.17056-10                       831 4 70   34
 0.000000+0 2.400000+7          0          0         22          0 831 4 70   35
 8.307370-2 1.187830-1-1.838880-2 3.646030-2 1.084440-2 1.616000-2 831 4 70   36
-7.522940-3-7.026130-3-5.542320-3-2.633130-3-1.064090-3-3.679650-4 831 4 70   37
-1.198670-4-3.622380-5-1.067010-5-3.009210-6-8.380580-7-2.270510-7 831 4 70   38
-6.098390-8-1.599730-8-4.206740-9-1.068390-9                       831 4 70   39
 0.000000+0 2.600000+7          0          0         24          0 831 4 70   40
 1.767860-1 1.015680-1-2.186450-2 2.581210-2 1.636400-2 2.055130-2 831 4 70   41
-9.827260-3-1.389740-2-1.209530-2-6.455420-3-2.832570-3-1.071210-3 831 4 70   42
-3.753200-4-1.225740-4-3.865220-5-1.171380-5-3.485470-6-1.012170-6 831 4 70   43
-2.900800-7-8.179790-8-2.287060-8-6.287320-9-1.722940-9-4.56721-10 831 4 70   44
 0.000000+0 2.800000+7          0          0         26          0 831 4 70   45
 2.838490-1 1.022130-1-1.730750-2 1.520230-2 1.869840-2 2.336730-2 831 4 70   46
-9.598070-3-2.083810-2-2.014300-2-1.189370-2-5.653160-3-2.314690-3 831 4 70   47
-8.681940-4-3.036890-4-1.018940-4-3.289900-5-1.038810-5-3.204240-6 831 4 70   48
-9.735850-7-2.914440-7-8.629020-8-2.526300-8-7.327340-9-2.075160-9 831 4 70   49
-5.65729-10-1.48396-10                                             831 4 70   50
 0.000000+0 3.000000+7          0          0         26          0 831 4 70   51
 3.797660-1 1.215530-1-4.542800-3 9.039940-3 1.835700-2 2.412710-2 831 4 70   52
-7.559260-3-2.599780-2-2.780100-2-1.798960-2-9.230140-3-4.062540-3 831 4 70   53
-1.623770-3-6.041990-4-2.145750-4-7.332210-5-2.442860-5-7.951550-6 831 4 70   54
-2.546260-6-8.032060-7-2.504470-7-7.731520-8-2.362280-8-7.080070-9 831 4 70   55
-2.040620-9-5.63007-10                                             831 4 70   56
 0.000000+0 2.000000+8          0          0         26          0 831 4 70   57
 3.797660-1 1.215530-1-4.542800-3 9.039940-3 1.835700-2 2.412710-2 831 4 70   58
-7.559260-3-2.599780-2-2.780100-2-1.798960-2-9.230140-3-4.062540-3 831 4 70   59
-1.623770-3-6.041990-4-2.145750-4-7.332210-5-2.442860-5-7.951550-6 831 4 70   60
-2.546260-6-8.032060-7-2.504470-7-7.731520-8-2.362280-8-7.080070-9 831 4 70   61
-2.040620-9-5.63007-10                                             831 4 70   62
                                                                   831 4  099999
