 8.018000+3 1.784454+1          0          1          0          0 831 4 79    1
 0.000000+0 1.784454+1          0          2          0          0 831 4 79    2
 0.000000+0 0.000000+0          0          0          1         13 831 4 79    3
         13          2                                             831 4 79    4
 0.000000+0 9.504360+6          0          0          2          0 831 4 79    5
 0.000000+0 0.000000+0                                             831 4 79    6
 0.000000+0 1.000000+7          0          0          8          0 831 4 79    7
-1.480070-4 2.895670-2-6.610300-5 1.010510-3-9.892510-7 7.402760-7 831 4 79    8
-5.087650-9-1.65316-10                                             831 4 79    9
 0.000000+0 1.200000+7          0          0         12          0 831 4 79   10
-5.042180-4 7.950740-2-3.036220-4 6.463930-3-3.266180-5 1.052820-4 831 4 79   11
-1.271130-6-1.440990-7-6.205360-8-6.945850-9-1.062210-9-1.11389-10 831 4 79   12
 0.000000+0 1.400000+7          0          0         14          0 831 4 79   13
-1.029840-3 1.021060-1-5.561880-4 1.315050-2-1.505820-4 9.209900-4 831 4 79   14
-2.017080-5-2.944880-6-1.687970-6-2.733730-7-5.539170-8-8.338150-9 831 4 79   15
-1.375090-9-1.97922-10                                             831 4 79   16
 0.000000+0 1.600000+7          0          0         16          0 831 4 79   17
-1.703030-3 1.257750-1-1.242590-3 2.424770-2-3.542020-4 3.102430-3 831 4 79   18
-1.430760-4-2.822160-5-1.679710-5-3.537200-6-8.675400-7-1.626550-7 831 4 79   19
-3.311130-8-5.919690-9-1.082850-9-1.83087-10                       831 4 79   20
 0.000000+0 1.800000+7          0          0         18          0 831 4 79   21
-1.507800-3 1.432050-1-3.112430-3 3.480210-2-2.965500-4 5.815080-3 831 4 79   22
-5.883110-4-1.628630-4-9.745750-5-2.593470-5-7.397220-6-1.676330-6 831 4 79   23
-3.943850-7-8.281330-8-1.766710-8-3.442380-9-7.16801-10-1.33884-10 831 4 79   24
 0.000000+0 2.000000+7          0          0         18          0 831 4 79   25
 3.723760-3 1.463760-1-6.916850-3 4.009870-2 8.323000-4 8.237240-3 831 4 79   26
-1.734900-3-6.960270-4-4.285910-4-1.410540-4-4.553900-5-1.205240-5 831 4 79   27
-3.187490-6-7.646770-7-1.835180-7-4.127670-8-9.486490-9-2.037910-9 831 4 79   28
 0.000000+0 2.200000+7          0          0         20          0 831 4 79   29
 2.432490-2 1.360970-1-1.293850-2 4.030850-2 4.083730-3 1.111460-2 831 4 79   30
-4.004580-3-2.346340-3-1.554700-3-6.146970-4-2.196370-4-6.614350-5 831 4 79   31
-1.926410-5-5.158410-6-1.363500-6-3.426980-7-8.594700-8-2.075130-8 831 4 79   32
-5.041220-9-1.165340-9                                             831 4 79   33
 0.000000+0 2.400000+7          0          0         22          0 831 4 79   34
 7.863650-2 1.146150-1-2.050510-2 3.465820-2 9.917940-3 1.516490-2 831 4 79   35
-7.430980-3-6.409230-3-4.683330-3-2.150040-3-8.408510-4-2.823630-4 831 4 79   36
-8.937540-5-2.628550-5-7.536510-6-2.070490-6-5.617190-7-1.483170-7 831 4 79   37
-3.882250-8-9.927800-9-2.543570-9-6.29299-10                       831 4 79   38
 0.000000+0 2.600000+7          0          0         24          0 831 4 79   39
 1.701370-1 9.665940-2-2.428310-2 2.425630-2 1.560140-2 1.939180-2 831 4 79   40
-1.003630-2-1.275370-2-1.047340-2-5.427070-3-2.313810-3-8.523880-4 831 4 79   41
-2.912240-4-9.286860-5-2.860690-5-8.474420-6-2.465190-6-7.001230-7 831 4 79   42
-1.962470-7-5.413640-8-1.480510-8-3.980690-9-1.066270-9-2.76094-10 831 4 79   43
 0.000000+0 2.800000+7          0          0         24          0 831 4 79   44
 2.751430-1 9.674790-2-1.992050-2 1.398870-2 1.811630-2 2.219080-2 831 4 79   45
-1.012770-2-1.932450-2-1.783430-2-1.025110-2-4.745810-3-1.897190-3 831 4 79   46
-6.956970-4-2.382160-4-7.828620-5-2.477330-5-7.668370-6-2.319530-6 831 4 79   47
-6.912030-7-2.029700-7-5.894800-8-1.692890-8-4.814680-9-1.336520-9 831 4 79   48
 0.000000+0 3.000000+7          0          0         26          0 831 4 79   49
 3.700790-1 1.155440-1-7.488380-3 7.968840-3 1.787020-2 2.312680-2 831 4 79   50
-8.239950-3-2.439980-2-2.511050-2-1.584250-2-7.931540-3-3.414620-3 831 4 79   51
-1.337030-3-4.879920-4-1.701110-4-5.709170-5-1.868750-5-5.977910-6 831 4 79   52
-1.881510-6-5.834660-7-1.788570-7-5.428550-8-1.630420-8-4.802190-9 831 4 79   53
-1.359730-9-3.68432-10                                             831 4 79   54
 0.000000+0 2.000000+8          0          0         26          0 831 4 79   55
 3.700790-1 1.155440-1-7.488380-3 7.968840-3 1.787020-2 2.312680-2 831 4 79   56
-8.239950-3-2.439980-2-2.511050-2-1.584250-2-7.931540-3-3.414620-3 831 4 79   57
-1.337030-3-4.879920-4-1.701110-4-5.709170-5-1.868750-5-5.977910-6 831 4 79   58
-1.881510-6-5.834660-7-1.788570-7-5.428550-8-1.630420-8-4.802190-9 831 4 79   59
-1.359730-9-3.68432-10                                             831 4 79   60
                                                                   831 4  099999
