 8.018000+3 1.784454+1          0          1          0          0 831 4 63    1
 0.000000+0 1.784454+1          0          2          0          0 831 4 63    2
 0.000000+0 0.000000+0          0          0          1         15 831 4 63    3
         15          2                                             831 4 63    4
 0.000000+0 6.763300+6          0          0          2          0 831 4 63    5
 0.000000+0 0.000000+0                                             831 4 63    6
 0.000000+0 7.000000+6          0          0          6          0 831 4 63    7
 4.474930-5-2.646790-3 4.710740-7-2.827340-5-4.139800-9 2.720020-8 831 4 63    8
 0.000000+0 8.000000+6          0          0         10          0 831 4 63    9
 2.000360-5-1.355930-2 3.352440-6-3.199950-4-1.836380-7 3.280180-6 831 4 63   10
-5.046090-9 1.488000-8-9.03325-11 1.99454-10                       831 4 63   11
 0.000000+0 1.000000+7          0          0         10          0 831 4 63   12
-5.040970-6-2.183710-2 1.183880-5-8.661470-4-2.224000-6 5.972090-5 831 4 63   13
-1.156050-7 4.114870-7-8.659440-9 3.336040-9                       831 4 63   14
 0.000000+0 1.200000+7          0          0         10          0 831 4 63   15
 2.679290-5-1.625770-2 2.282210-5-2.879180-3-9.526120-6 3.312220-4 831 4 63   16
-6.401870-7 4.458880-6-1.140900-7 5.877420-8                       831 4 63   17
 0.000000+0 1.400000+7          0          0         14          0 831 4 63   18
 1.304540-4-3.449260-3 2.174920-5-6.804750-3-2.780710-5 8.086240-4 831 4 63   19
-1.688220-6 2.379090-5-7.078750-7 4.348190-7-5.755790-8 3.571860-9 831 4 63   20
-2.776340-9-2.09056-10                                             831 4 63   21
 0.000000+0 1.600000+7          0          0         16          0 831 4 63   22
 4.911380-4 1.175570-2 1.908250-5-1.063630-2-7.903040-5 1.140420-3 831 4 63   23
-1.577070-6 7.949810-5-3.070870-6 1.813980-6-3.930930-7 2.569610-8 831 4 63   24
-2.692820-8-1.807190-9-1.413470-9 1.30070-10                       831 4 63   25
 0.000000+0 1.800000+7          0          0         18          0 831 4 63   26
 1.683830-3 2.685900-2 4.832250-5-1.285620-2-2.361250-4 1.065680-3 831 4 63   27
 7.734490-6 1.924830-4-1.065160-5 4.860080-6-2.122730-6-5.224650-8 831 4 63   28
-1.963370-7-1.940600-8-1.337230-8-5.15298-10-7.76892-10 1.00782-10 831 4 63   29
 0.000000+0 2.000000+7          0          0         18          0 831 4 63   30
 5.279850-3 3.933310-2 1.250270-4-1.321210-2-7.097420-4 5.927730-4 831 4 63   31
 5.074460-5 3.617030-4-3.049950-5 5.353960-6-9.646540-6-1.465830-6 831 4 63   32
-1.163030-6-1.967190-7-9.882270-8-1.311330-8-7.046500-9-4.82137-10 831 4 63   33
 0.000000+0 2.200000+7          0          0         20          0 831 4 63   34
 1.516500-2 4.937770-2 1.221870-4-1.271210-2-2.023360-3-3.132310-4 831 4 63   35
 1.802860-4 6.012230-4-6.880080-5-1.618820-5-3.731020-5-1.052380-5 831 4 63   36
-5.731520-6-1.399180-6-5.911800-7-1.243340-7-5.031200-8-8.785370-9 831 4 63   37
-3.823710-9-3.89331-10                                             831 4 63   38
 0.000000+0 2.400000+7          0          0         22          0 831 4 63   39
 4.126160-2 5.751200-2-5.061450-4-1.252040-2-5.486420-3-2.089940-3 831 4 63   40
 4.776960-4 1.008870-3-1.061490-4-1.086780-4-1.271950-4-5.093240-5 831 4 63   41
-2.459510-5-7.714510-6-3.020430-6-8.232750-7-3.004350-7-7.335050-8 831 4 63   42
-2.649710-8-5.543500-9-2.150380-9-2.97352-10                       831 4 63   43
 0.000000+0 2.600000+7          0          0         24          0 831 4 63   44
 9.520100-2 6.434190-2-2.943920-3-1.419480-2-1.256360-2-5.738360-3 831 4 63   45
 8.551530-4 1.827490-3 2.818270-6-3.044020-4-3.431410-4-1.716270-4 831 4 63   46
-8.326710-5-3.068240-5-1.200840-5-3.822630-6-1.374000-6-3.986050-7 831 4 63   47
-1.381780-7-3.679670-8-1.273160-8-2.942530-9-1.120490-9-1.79170-10 831 4 63   48
 0.000000+0 2.800000+7          0          0         24          0 831 4 63   49
 1.795700-1 7.180340-2-8.027060-3-1.935010-2-2.348750-2-1.214570-2 831 4 63   50
 8.189050-4 3.259530-3 5.566890-4-5.147900-4-7.079380-4-4.231280-4 831 4 63   51
-2.168660-4-8.970630-5-3.636740-5-1.286930-5-4.727790-6-1.530630-6 831 4 63   52
-5.351310-7-1.620140-7-5.537360-8-1.552960-8-5.418880-9-1.318780-9 831 4 63   53
 0.000000+0 3.000000+7          0          0         26          0 831 4 63   54
 2.796540-1 8.250090-2-1.479540-2-2.823180-2-3.640750-2-2.095310-2 831 4 63   55
-3.336950-4 5.127920-3 1.801280-3-5.023300-4-1.126260-3-7.998410-4 831 4 63   56
-4.429090-4-2.013090-4-8.577170-5-3.291300-5-1.254550-5-4.399080-6 831 4 63   57
-1.581340-6-5.215610-7-1.812940-7-5.662300-8-1.962270-8-5.688630-9 831 4 63   58
-1.965730-9-4.67464-10                                             831 4 63   59
 0.000000+0 2.000000+8          0          0         26          0 831 4 63   60
 2.796540-1 8.250090-2-1.479540-2-2.823180-2-3.640750-2-2.095310-2 831 4 63   61
-3.336950-4 5.127920-3 1.801280-3-5.023300-4-1.126260-3-7.998410-4 831 4 63   62
-4.429090-4-2.013090-4-8.577170-5-3.291300-5-1.254550-5-4.399080-6 831 4 63   63
-1.581340-6-5.215610-7-1.812940-7-5.662300-8-1.962270-8-5.688630-9 831 4 63   64
-1.965730-9-4.67464-10                                             831 4 63   65
                                                                   831 4  099999
