 8018.00000 17.8445400          0          0          0          0 831 3  2    1
 0.0        0.0                 0          0          1        177 831 3  2    2
        177          2                                             831 3  2    3
 831.000000 0.0        831.000000 4.04833908 886.970020 4.04820482 831 3  2    4
 942.940040 4.04807056 998.910060 4.04793632 1054.88008 4.04780208 831 3  2    5
 1166.82012 4.04753363 1278.76016 4.04726520 1390.70020 4.04699680 831 3  2    6
 1502.64024 4.04672843 1614.58028 4.04646009 1726.52032 4.04619178 831 3  2    7
 1838.46036 4.04592349 1950.40040 4.04565524 2174.28048 4.04511881 831 3  2    8
 2398.16056 4.04458250 2622.04063 4.04404630 2845.92071 4.04351021 831 3  2    9
 3069.80079 4.04297424 3293.68087 4.04243838 3517.56094 4.04190263 831 3  2   10
 3741.44102 4.04136700 3965.32110 4.04083148 4413.08125 4.03976078 831 3  2   11
 4860.84141 4.03869054 5308.60157 4.03762074 5756.36173 4.03655140 831 3  2   12
 6204.12188 4.03548251 6651.88204 4.03441408 7099.64219 4.03334610 831 3  2   13
 7995.16250 4.03121148 8890.68283 4.02907868 9786.20315 4.02694767 831 3  2   14
 10681.7235 4.02481847 11577.2438 4.02269107 13368.2844 4.01844166 831 3  2   15
 14263.8047 4.01631965 15159.3250 4.01419943 16950.3657 4.00996437 831 3  2   16
 18741.4063 4.00573647 22323.4875 3.99730207 25905.5688 3.98889615 831 3  2   17
 29487.6500 3.98051861 36762.7925 3.96359095 44037.9350 3.94677928 831 3  2   18
 51313.0775 3.93008295 58588.2200 3.91350139 68288.4100 3.89157034 831 3  2   19
 77988.6000 3.86984153 87688.7900 3.84831432 97388.9800 3.82698836 831 3  2   20
 107089.170 3.80586365 116789.360 3.78494058 126489.550 3.76421996 831 3  2   21
 136189.740 3.74370305 145889.930 3.72339166 155590.120 3.70328817 831 3  2   22
 165290.310 3.68339564 174990.500 3.66371787 184690.690 3.64425949 831 3  2   23
 194390.880 3.62502613 204091.070 3.60602447 213791.260 3.58726249 831 3  2   24
 223491.450 3.56874956 233191.640 3.55049673 242891.830 3.53251694 831 3  2   25
 252592.020 3.51482533 262292.210 3.49743958 271992.400 3.48038037 831 3  2   26
 281692.590 3.46367180 291392.780 3.44734208 301092.970 3.43142416 831 3  2   27
 310793.160 3.41595664 320493.350 3.40098480 330193.540 3.38656186 831 3  2   28
 339893.730 3.37275053 349593.920 3.35962489 359294.110 3.34727274 831 3  2   29
 368994.300 3.33579851 378694.490 3.32532681 388394.680 3.31600700 831 3  2   30
 393244.775 3.31183388 398094.870 3.30801890 402944.965 3.30459049 831 3  2   31
 407795.060 3.30157997 415070.203 3.29792439 422345.345 3.29542036 831 3  2   32
 427195.440 3.29446609 432045.535 3.29414397 436410.621 3.29444232 831 3  2   33
 440775.706 3.29534642 444655.782 3.29670027 448535.858 3.29861340 831 3  2   34
 452415.934 3.30112947 456296.010 3.30429633 460176.086 3.30816645 831 3  2   35
 465996.200 3.31541794 469876.276 3.32131126 473756.352 3.32813632 831 3  2   36
 477636.428 3.33597405 481516.504 3.34491389 485396.580 3.35505485 831 3  2   37
 489276.656 3.36650665 493156.732 3.37939108 497036.808 3.39384357 831 3  2   38
 500916.884 3.41001487 504796.960 3.42807315 508677.036 3.44820621 831 3  2   39
 512557.112 3.47062415 516437.188 3.49556243 520317.264 3.52328527 831 3  2   40
 524197.340 3.55408967 528077.416 3.58831002 531957.492 3.62632329 831 3  2   41
 535837.568 3.66855514 539717.644 3.71548680 543597.720 3.76766299 831 3  2   42
 547477.796 3.82570094 551357.872 3.89030059 555237.948 3.96225614 831 3  2   43
 559118.024 4.04246881 562998.100 4.13196105 566878.176 4.23189165 831 3  2   44
 570758.252 4.34357173 574638.328 4.46848063 578518.404 4.60828060 831 3  2   45
 582398.480 4.76482820 586278.556 4.94017961 590158.632 5.13658493 831 3  2   46
 594038.708 5.35646511 597918.784 5.60236199 601798.860 5.87684853 831 3  2   47
 605678.936 6.18238273 609559.012 6.52108461 613439.088 6.89441398 831 3  2   48
 617319.164 7.30272883 621199.240 7.74471521 625079.316 8.21670469 831 3  2   49
 628959.392 8.71194084 632839.468 9.21992299 635749.525 9.60063502 831 3  2   50
 637689.563 9.85017084 639629.601 10.0933517 641569.639 10.3274663 831 3  2   51
 643509.677 10.5496958 645449.715 10.7571892 647389.753 10.9471500 831 3  2   52
 649329.791 11.1169304 651269.829 11.2641285 653209.867 11.3866808 831 3  2   53
 655149.905 11.4829450 656119.924 11.5208375 657089.943 11.5517652 831 3  2   54
 659029.981 11.5925150 659223.985 11.5950384 659417.989 11.5972800 831 3  2   55
 659611.992 11.5992402 659805.996 11.6009193 660000.000 11.6023176 831 3  2   56
 660388.008 11.6042740 660776.015 11.6051134 662910.057 11.5900279 831 3  2   57
 664850.095 11.5482177 666790.133 11.4811019 668730.171 11.3904757 831 3  2   58
 670670.209 11.2784302 674550.285 10.9994015 678430.361 10.6634097 831 3  2   59
 682310.437 10.2894858 687160.532 9.79435421 691040.608 9.39270606 831 3  2   60
 694920.684 8.99726045 698800.760 8.61517292 702680.836 8.25113844 831 3  2   61
 705845.418 7.96955925 709010.000 7.70259602 709010.000 0.0        831 3  2   62
                                                                   831 3  099999
