 8.018000+3 1.784454+1          0          1          0          0 831 4 61    1
 0.000000+0 1.784454+1          0          2          0          0 831 4 61    2
 0.000000+0 0.000000+0          0          0          1         15 831 4 61    3
         15          2                                             831 4 61    4
 0.000000+0 6.545570+6          0          0          2          0 831 4 61    5
 0.000000+0 0.000000+0                                             831 4 61    6
 0.000000+0 7.000000+6          0          0          8          0 831 4 61    7
-2.806140-5 2.337830-2-1.343380-5 6.240930-4-3.171200-7 2.930260-7 831 4 61    8
-1.011130-9 1.95265-10                                             831 4 61    9
 0.000000+0 8.000000+6          0          0         10          0 831 4 61   10
-4.015990-5 5.275460-2-5.041830-5 3.065790-3-4.132880-6 8.857390-6 831 4 61   11
-5.317540-8 1.365550-8-7.92733-10 2.02399-10                       831 4 61   12
 0.000000+0 1.000000+7          0          0         12          0 831 4 61   13
-2.337020-4 8.008910-2-1.159170-4 6.995180-3-2.894630-5 1.413490-4 831 4 61   14
-1.725460-6-5.264800-8-7.400550-8-7.058870-9-1.457710-9-1.30309-10 831 4 61   15
 0.000000+0 1.200000+7          0          0         14          0 831 4 61   16
-4.861670-4 1.036490-1-2.030200-4 1.374960-2-8.751080-5 9.197280-4 831 4 61   17
-1.729510-5-1.370000-6-1.188530-6-1.800450-7-4.087570-8-5.902900-9 831 4 61   18
-1.078210-9-1.28998-10                                             831 4 61   19
 0.000000+0 1.400000+7          0          0         16          0 831 4 61   20
-7.767540-4 1.268830-1-4.288450-4 2.357100-2-1.382000-4 2.756350-3 831 4 61   21
-8.786110-5-5.551920-6-8.742780-6-1.732470-6-4.625550-7-8.652780-8 831 4 61   22
-1.815260-8-3.188270-9-6.12162-10-1.14233-10                       831 4 61   23
 0.000000+0 1.600000+7          0          0         16          0 831 4 61   24
-8.503130-4 1.444620-1-1.036880-3 3.298520-2-3.113980-5 5.016800-3 831 4 61   25
-3.122370-4-2.570730-5-4.582610-5-1.145870-5-3.517690-6-7.773210-7 831 4 61   26
-1.896540-7-3.969940-8-8.615160-9-1.678470-9                       831 4 61   27
 0.000000+0 1.800000+7          0          0         18          0 831 4 61   28
 6.190110-4 1.541660-1-2.382100-3 4.030740-2 5.917030-4 7.420320-3 831 4 61   29
-8.959700-4-1.601070-4-2.032850-4-6.316450-5-2.150910-5-5.562060-6 831 4 61   30
-1.505590-6-3.582090-7-8.703760-8-1.904570-8-4.526180-9-9.46537-10 831 4 61   31
 0.000000+0 2.000000+7          0          0         20          0 831 4 61   32
 7.912370-3 1.544970-1-4.985820-3 4.451990-2 2.380240-3 1.004490-2 831 4 61   33
-2.160110-3-8.103940-4-7.867450-4-2.953360-4-1.092540-4-3.220680-5 831 4 61   34
-9.520610-6-2.527780-6-6.728490-7-1.668080-7-4.244620-8-1.002490-8 831 4 61   35
-2.493630-9-5.56939-10                                             831 4 61   36
 0.000000+0 2.200000+7          0          0         22          0 831 4 61   37
 3.139020-2 1.451340-1-9.354870-3 4.495590-2 6.053520-3 1.347660-2 831 4 61   38
-4.339170-3-2.921170-3-2.596150-3-1.143930-3-4.551690-4-1.501420-4 831 4 61   39
-4.792810-5-1.397240-5-4.023770-6-1.097940-6-2.992750-7-7.831950-8 831 4 61   40
-2.066200-8-5.172920-9-1.352620-9-3.28957-10                       831 4 61   41
 0.000000+0 2.400000+7          0          0         24          0 831 4 61   42
 9.031040-2 1.261480-1-1.530700-2 3.933240-2 1.187610-2 1.814150-2 831 4 61   43
-7.227740-3-8.052430-3-7.228220-3-3.637580-3-1.557410-3-5.666400-4 831 4 61   44
-1.940140-4-6.141840-5-1.894710-5-5.586500-6-1.626730-6-4.603300-7 831 4 61   45
-1.291680-7-3.536810-8-9.720250-9-2.579460-9-6.99018-10-1.79493-10 831 4 61   46
 0.000000+0 2.600000+7          0          0         24          0 831 4 61   47
 1.882170-1 1.104700-1-1.810770-2 2.818190-2 1.715020-2 2.278650-2 831 4 61   48
-8.869810-3-1.575010-2-1.513600-2-8.513330-3-3.934910-3-1.558800-3 831 4 61   49
-5.708900-4-1.943320-4-6.382070-5-2.011400-5-6.222590-6-1.877280-6 831 4 61   50
-5.588800-7-1.636210-7-4.751430-8-1.356500-8-3.865340-9-1.066520-9 831 4 61   51
 0.000000+0 2.800000+7          0          0         26          0 831 4 61   52
 2.991380-1 1.124700-1-1.283230-2 1.707430-2 1.928690-2 2.549110-2 831 4 61   53
-8.116470-3-2.320280-2-2.432320-2-1.509130-2-7.526800-3-3.216970-3 831 4 61   54
-1.255990-3-4.561080-4-1.586860-4-5.305900-5-1.734210-5-5.533320-6 831 4 61   55
-1.738760-6-5.380700-7-1.646980-7-4.984250-8-1.495400-8-4.383680-9 831 4 61   56
-1.237600-9-3.36503-10                                             831 4 61   57
 0.000000+0 3.000000+7          0          0         26          0 831 4 61   58
 3.968720-1 1.329910-1 8.115400-4 1.076000-2 1.884780-2 2.575950-2 831 4 61   59
-5.965960-3-2.840290-2-3.254020-2-2.207860-2-1.184970-2-5.427440-3 831 4 61   60
-2.250380-3-8.664570-4-3.179600-4-1.121310-4-3.853270-5-1.292850-5 831 4 61   61
-4.266300-6-1.386330-6-4.452650-7-1.415650-7-4.456050-8-1.376490-8 831 4 61   62
-4.092150-9-1.165230-9                                             831 4 61   63
 0.000000+0 2.000000+8          0          0         26          0 831 4 61   64
 3.968720-1 1.329910-1 8.115400-4 1.076000-2 1.884780-2 2.575950-2 831 4 61   65
-5.965960-3-2.840290-2-3.254020-2-2.207860-2-1.184970-2-5.427440-3 831 4 61   66
-2.250380-3-8.664570-4-3.179600-4-1.121310-4-3.853270-5-1.292850-5 831 4 61   67
-4.266300-6-1.386330-6-4.452650-7-1.415650-7-4.456050-8-1.376490-8 831 4 61   68
-4.092150-9-1.165230-9                                             831 4 61   69
                                                                   831 4  099999
