 8.017000+3 1.685310+1          0          1          0          0 828 4 75    1
 0.000000+0 1.685310+1          0          2          0          0 828 4 75    2
 0.000000+0 0.000000+0          0          0          1         13 828 4 75    3
         13          2                                             828 4 75    4
 0.000000+0 8.548840+6          0          0          2          0 828 4 75    5
 0.000000+0 0.000000+0                                             828 4 75    6
 0.000000+0 1.000000+7          0          0         10          0 828 4 75    7
 1.855510-5 4.036020-3 1.824650-6-4.761040-4-9.822510-8-2.104970-5 828 4 75    8
-3.246250-9-7.600860-8-1.06428-10-3.02651-10                       828 4 75    9
 0.000000+0 1.200000+7          0          0         12          0 828 4 75   10
 1.869780-5 1.217200-2 1.116590-5-6.716800-4-1.302540-6-2.055690-4 828 4 75   11
-5.321120-8-2.148760-6-7.363960-9-2.258300-8-2.38341-10-3.38092-10 828 4 75   12
 0.000000+0 1.400000+7          0          0         14          0 828 4 75   13
 6.292990-5 2.635690-2 2.764460-5-4.673420-4-6.253100-6-6.322240-4 828 4 75   14
-2.320990-7-1.364320-5-9.418390-8-2.622160-7-5.679670-9-5.698550-9 828 4 75   15
-2.07615-10-2.11838-10                                             828 4 75   16
 0.000000+0 1.600000+7          0          0         14          0 828 4 75   17
 2.123540-4 4.038690-2 4.775110-5-2.020240-5-2.193430-5-1.000870-3 828 4 75   18
-1.801240-7-4.541670-5-6.448940-7-1.382260-6-6.337600-8-4.545320-8 828 4 75   19
-3.471070-9-2.073390-9                                             828 4 75   20
 0.000000+0 1.800000+7          0          0         16          0 828 4 75   21
 6.448650-4 5.051510-2 7.481320-5 5.087510-4-6.283190-5-1.123850-3 828 4 75   22
 3.094320-6-1.093240-4-2.659340-6-5.056780-6-4.097410-7-2.536870-7 828 4 75   23
-3.128610-8-1.448700-8-1.803740-9-7.46553-10                       828 4 75   24
 0.000000+0 2.000000+7          0          0         18          0 828 4 75   25
 2.021230-3 5.876900-2 1.575140-4 1.195070-3-1.928730-4-1.066600-3 828 4 75   26
 2.081720-5-2.084930-4-8.911010-6-1.542720-5-2.164880-6-1.200290-6 828 4 75   27
-2.204930-7-8.850220-8-1.627550-8-5.781500-9-1.016630-9-3.69942-10 828 4 75   28
 0.000000+0 2.200000+7          0          0         20          0 828 4 75   29
 6.409580-3 6.640590-2 3.582130-4 1.923090-3-6.318560-4-9.293610-4 828 4 75   30
 9.116900-5-3.068360-4-2.530730-5-4.228450-5-1.020670-5-5.217060-6 828 4 75   31
-1.345050-6-5.024700-7-1.226770-7-4.051650-8-9.336930-9-2.965640-9 828 4 75   32
-6.33526-10-2.12350-10                                             828 4 75   33
 0.000000+0 2.400000+7          0          0         22          0 828 4 75   34
 1.879190-2 7.342890-2 6.122070-4 2.258300-3-1.949810-3-9.337990-4 828 4 75   35
 3.032300-4-2.991860-4-5.164140-5-1.067860-4-4.062150-5-2.066250-5 828 4 75   36
-6.792850-6-2.537840-6-7.463700-7-2.458450-7-6.723410-8-2.090120-8 828 4 75   37
-5.391610-9-1.654420-9-4.04801-10-1.29042-10                       828 4 75   38
 0.000000+0 2.600000+7          0          0         22          0 828 4 75   39
 6.623460-2 7.755490-2 5.577040-4-4.370320-4-7.199580-3-1.991160-3 828 4 75   40
 1.054670-3 2.680090-4-5.470360-5-3.011300-4-1.794530-4-9.472370-5 828 4 75   41
-3.771130-5-1.451750-5-4.903810-6-1.656670-6-5.130370-7-1.619920-7 828 4 75   42
-4.740080-8-1.437120-8-4.040490-9-1.226020-9                       828 4 75   43
 0.000000+0 2.800000+7          0          0         24          0 828 4 75   44
 1.473550-1 8.070540-2-1.912230-3-6.835600-3-1.660270-2-5.642330-3 828 4 75   45
 2.021520-3 1.751540-3 2.532140-4-5.566330-4-4.647170-4-2.724080-4 828 4 75   46
-1.226580-4-5.044140-5-1.863530-5-6.652790-6-2.230390-6-7.396280-7 828 4 75   47
-2.340070-7-7.423290-8-2.249100-8-7.021680-9-2.056060-9-6.15152-10 828 4 75   48
 0.000000+0 3.000000+7          0          0         26          0 828 4 75   49
 2.650570-1 8.529390-2-7.773510-3-1.881080-2-3.073040-2-1.307770-2 828 4 75   50
 2.608770-3 4.383590-3 1.251440-3-7.116400-4-9.059940-4-6.039910-4 828 4 75   51
-3.031250-4-1.337910-4-5.332610-5-2.015910-5-7.219740-6-2.520200-6 828 4 75   52
-8.487480-7-2.821360-7-9.085980-8-2.938930-8-9.297440-9-2.912350-9 828 4 75   53
-8.48020-10-2.49095-10                                             828 4 75   54
 0.000000+0 2.000000+8          0          0         26          0 828 4 75   55
 2.650570-1 8.529390-2-7.773510-3-1.881080-2-3.073040-2-1.307770-2 828 4 75   56
 2.608770-3 4.383590-3 1.251440-3-7.116400-4-9.059940-4-6.039910-4 828 4 75   57
-3.031250-4-1.337910-4-5.332610-5-2.015910-5-7.219740-6-2.520200-6 828 4 75   58
-8.487480-7-2.821360-7-9.085980-8-2.938930-8-9.297440-9-2.912350-9 828 4 75   59
-8.48020-10-2.49095-10                                             828 4 75   60
                                                                   828 4  099999
