 8.017000+3 1.685310+1          0          1          0          0 828 4 79    1
 0.000000+0 1.685310+1          0          2          0          0 828 4 79    2
 0.000000+0 0.000000+0          0          0          1         13 828 4 79    3
         13          2                                             828 4 79    4
 0.000000+0 8.968340+6          0          0          2          0 828 4 79    5
 0.000000+0 0.000000+0                                             828 4 79    6
 0.000000+0 1.000000+7          0          0         10          0 828 4 79    7
-3.705670-5 1.582600-2-3.384440-5-1.260860-4-1.388960-6-7.713450-6 828 4 79    8
-1.508380-8-2.601480-8-2.09405-10-1.17461-10                       828 4 79    9
 0.000000+0 1.200000+7          0          0         12          0 828 4 79   10
-1.873670-4 2.481620-2-1.004190-4 5.919830-5-1.541680-5-1.215240-4 828 4 79   11
-7.966340-7-1.396540-6-4.126900-8-1.987270-8-8.31402-10-3.43378-10 828 4 79   12
 0.000000+0 1.400000+7          0          0         14          0 828 4 79   13
-3.662080-4 3.361030-2-1.855390-4 5.521690-4-5.545750-5-3.996040-4 828 4 79   14
-9.329180-6-1.146830-5-7.950930-7-3.147590-7-2.848990-8-8.043900-9 828 4 79   15
-7.73471-10-2.64101-10                                             828 4 79   16
 0.000000+0 1.600000+7          0          0         16          0 828 4 79   17
-5.864950-4 4.293900-2-4.321690-4 1.445840-3-1.139270-4-6.066060-4 828 4 79   18
-5.923890-5-5.248850-5-7.143840-6-2.496880-6-3.903590-7-9.960500-8 828 4 79   19
-1.576800-8-3.868650-9-5.46386-10-1.39413-10                       828 4 79   20
 0.000000+0 1.800000+7          0          0         16          0 828 4 79   21
-3.783540-4 5.086910-2-9.718680-4 2.693210-3-5.423120-5-5.543850-4 828 4 79   22
-2.132730-4-1.696900-4-3.643120-5-1.320190-5-2.852280-6-7.693690-7 828 4 79   23
-1.576750-7-3.839140-8-7.345110-9-1.729260-9                       828 4 79   24
 0.000000+0 2.000000+7          0          0         18          0 828 4 79   25
 1.495960-3 5.717800-2-2.110500-3 4.169680-3 3.639310-4-2.094330-4 828 4 79   26
-6.154720-4-4.822550-4-1.547810-4-6.052910-5-1.658680-5-4.846640-6 828 4 79   27
-1.186940-6-3.075570-7-7.021140-8-1.720580-8-3.736450-9-8.98299-10 828 4 79   28
 0.000000+0 2.200000+7          0          0         20          0 828 4 79   29
 9.403270-3 6.092340-2-4.420840-3 5.625380-3 1.690640-3 6.878420-4 828 4 79   30
-1.600760-3-1.348520-3-6.137770-4-2.624740-4-8.608190-5-2.727710-5 828 4 79   31
-7.648500-6-2.134350-6-5.518150-7-1.444380-7-3.554350-8-8.993640-9 828 4 79   32
-2.132710-9-5.31759-10                                             828 4 79   33
 0.000000+0 2.400000+7          0          0         22          0 828 4 79   34
 3.407840-2 6.257950-2-8.147580-3 6.629470-3 4.656760-3 2.750640-3 828 4 79   35
-3.524680-3-3.544250-3-2.099320-3-9.898220-4-3.706950-4-1.274460-4 828 4 79   36
-3.966820-5-1.192700-5-3.390760-6-9.518570-7-2.568900-7-6.932320-8 828 4 79   37
-1.807000-8-4.763730-9-1.205440-9-3.13295-10                       828 4 79   38
 0.000000+0 2.600000+7          0          0         24          0 828 4 79   39
 1.163690-1 6.199480-2-1.535590-2 6.359270-3 1.181620-2 8.387060-3 828 4 79   40
-7.947610-3-1.018550-2-7.393820-3-3.828490-3-1.596980-3-5.931670-4 828 4 79   41
-2.013710-4-6.490430-5-1.996480-5-5.983100-6-1.741810-6-5.001400-7 828 4 79   42
-1.405880-7-3.927510-8-1.075890-8-2.946910-9-7.87546-10-2.06677-10 828 4 79   43
 0.000000+0 2.800000+7          0          0         24          0 828 4 79   44
 2.285450-1 7.481830-2-1.504220-2 4.546620-3 1.706010-2 1.414200-2 828 4 79   45
-1.051890-2-1.814580-2-1.524930-2-8.663080-3-3.947470-3-1.580140-3 828 4 79   46
-5.771520-4-1.986970-4-6.531070-5-2.081560-5-6.455640-6-1.966700-6 828 4 79   47
-5.881410-7-1.740180-7-5.073820-8-1.470740-8-4.191650-9-1.175720-9 828 4 79   48
 0.000000+0 3.000000+7          0          0         26          0 828 4 79   49
 3.494240-1 1.026060-1-5.574680-3 3.481250-3 1.943320-2 1.851130-2 828 4 79   50
-1.090540-2-2.573150-2-2.439920-2-1.511360-2-7.457510-3-3.200480-3 828 4 79   51
-1.248460-3-4.566000-4-1.592130-4-5.366540-5-1.760080-5-5.657870-6 828 4 79   52
-1.786620-6-5.569690-7-1.713990-7-5.231780-8-1.576780-8-4.667400-9 828 4 79   53
-1.323190-9-3.59639-10                                             828 4 79   54
 0.000000+0 2.000000+8          0          0         26          0 828 4 79   55
 3.494240-1 1.026060-1-5.574680-3 3.481250-3 1.943320-2 1.851130-2 828 4 79   56
-1.090540-2-2.573150-2-2.439920-2-1.511360-2-7.457510-3-3.200480-3 828 4 79   57
-1.248460-3-4.566000-4-1.592130-4-5.366540-5-1.760080-5-5.657870-6 828 4 79   58
-1.786620-6-5.569690-7-1.713990-7-5.231780-8-1.576780-8-4.667400-9 828 4 79   59
-1.323190-9-3.59639-10                                             828 4 79   60
                                                                   828 4  099999
