 8.017000+3 1.685310+1          0          1          0          0 828 4 56    1
 0.000000+0 1.685310+1          0          2          0          0 828 4 56    2
 0.000000+0 0.000000+0          0          0          1         16 828 4 56    3
         16          2                                             828 4 56    4
 0.000000+0 5.525290+6          0          0          2          0 828 4 56    5
 0.000000+0 0.000000+0                                             828 4 56    6
 0.000000+0 6.000000+6          0          0          8          0 828 4 56    7
 4.531420-4-7.009480-3 1.988300-5-5.428070-4-4.014440-7-1.454130-6 828 4 56    8
-3.249800-9-3.745920-9                                             828 4 56    9
 0.000000+0 7.000000+6          0          0         10          0 828 4 56   10
-1.650960-4-1.571580-3 5.029170-5-1.843980-3-4.810010-6-3.307760-5 828 4 56   11
-1.485720-7-2.816510-7-2.398940-9-2.798420-9                       828 4 56   12
 0.000000+0 8.000000+6          0          0         12          0 828 4 56   13
-6.101570-4 5.258480-3 5.226910-5-2.491790-3-1.643000-5-1.156880-4 828 4 56   14
-8.902480-7-1.980950-6-3.049790-8-3.535750-8-4.59483-10-6.05899-10 828 4 56   15
 0.000000+0 1.000000+7          0          0         14          0 828 4 56   16
-1.163130-3 1.152230-2 5.497520-5-3.106910-3-1.154770-4-2.262320-4 828 4 56   17
-1.059510-5-6.858650-6-9.679470-7-3.731900-7-3.245330-8-1.617110-8 828 4 56   18
-7.42346-10-4.80497-10                                             828 4 56   19
 0.000000+0 1.200000+7          0          0         16          0 828 4 56   20
-3.735340-4 1.862270-2-1.957600-4-3.977010-3-4.392540-4-4.803280-4 828 4 56   21
-4.851490-5-3.747940-5-9.457930-6-2.802500-6-5.497390-7-1.351980-7 828 4 56   22
-2.057570-8-4.791970-9-6.25719-10-1.43381-10                       828 4 56   23
 0.000000+0 1.400000+7          0          0         16          0 828 4 56   24
 4.461140-3 2.551500-2-9.292820-4-5.681560-3-1.342550-3-4.885480-4 828 4 56   25
-1.124710-4-1.294200-4-4.985600-5-1.735930-5-4.583320-6-1.167720-6 828 4 56   26
-2.513800-7-5.611940-8-1.089980-8-2.267990-9                       828 4 56   27
 0.000000+0 1.600000+7          0          0         18          0 828 4 56   28
 2.242230-2 3.015010-2-1.788440-3-9.331590-3-4.172510-3 1.312920-4 828 4 56   29
-1.061960-4-3.231960-4-1.951190-4-8.383510-5-2.739370-5-7.974360-6 828 4 56   30
-2.067590-6-5.136570-7-1.192740-7-2.730720-8-5.949430-9-1.296880-9 828 4 56   31
 0.000000+0 1.800000+7          0          0         20          0 828 4 56   32
 6.187890-2 2.998270-2-1.984150-3-1.455790-2-1.003810-2 6.186250-4 828 4 56   33
 2.797440-4-4.641230-4-4.857020-4-2.633800-4-1.032570-4-3.453440-5 828 4 56   34
-1.027900-5-2.864710-6-7.531020-7-1.916770-7-4.703540-8-1.134870-8 828 4 56   35
-2.658860-9-6.15411-10                                             828 4 56   36
 0.000000+0 2.000000+7          0          0         22          0 828 4 56   37
 1.293390-1 2.700320-2-2.954420-3-2.108830-2-2.011750-2-3.951660-4 828 4 56   38
 1.241180-3-2.325060-4-8.838940-4-6.231200-4-2.899900-4-1.104480-4 828 4 56   39
-3.697780-5-1.143420-5-3.329850-6-9.315990-7-2.517700-7-6.646870-8 828 4 56   40
-1.714450-8-4.350120-9-1.079890-9-2.65974-10                       828 4 56   41
 0.000000+0 2.200000+7          0          0         24          0 828 4 56   42
 2.155060-1 2.569390-2-6.881860-3-2.811110-2-3.286900-2-4.312300-3 828 4 56   43
 2.502410-3 7.322070-4-1.137340-3-1.118350-3-6.178530-4-2.661890-4 828 4 56   44
-9.906500-5-3.364460-5-1.071080-5-3.258510-6-9.564940-7-2.734020-7 828 4 56   45
-7.637540-8-2.095590-8-5.644250-9-1.502110-9-3.92889-10-1.00132-10 828 4 56   46
 0.000000+0 2.400000+7          0          0         24          0 828 4 56   47
 2.937130-1 3.091240-2-1.368670-2-3.429330-2-4.399150-2-1.077420-2 828 4 56   48
 3.244240-3 2.345410-3-9.125730-4-1.532610-3-1.016770-3-4.942720-4 828 4 56   49
-2.030010-4-7.514410-5-2.591010-5-8.497440-6-2.682760-6-8.228050-7 828 4 56   50
-2.464300-7-7.239190-8-2.088050-8-5.950800-9-1.673340-9-4.59135-10 828 4 56   51
 0.000000+0 2.600000+7          0          0         26          0 828 4 56   52
 3.603380-1 4.189760-2-2.163650-2-4.065020-2-5.294810-2-1.846170-2 828 4 56   53
 3.010630-3 4.262150-3-1.434300-4-1.731630-3-1.421790-3-7.813460-4 828 4 56   54
-3.527210-4-1.415100-4-5.249410-5-1.843100-5-6.212330-6-2.029620-6 828 4 56   55
-6.467400-7-2.018580-7-6.184680-8-1.871320-8-5.599870-9-1.639430-9 828 4 56   56
-4.62565-10-1.25815-10                                             828 4 56   57
 0.000000+0 2.800000+7          0          0         26          0 828 4 56   58
 4.073030-1 5.718080-2-2.830550-2-4.660110-2-5.886520-2-2.590930-2 828 4 56   59
 1.640220-3 6.008380-3 1.101220-3-1.593130-3-1.729580-3-1.082320-3 828 4 56   60
-5.361250-4-2.322120-4-9.220150-5-3.446960-5-1.233120-5-4.266390-6 828 4 56   61
-1.437550-6-4.738780-7-1.532410-7-4.891210-8-1.545640-8-4.788950-9 828 4 56   62
-1.432360-9-4.12447-10                                             828 4 56   63
 0.000000+0 3.000000+7          0          0         26          0 828 4 56   64
 4.468570-1 7.473240-2-3.323680-2-5.316970-2-6.394990-2-3.305100-2 828 4 56   65
-6.601730-4 7.472760-3 2.694750-3-1.130860-3-1.922850-3-1.389920-3 828 4 56   66
-7.560100-4-3.526070-4-1.492830-4-5.916630-5-2.235980-5-8.153090-6 828 4 56   67
-2.890550-6-1.001390-6-3.400390-7-1.138910-7-3.778040-8-1.230940-8 828 4 56   68
-3.878710-9-1.175750-9                                             828 4 56   69
 0.000000+0 2.000000+8          0          0         26          0 828 4 56   70
 4.468570-1 7.473240-2-3.323680-2-5.316970-2-6.394990-2-3.305100-2 828 4 56   71
-6.601730-4 7.472760-3 2.694750-3-1.130860-3-1.922850-3-1.389920-3 828 4 56   72
-7.560100-4-3.526070-4-1.492830-4-5.916630-5-2.235980-5-8.153090-6 828 4 56   73
-2.890550-6-1.001390-6-3.400390-7-1.138910-7-3.778040-8-1.230940-8 828 4 56   74
-3.878710-9-1.175750-9                                             828 4 56   75
                                                                   828 4  099999
