 8.017000+3 1.685310+1          0          1          0          0 828 4 59    1
 0.000000+0 1.685310+1          0          2          0          0 828 4 59    2
 0.000000+0 0.000000+0          0          0          1         15 828 4 59    3
         15          2                                             828 4 59    4
 0.000000+0 6.072960+6          0          0          2          0 828 4 59    5
 0.000000+0 0.000000+0                                             828 4 59    6
 0.000000+0 7.000000+6          0          0          8          0 828 4 59    7
-3.699570-9 1.859530-2-6.173060-6 4.025670-4-3.725360-7 5.371730-7 828 4 59    8
-2.380590-9-2.84550-10                                             828 4 59    9
 0.000000+0 8.000000+6          0          0          8          0 828 4 59   10
-1.156680-5 2.718680-2-1.392110-5 9.573570-4-1.928230-6 5.530410-6 828 4 59   11
-3.252860-8-5.495350-9                                             828 4 59   12
 0.000000+0 1.000000+7          0          0         12          0 828 4 59   13
-7.331220-5 3.296870-2-3.356150-5 1.943480-3-1.144720-5 5.471310-5 828 4 59   14
-7.749360-7 2.135820-8-3.457890-8-4.410170-9-7.51974-10-2.65094-10 828 4 59   15
 0.000000+0 1.200000+7          0          0         14          0 828 4 59   16
-1.657590-4 4.030590-2-6.647030-5 3.342410-3-3.242300-5 2.167230-4 828 4 59   17
-6.980340-6-1.360310-7-4.953960-7-7.869480-8-1.809930-8-3.132030-9 828 4 59   18
-5.07555-10-1.32861-10                                             828 4 59   19
 0.000000+0 1.400000+7          0          0         14          0 828 4 59   20
-2.703430-4 4.988390-2-1.502580-4 5.050860-3-4.852920-5 4.858100-4 828 4 59   21
-3.451090-5-3.715860-6-3.569450-6-7.436760-7-1.960780-7-3.680120-8 828 4 59   22
-8.002560-9-1.623620-9                                             828 4 59   23
 0.000000+0 1.600000+7          0          0         16          0 828 4 59   24
-2.954810-4 5.884440-2-3.964170-4 6.759110-3-1.850670-6 7.891250-4 828 4 59   25
-1.326790-4-3.195160-5-2.015960-5-5.388070-6-1.573000-6-3.590610-7 828 4 59   26
-8.686800-8-1.879150-8-4.055020-9-8.22397-10                       828 4 59   27
 0.000000+0 1.800000+7          0          0         18          0 828 4 59   28
 3.416070-4 6.638750-2-8.479790-4 8.322730-3 2.496150-4 1.154150-3 828 4 59   29
-3.565600-4-1.321330-4-8.206600-5-2.679960-5-8.674960-6-2.304300-6 828 4 59   30
-6.155730-7-1.490640-7-3.625100-8-8.281550-9-1.924280-9-4.17736-10 828 4 59   31
 0.000000+0 2.000000+7          0          0         20          0 828 4 59   32
 3.139830-3 7.225640-2-1.745590-3 9.845980-3 9.464650-4 1.743630-3 828 4 59   33
-8.548730-4-4.698540-4-3.053260-4-1.182080-4-4.188650-5-1.260370-5 828 4 59   34
-3.675150-6-9.882510-7-2.630410-7-6.650970-8-1.684410-8-4.084120-9 828 4 59   35
-1.005000-9-2.34000-10                                             828 4 59   36
 0.000000+0 2.200000+7          0          0         22          0 828 4 59   37
 1.323960-2 7.546340-2-3.627530-3 1.119370-2 2.661870-3 2.964670-3 828 4 59   38
-1.952760-3-1.561440-3-1.095640-3-4.887340-4-1.884740-4-6.300060-5 828 4 59   39
-1.988390-5-5.858160-6-1.683380-6-4.640640-7-1.265890-7-3.348130-8 828 4 59   40
-8.847230-9-2.265460-9-5.86579-10-1.44782-10                       828 4 59   41
 0.000000+0 2.400000+7          0          0         22          0 828 4 59   42
 4.283590-2 7.672060-2-6.746300-3 1.182880-2 6.036340-3 5.514690-3 828 4 59   43
-3.892270-3-4.436210-3-3.445640-3-1.728800-3-7.247900-4-2.650480-4 828 4 59   44
-9.008430-5-2.871220-5-8.840600-6-2.623970-6-7.649970-7-2.175120-7 828 4 59   45
-6.130430-8-1.691700-8-4.663350-9-1.254290-9                       828 4 59   46
 0.000000+0 2.600000+7          0          0         24          0 828 4 59   47
 1.381690-1 7.636410-2-1.226840-2 1.034040-2 1.380920-2 1.193360-2 828 4 59   48
-8.017160-3-1.303560-2-1.119410-2-6.228880-3-2.827300-3-1.120030-3 828 4 59   49
-4.076360-4-1.392770-4-4.565390-5-1.445830-5-4.474660-6-1.354950-6 828 4 59   50
-4.046530-7-1.189380-7-3.466430-8-9.961750-9-2.848650-9-7.78915-10 828 4 59   51
 0.000000+0 2.800000+7          0          0         26          0 828 4 59   52
 2.601520-1 9.106870-2-9.889840-3 7.435700-3 1.871170-2 1.777800-2 828 4 59   53
-9.772640-3-2.239730-2-2.138410-2-1.303900-2-6.394420-3-2.721370-3 828 4 59   54
-1.056280-3-3.838850-4-1.333300-4-4.470620-5-1.461470-5-4.675410-6 828 4 59   55
-1.472350-6-4.567900-7-1.402660-7-4.257890-8-1.280940-8-3.758870-9 828 4 59   56
-1.063040-9-2.85127-10                                             828 4 59   57
 0.000000+0 3.000000+7          0          0         26          0 828 4 59   58
 3.836280-1 1.210590-1 1.965860-3 5.897910-3 2.045510-2 2.137410-2 828 4 59   59
-9.500140-3-3.037660-2-3.194370-2-2.118910-2-1.117420-2-5.079950-3 828 4 59   60
-2.092880-3-8.046600-4-2.946860-4-1.040430-4-3.574880-5-1.201540-5 828 4 59   61
-3.970390-6-1.292700-6-4.161320-7-1.325580-7-4.182520-8-1.292300-8 828 4 59   62
-3.846530-9-1.089480-9                                             828 4 59   63
 0.000000+0 2.000000+8          0          0         26          0 828 4 59   64
 3.836280-1 1.210590-1 1.965860-3 5.897910-3 2.045510-2 2.137410-2 828 4 59   65
-9.500140-3-3.037660-2-3.194370-2-2.118910-2-1.117420-2-5.079950-3 828 4 59   66
-2.092880-3-8.046600-4-2.946860-4-1.040430-4-3.574880-5-1.201540-5 828 4 59   67
-3.970390-6-1.292700-6-4.161320-7-1.325580-7-4.182520-8-1.292300-8 828 4 59   68
-3.846530-9-1.089480-9                                             828 4 59   69
                                                                   828 4  099999
