 8.017000+3 1.685310+1          0          1          0          0 828 4 63    1
 0.000000+0 1.685310+1          0          2          0          0 828 4 63    2
 0.000000+0 0.000000+0          0          0          1         14 828 4 63    3
         14          2                                             828 4 63    4
 0.000000+0 7.269170+6          0          0          2          0 828 4 63    5
 0.000000+0 0.000000+0                                             828 4 63    6
 0.000000+0 8.000000+6          0          0          8          0 828 4 63    7
 2.096580-3 1.620790-2 6.643880-5 5.938500-4-2.356710-6 4.371570-6 828 4 63    8
-4.246490-8 6.009540-9                                             828 4 63    9
 0.000000+0 1.000000+7          0          0         12          0 828 4 63   10
-2.125710-5 2.842620-2 4.512680-4 2.381450-3-6.522140-5 1.454110-4 828 4 63   11
-3.392610-6-2.908260-7-2.065830-7-2.465930-8-4.338360-9-3.36773-10 828 4 63   12
 0.000000+0 1.200000+7          0          0         14          0 828 4 63   13
 1.313670-3 4.175270-2 1.383900-3 4.985940-3-3.886760-4 6.853260-4 828 4 63   14
-2.542790-5-7.663080-6-4.128360-6-8.405840-7-1.798470-7-2.897860-8 828 4 63   15
-5.063230-9-6.82099-10                                             828 4 63   16
 0.000000+0 1.400000+7          0          0         16          0 828 4 63   17
 7.185880-3 5.668910-2 1.914970-3 6.044170-3-1.258230-3 1.631710-3 828 4 63   18
-7.535890-5-4.902990-5-3.005800-5-8.486420-6-2.207090-6-4.699620-7 828 4 63   19
-9.782990-8-1.818460-8-3.464830-9-5.92504-10                       828 4 63   20
 0.000000+0 1.600000+7          0          0         18          0 828 4 63   21
 2.637870-2 6.242770-2 2.051470-3 1.831520-3-3.644100-3 2.993070-3 828 4 63   22
-7.095100-5-1.779370-4-1.406640-4-5.226680-5-1.621150-5-4.221590-6 828 4 63   23
-1.029750-6-2.313360-7-5.070960-8-1.051710-8-2.172270-9-4.23995-10 828 4 63   24
 0.000000+0 1.800000+7          0          0         20          0 828 4 63   25
 6.859900-2 5.743810-2 2.762160-3-6.290870-3-8.441850-3 4.304900-3 828 4 63   26
 3.263130-4-2.938460-4-3.950380-4-1.897870-4-7.010250-5-2.153170-5 828 4 63   27
-6.043720-6-1.565770-6-3.893140-7-9.244700-8-2.150040-8-4.835640-9 828 4 63   28
-1.077080-9-2.30933-10                                             828 4 63   29
 0.000000+0 2.000000+7          0          0         22          0 828 4 63   30
 1.381960-1 4.734780-2 4.226000-3-1.518420-2-1.662660-2 4.139890-3 828 4 63   31
 1.418390-3-1.117890-4-7.637340-4-4.827510-4-2.111870-4-7.502070-5 828 4 63   32
-2.381370-5-6.946310-6-1.924840-6-5.099110-7-1.313780-7-3.287240-8 828 4 63   33
-8.096820-9-1.944290-9-4.61608-10-1.07059-10                       828 4 63   34
 0.000000+0 2.200000+7          0          0         22          0 828 4 63   35
 2.195410-1 4.001070-2 3.531240-3-2.223960-2-2.684990-2 1.016310-3 828 4 63   36
 2.958280-3 7.046140-4-1.015400-3-8.941940-4-4.635090-4-1.880910-4 828 4 63   37
-6.666760-5-2.155400-5-6.565000-6-1.908510-6-5.371190-7-1.469120-7 828 4 63   38
-3.940250-8-1.034180-8-2.671700-9-6.80680-10                       828 4 63   39
 0.000000+0 2.400000+7          0          0         24          0 828 4 63   40
 2.904910-1 4.073520-2-1.091580-3-2.712540-2-3.629520-2-4.705420-3 828 4 63   41
 4.167860-3 2.158580-3-8.758530-4-1.268690-3-7.877960-4-3.627490-4 828 4 63   42
-1.423880-4-5.047210-5-1.672600-5-5.273840-6-1.604050-6-4.737770-7 828 4 63   43
-1.368720-7-3.875030-8-1.078820-8-2.962150-9-8.03702-10-2.11997-10 828 4 63   44
 0.000000+0 2.600000+7          0          0         24          0 828 4 63   45
 3.510400-1 4.787480-2-8.331790-3-3.223770-2-4.451880-2-1.182850-2 828 4 63   46
 4.571250-3 3.994880-3-2.601410-4-1.495290-3-1.141230-3-5.957080-4 828 4 63   47
-2.576190-4-9.938090-5-3.555690-5-1.205660-5-3.930130-6-1.242300-6 828 4 63   48
-3.833360-7-1.158740-7-3.440300-8-1.008550-8-2.924540-9-8.28220-10 828 4 63   49
 0.000000+0 2.800000+7          0          0         26          0 828 4 63   50
 3.965790-1 6.027290-2-1.589300-2-3.752720-2-5.075310-2-1.908120-2 828 4 63   51
 3.893060-3 5.851300-3 8.195010-4-1.456180-3-1.447000-3-8.601340-4 828 4 63   52
-4.088800-4-1.707700-4-6.558940-5-2.375940-5-8.246880-6-2.770300-6 828 4 63   53
-9.069640-7-2.905710-7-9.135970-8-2.835530-8-8.715360-9-2.624890-9 828 4 63   54
-7.63124-10-2.13382-10                                             828 4 63   55
 0.000000+0 3.000000+7          0          0         26          0 828 4 63   56
 4.359720-1 7.549770-2-2.236360-2-4.388840-2-5.625510-2-2.621860-2 828 4 63   57
 2.242120-3 7.540600-3 2.281820-3-1.126590-3-1.672090-3-1.145320-3 828 4 63   58
-5.983950-4-2.696760-4-1.106990-4-4.262360-5-1.567040-5-5.563290-6 828 4 63   59
-1.921690-6-6.488650-7-2.148250-7-7.017250-8-2.270970-8-7.216870-9 828 4 63   60
-2.217140-9-6.54824-10                                             828 4 63   61
 0.000000+0 2.000000+8          0          0         26          0 828 4 63   62
 4.359720-1 7.549770-2-2.236360-2-4.388840-2-5.625510-2-2.621860-2 828 4 63   63
 2.242120-3 7.540600-3 2.281820-3-1.126590-3-1.672090-3-1.145320-3 828 4 63   64
-5.983950-4-2.696760-4-1.106990-4-4.262360-5-1.567040-5-5.563290-6 828 4 63   65
-1.921690-6-6.488650-7-2.148250-7-7.017250-8-2.270970-8-7.216870-9 828 4 63   66
-2.217140-9-6.54824-10                                             828 4 63   67
                                                                   828 4  099999
