 8.017000+3 1.685310+1          0          1          0          0 828 4 71    1
 0.000000+0 1.685310+1          0          2          0          0 828 4 71    2
 0.000000+0 0.000000+0          0          0          1         13 828 4 71    3
         13          2                                             828 4 71    4
 0.000000+0 8.144390+6          0          0          2          0 828 4 71    5
 0.000000+0 0.000000+0                                             828 4 71    6
 0.000000+0 1.000000+7          0          0         10          0 828 4 71    7
-5.166470-5 2.737030-2-3.713270-5 1.534990-3-3.388080-6 1.142300-5 828 4 71    8
-7.114770-8 4.363740-8-1.798050-9 1.225790-9                       828 4 71    9
 0.000000+0 1.200000+7          0          0         12          0 828 4 71   10
-1.667040-4 3.572040-2-7.987420-5 2.487760-3-1.910300-5 8.215560-5 828 4 71   11
-1.555500-6 1.892840-7-9.226100-8-1.835730-9-2.302780-9 3.20281-10 828 4 71   12
 0.000000+0 1.400000+7          0          0         14          0 828 4 71   13
-3.134790-4 4.422240-2-1.555460-4 3.842580-3-5.440330-5 2.738590-4 828 4 71   14
-1.375360-5-2.097630-6-1.238870-6-2.110760-7-5.091620-8-6.117570-9 828 4 71   15
-1.583470-9-1.32880-10                                             828 4 71   16
 0.000000+0 1.600000+7          0          0         16          0 828 4 71   17
-4.778000-4 5.385090-2-3.938890-4 5.672210-3-8.483320-5 5.621970-4 828 4 71   18
-7.385150-5-2.333760-5-9.419520-6-2.331550-6-5.749260-7-1.165270-7 828 4 71   19
-2.568550-8-4.625650-9-9.80745-10-1.67094-10                       828 4 71   20
 0.000000+0 1.800000+7          0          0         18          0 828 4 71   21
-1.623600-4 6.227340-2-8.693240-4 7.324740-3 2.783040-5 8.672820-4 828 4 71   22
-2.359840-4-9.917740-5-4.346800-5-1.334150-5-3.739970-6-9.274430-7 828 4 71   23
-2.238770-7-4.986940-8-1.124180-8-2.360780-9-5.11029-10-1.03078-10 828 4 71   24
 0.000000+0 2.000000+7          0          0         18          0 828 4 71   25
 1.794830-3 6.809060-2-1.816330-3 8.642000-3 4.940160-4 1.268230-3 828 4 71   26
-6.283480-4-3.426220-4-1.736580-4-6.320500-5-2.012320-5-5.721930-6 828 4 71   27
-1.535450-6-3.895900-7-9.645340-8-2.300070-8-5.441900-9-1.247190-9 828 4 71   28
 0.000000+0 2.200000+7          0          0         20          0 828 4 71   29
 9.535080-3 7.050350-2-3.766950-3 9.611470-3 1.821250-3 2.105700-3 828 4 71   30
-1.564910-3-1.132840-3-6.671870-4-2.801330-4-9.973660-5-3.161860-5 828 4 71   31
-9.345350-6-2.618860-6-7.085920-7-1.859770-7-4.789760-8-1.207580-8 828 4 71   32
-3.014070-9-7.38223-10                                             828 4 71   33
 0.000000+0 2.400000+7          0          0         22          0 828 4 71   34
 3.353070-2 7.074390-2-7.030660-3 1.004020-2 4.698260-3 4.036640-3 828 4 71   35
-3.379840-3-3.300510-3-2.251060-3-1.066900-3-4.192810-4-1.458750-4 828 4 71   36
-4.695970-5-1.430070-5-4.187790-6-1.189830-6-3.305420-7-9.007530-8 828 4 71   37
-2.420620-8-6.413150-9-1.681180-9-4.35066-10                       828 4 71   38
 0.000000+0 2.600000+7          0          0         24          0 828 4 71   39
 1.153890-1 6.880280-2-1.352070-2 8.915280-3 1.178360-2 9.425180-3 828 4 71   40
-7.618240-3-1.021350-2-7.945800-3-4.185910-3-1.798210-3-6.795500-4 828 4 71   41
-2.360780-4-7.733430-5-2.428950-5-7.392160-6-2.195860-6-6.397510-7 828 4 71   42
-1.835200-7-5.194860-8-1.453900-8-4.026460-9-1.102740-9-2.91239-10 828 4 71   43
 0.000000+0 2.800000+7          0          0         26          0 828 4 71   44
 2.291370-1 8.056940-2-1.301750-2 6.356280-3 1.704410-2 1.503400-2 828 4 71   45
-1.007820-2-1.863510-2-1.639420-2-9.491980-3-4.427690-3-1.803510-3 828 4 71   46
-6.714140-4-2.348150-4-7.852700-5-2.540170-5-8.009670-6-2.475090-6 828 4 71   47
-7.524250-7-2.256660-7-6.690560-8-1.964270-8-5.699130-9-1.617220-9 828 4 71   48
-4.40000-10-1.14510-10                                             828 4 71   49
 0.000000+0 3.000000+7          0          0         26          0 828 4 71   50
 3.531110-1 1.079160-1-3.332160-3 4.714180-3 1.951450-2 1.924740-2 828 4 71   51
-1.043850-2-2.667750-2-2.616040-2-1.651830-2-8.317140-3-3.629750-3 828 4 71   52
-1.439660-3-5.343610-4-1.891430-4-6.463910-5-2.150510-5-7.005180-6 828 4 71   53
-2.243300-6-7.083860-7-2.210690-7-6.832740-8-2.089210-8-6.260590-9 828 4 71   54
-1.802630-9-4.95410-10                                             828 4 71   55
 0.000000+0 2.000000+8          0          0         26          0 828 4 71   56
 3.531110-1 1.079160-1-3.332160-3 4.714180-3 1.951450-2 1.924740-2 828 4 71   57
-1.043850-2-2.667750-2-2.616040-2-1.651830-2-8.317140-3-3.629750-3 828 4 71   58
-1.439660-3-5.343610-4-1.891430-4-6.463910-5-2.150510-5-7.005180-6 828 4 71   59
-2.243300-6-7.083860-7-2.210690-7-6.832740-8-2.089210-8-6.260590-9 828 4 71   60
-1.802630-9-4.95410-10                                             828 4 71   61
                                                                   828 4  099999
