 8.017000+3 1.685310+1          0          1          0          0 828 4 77    1
 0.000000+0 1.685310+1          0          2          0          0 828 4 77    2
 0.000000+0 0.000000+0          0          0          1         13 828 4 77    3
         13          2                                             828 4 77    4
 0.000000+0 8.837410+6          0          0          2          0 828 4 77    5
 0.000000+0 0.000000+0                                             828 4 77    6
 0.000000+0 1.000000+7          0          0          8          0 828 4 77    7
 3.024040-5-1.384290-2 1.681890-6-5.585970-4-7.090590-8 1.534060-6 828 4 77    8
-2.012750-9 1.782840-8                                             828 4 77    9
 0.000000+0 1.200000+7          0          0         12          0 828 4 77   10
 2.475910-5-1.200260-2 1.256640-5-2.496790-3-1.230030-6 1.042860-5 828 4 77   11
-4.521590-8 7.647110-7-5.953160-9 9.064050-9-1.77065-10 1.28904-10 828 4 77   12
 0.000000+0 1.400000+7          0          0         12          0 828 4 77   13
 7.701510-5 1.258090-3 3.491180-5-6.453230-3-6.618990-6-3.136380-5 828 4 77   14
-2.137200-7 4.996890-6-8.861880-8 1.113860-7-5.080170-9 1.945080-9 828 4 77   15
 0.000000+0 1.600000+7          0          0         14          0 828 4 77   16
 2.514640-4 1.607100-2 6.432160-5-1.017200-2-2.405710-5-2.516330-4 828 4 77   17
-1.248700-7 1.427070-5-6.540920-7 4.301130-7-6.185470-8 6.045180-9 828 4 77   18
-3.265990-9 4.18537-10                                             828 4 77   19
 0.000000+0 1.800000+7          0          0         16          0 828 4 77   20
 7.429480-4 2.770710-2 1.007890-4-1.182320-2-6.850380-5-7.176300-4 828 4 77   21
 3.543070-6 2.621370-5-2.797180-6 7.356030-7-4.168980-7-2.696720-8 828 4 77   22
-3.090550-8-1.809980-9-1.733820-9-1.10579-10                       828 4 77   23
 0.000000+0 2.000000+7          0          0         18          0 828 4 77   24
 2.307500-3 3.802600-2 2.070760-4-1.185530-2-2.083080-4-1.414980-3 828 4 77   25
 2.363550-5 3.330460-5-9.580310-6-1.118930-6-2.258680-6-4.570770-7 828 4 77   26
-2.244590-7-4.018020-8-1.620390-8-2.666270-9-9.91253-10-1.21097-10 828 4 77   27
 0.000000+0 2.200000+7          0          0         20          0 828 4 77   28
 7.297380-3 4.837790-2 4.763470-4-1.109560-2-6.813270-4-2.241210-3 828 4 77   29
 1.044220-4 3.504230-5-2.760590-5-1.449150-5-1.082640-5-3.441920-6 828 4 77   30
-1.397230-6-3.679700-7-1.251050-7-2.954130-8-9.356210-9-1.998370-9 828 4 77   31
-6.24058-10-1.10576-10                                             828 4 77   32
 0.000000+0 2.400000+7          0          0         20          0 828 4 77   33
 2.131320-2 5.853650-2 8.769880-4-1.020450-2-2.106860-3-3.167450-3 828 4 77   34
 3.505600-4 9.287480-5-5.692920-5-6.379370-5-4.351770-5-1.769600-5 828 4 77   35
-7.145370-6-2.285730-6-7.728200-7-2.198260-7-6.861010-8-1.806290-8 828 4 77   36
-5.390430-9-1.318310-9                                             828 4 77   37
 0.000000+0 2.600000+7          0          0         22          0 828 4 77   38
 7.381820-2 6.668180-2 1.193220-3-1.105110-2-7.702710-3-4.630790-3 828 4 77   39
 1.217470-3 6.419560-4-6.121100-5-2.563880-4-1.909910-4-9.318650-5 828 4 77   40
-3.947700-5-1.441600-5-5.061810-6-1.628570-6-5.226940-7-1.565390-7 828 4 77   41
-4.768870-8-1.349200-8-4.015080-9-1.092360-9                       828 4 77   42
 0.000000+0 2.800000+7          0          0         24          0 828 4 77   43
 1.599510-1 7.372270-2-1.008940-3-1.477140-2-1.742160-2-8.129020-3 828 4 77   44
 2.324470-3 2.079720-3 2.641820-4-5.195030-4-4.860480-4-2.740280-4 828 4 77   45
-1.263100-4-5.062210-5-1.894920-5-6.608590-6-2.242250-6-7.254690-7 828 4 77   46
-2.323670-7-7.123050-8-2.212290-8-6.620120-9-1.978890-9-5.31228-10 828 4 77   47
 0.000000+0 3.000000+7          0          0         26          0 828 4 77   48
 2.781560-1 8.189220-2-6.627290-3-2.326000-2-3.134800-2-1.466970-2 828 4 77   49
 3.020350-3 4.640390-3 1.282990-3-6.847990-4-9.229240-4-6.024540-4 828 4 77   50
-3.041640-4-1.324020-4-5.288790-5-1.974700-5-7.085770-6-2.442460-6 828 4 77   51
-8.246880-7-2.702510-7-8.746940-8-2.773990-8-8.861360-9-2.691850-9 828 4 77   52
-8.00445-10-2.21079-10                                             828 4 77   53
 0.000000+0 2.000000+8          0          0         26          0 828 4 77   54
 2.781560-1 8.189220-2-6.627290-3-2.326000-2-3.134800-2-1.466970-2 828 4 77   55
 3.020350-3 4.640390-3 1.282990-3-6.847990-4-9.229240-4-6.024540-4 828 4 77   56
-3.041640-4-1.324020-4-5.288790-5-1.974700-5-7.085770-6-2.442460-6 828 4 77   57
-8.246880-7-2.702510-7-8.746940-8-2.773990-8-8.861360-9-2.691850-9 828 4 77   58
-8.00445-10-2.21079-10                                             828 4 77   59
                                                                   828 4  099999
