 8.017000+3 1.685310+1          0          1          0          0 828 4 72    1
 0.000000+0 1.685310+1          0          2          0          0 828 4 72    2
 0.000000+0 0.000000+0          0          0          1         13 828 4 72    3
         13          2                                             828 4 72    4
 0.000000+0 8.217270+6          0          0          2          0 828 4 72    5
 0.000000+0 0.000000+0                                             828 4 72    6
 0.000000+0 1.000000+7          0          0         10          0 828 4 72    7
 1.661250-3-6.573630-3 3.102570-4 9.027230-4-2.166450-5 2.474580-5 828 4 72    8
-8.214440-7 5.719890-8-3.322990-8 8.53489-10                       828 4 72    9
 0.000000+0 1.200000+7          0          0         12          0 828 4 72   10
 2.194570-3-6.897710-3 1.541820-3 1.451600-3-2.208650-4 1.665490-4 828 4 72   11
-1.021090-5-3.693590-6-1.483210-6-2.545920-7-5.240800-8-6.004310-9 828 4 72   12
 0.000000+0 1.400000+7          0          0         16          0 828 4 72   13
 8.001630-3 2.829610-3 3.301060-3 4.612390-5-9.315700-4 7.012670-4 828 4 72   14
-3.996690-5-3.492570-5-1.597000-5-4.258650-6-1.017400-6-1.964660-7 828 4 72   15
-3.925860-8-6.582530-9-1.214990-9-1.86662-10                       828 4 72   16
 0.000000+0 1.600000+7          0          0         18          0 828 4 72   17
 2.527200-2 1.503360-2 4.735500-3-5.042930-3-2.835180-3 2.009360-3 828 4 72   18
-3.269250-5-1.481780-4-9.050600-5-3.217890-5-9.284110-6-2.283020-6 828 4 72   19
-5.294670-7-1.125850-7-2.356200-8-4.628770-9-9.14069-10-1.70410-10 828 4 72   20
 0.000000+0 1.800000+7          0          0         20          0 828 4 72   21
 6.034700-2 2.266960-2 5.703370-3-1.212470-2-6.257600-3 3.613800-3 828 4 72   22
 2.903500-4-2.716640-4-2.741920-4-1.262550-4-4.386060-5-1.288500-5 828 4 72   23
-3.461050-6-8.609270-7-2.057040-7-4.696350-8-1.051400-8-2.277850-9 828 4 72   24
-4.88028-10-1.01127-10                                             828 4 72   25
 0.000000+0 2.000000+7          0          0         20          0 828 4 72   26
 1.211120-1 2.813450-2 7.861210-3-1.813780-2-1.230340-2 4.376610-3 828 4 72   27
 1.251490-3-1.668250-4-5.696260-4-3.447130-4-1.431820-4-4.899230-5 828 4 72   28
-1.498890-5-4.229830-6-1.133950-6-2.910760-7-7.266110-8-1.763390-8 828 4 72   29
-4.209970-9-9.81533-10                                             828 4 72   30
 0.000000+0 2.200000+7          0          0         22          0 828 4 72   31
 2.008380-1 3.363970-2 9.094070-3-2.194560-2-2.102220-2 2.764030-3 828 4 72   32
 2.829110-3 5.147940-4-8.302450-4-6.974950-4-3.457580-4-1.357710-4 828 4 72   33
-4.664530-5-1.466080-5-4.342760-6-1.229420-6-3.369340-7-8.982420-8 828 4 72   34
-2.347190-8-6.011850-9-1.515050-9-3.75840-10                       828 4 72   35
 0.000000+0 2.400000+7          0          0         24          0 828 4 72   36
 2.754760-1 4.062100-2 6.302340-3-2.432380-2-3.012840-2-1.736700-3 828 4 72   37
 4.334530-3 1.879770-3-7.795530-4-1.063490-3-6.340910-4-2.834030-4 828 4 72   38
-1.082450-4-3.742740-5-1.210800-5-3.730930-6-1.109210-6-3.204400-7 828 4 72   39
-9.054740-8-2.508650-8-6.832310-9-1.836130-9-4.87028-10-1.25690-10 828 4 72   40
 0.000000+0 2.600000+7          0          0         24          0 828 4 72   41
 3.409690-1 5.041780-2-9.419870-5-2.765860-2-3.873330-2-8.163870-3 828 4 72   42
 5.192130-3 3.733050-3-2.780450-4-1.324650-3-9.718030-4-4.932440-4 828 4 72   43
-2.080990-4-7.849440-5-2.749170-5-9.133770-6-2.918600-6-9.047740-7 828 4 72   44
-2.738690-7-8.122600-8-2.366310-8-6.807180-9-1.936450-9-5.38223-10 828 4 72   45
 0.000000+0 2.800000+7          0          0         26          0 828 4 72   46
 3.883850-1 6.237430-2-7.923210-3-3.215330-2-4.538600-2-1.516940-2 828 4 72   47
 4.952070-3 5.664700-3 6.991330-4-1.340910-3-1.275750-3-7.379020-4 828 4 72   48
-3.427570-4-1.402260-4-5.282930-5-1.878960-5-6.406960-6-2.115260-6 828 4 72   49
-6.807980-7-2.144790-7-6.631720-8-2.024590-8-6.120330-9-1.812820-9 828 4 72   50
-5.18119-10-1.42423-10                                             828 4 72   51
 0.000000+0 3.000000+7          0          0         26          0 828 4 72   52
 4.289820-1 7.668580-2-1.518930-2-3.819090-2-5.127940-2-2.224260-2 828 4 72   53
 3.711390-3 7.487540-3 2.080260-3-1.082550-3-1.514630-3-1.009030-3 828 4 72   54
-5.156380-4-2.279360-4-9.192170-5-3.480760-5-1.259300-5-4.401570-6 828 4 72   55
-1.497340-6-4.980410-7-1.624370-7-5.228100-8-1.667350-8-5.221440-9 828 4 72   56
-1.580510-9-4.59816-10                                             828 4 72   57
 0.000000+0 2.000000+8          0          0         26          0 828 4 72   58
 4.289820-1 7.668580-2-1.518930-2-3.819090-2-5.127940-2-2.224260-2 828 4 72   59
 3.711390-3 7.487540-3 2.080260-3-1.082550-3-1.514630-3-1.009030-3 828 4 72   60
-5.156380-4-2.279360-4-9.192170-5-3.480760-5-1.259300-5-4.401570-6 828 4 72   61
-1.497340-6-4.980410-7-1.624370-7-5.228100-8-1.667350-8-5.221440-9 828 4 72   62
-1.580510-9-4.59816-10                                             828 4 72   63
                                                                   828 4  099999
