8017.00000 16.8531000          0          0          0          0 828 3  2    1
 0.0        0.0                 0          0          1        887 828 3  2    2
        887          2                                             828 3  2    3
 828.000000 0.0        828.000000 8.56021769 877.366213 8.51292390 828 3  2    4
 926.732425 8.46648724 976.098638 8.42088547 1025.46485 8.37609712 828 3  2    5
 1074.83106 8.33210139 1124.19727 8.28887821 1173.56348 8.24640812 828 3  2    6
 1222.92969 8.20467233 1321.66212 8.12333141 1420.39454 8.04471668 828 3  2    7
 1519.12696 7.96869797 1617.85938 7.89515307 1716.59181 7.82396715 828 3  2    8
 1815.32423 7.75503220 1914.05665 7.68824656 2012.78907 7.62351445 828 3  2    9
 2111.52149 7.56074557 2210.25391 7.49985471 2308.98633 7.44076141 828 3  2   10
 2407.71875 7.38338965 2506.45118 7.32766751 2605.18360 7.27352697 828 3  2   11
 2703.91602 7.22090360 2802.64844 7.16973632 2901.38087 7.11996724 828 3  2   12
 3000.11329 7.07154144 3098.84571 7.02440675 3197.57813 6.97851363 828 3  2   13
 3395.04298 6.89026598 3592.50782 6.80644851 3789.97266 6.72674391 828 3  2   14
 3987.43750 6.65086388 4184.90235 6.57854590 4382.36719 6.50955053 828 3  2   15
 4579.83204 6.44365887 4777.29688 6.38067051 4974.76173 6.32040160 828 3  2   16
 5172.22657 6.26268320 5369.69141 6.20735985 5567.15625 6.15428823 828 3  2   17
 5764.62110 6.10333604 5962.08594 6.05438096 6159.55079 6.00730976 828 3  2   18
 6357.01563 5.96201746 6554.48048 5.91840658 6751.94532 5.87638656 828 3  2   19
 6949.41016 5.83587310 7146.87500 5.79678765 7344.33985 5.75905696 828 3  2   20
 7541.80469 5.72261262 7739.26954 5.68739068 7936.73438 5.65333127 828 3  2   21
 8134.19923 5.62037835 8331.66407 5.58847935 8529.12891 5.55758492 828 3  2   22
 8726.59375 5.52764871 9121.52344 5.47047917 9516.45313 5.41665178 828 3  2   23
 9911.38282 5.36588308 10306.3125 5.31792039 10701.2422 5.27253778 828 3  2   24
 11096.1719 5.22953262 11491.1016 5.18872274 11886.0313 5.14994388 828 3  2   25
 12280.9610 5.11304759 12675.8907 5.07789938 13070.8204 5.04437713 828 3  2   26
 13465.7500 5.01236973 13860.6797 4.98177583 14255.6094 4.95250287 828 3  2   27
 14650.5391 4.92446609 15045.4688 4.89758778 15440.3985 4.87179653 828 3  2   28
 15835.3282 4.84702663 16230.2579 4.82321753 16625.1875 4.80031331 828 3  2   29
 17020.1172 4.77826226 17415.0469 4.75701654 17809.9766 4.73653176 828 3  2   30
 18204.9063 4.71676671 18599.8360 4.69768309 18994.7657 4.67924524 828 3  2   31
 19389.6954 4.66141994 19784.6250 4.64417617 20179.5547 4.62748497 828 3  2   32
 20574.4844 4.61131925 20969.4141 4.59565366 21364.3438 4.58046443 828 3  2   33
 22154.2032 4.55142726 22944.0625 4.52404515 23733.9219 4.49817421 828 3  2   34
 24523.7813 4.47368665 25313.6407 4.45046865 26103.5000 4.42841845 828 3  2   35
 26893.3594 4.40744485 27683.2188 4.38746584 28473.0782 4.36840752 828 3  2   36
 29262.9375 4.35020308 30052.7969 4.33279201 30842.6563 4.31611935 828 3  2   37
 31632.5157 4.30013510 32422.3750 4.28479365 33212.2344 4.27005332 828 3  2   38
 34002.0938 4.25587594 34791.9532 4.24222651 35581.8125 4.22907286 828 3  2   39
 36371.6719 4.21638536 37161.5313 4.20413671 37951.3907 4.19230169 828 3  2   40
 38741.2500 4.18085698 39531.1094 4.16978095 40320.9688 4.15905357 828 3  2   41
 41110.8282 4.14865622 41900.6875 4.13857158 43480.4063 4.11927700 828 3  2   42
 45060.1250 4.10105336 46639.8438 4.08379892 48219.5625 4.06742444 828 3  2   43
 49799.2813 4.05185132 51379.0000 4.03701005 52958.7188 4.02283894 828 3  2   44
 54538.4375 4.00928308 56118.1563 3.99629338 57697.8750 3.98382587 828 3  2   45
 59277.5938 3.97184101 60857.3125 3.96030319 62437.0313 3.94918021 828 3  2   46
 64016.7500 3.93844290 65596.4688 3.92806479 67176.1875 3.91802177 828 3  2   47
 68755.9063 3.90829185 70335.6250 3.89885494 73495.0625 3.88078802 828 3  2   48
 76654.5000 3.86369105 79813.9375 3.84745379 82973.3750 3.83198213 828 3  2   49
 86132.8125 3.81719519 89292.2500 3.80302306 92451.6875 3.78940491 828 3  2   50
 95611.1250 3.77628757 98770.5625 3.76362427 101930.000 3.75137365 828 3  2   51
 103839.250 3.74415499 105748.500 3.73706610 107657.750 3.73010004 828 3  2   52
 109567.000 3.72325028 111476.250 3.71651066 113385.500 3.70987535 828 3  2   53
 115294.750 3.70333883 117204.000 3.69689585 119113.250 3.69054136 828 3  2   54
 121022.500 3.68427054 122931.750 3.67807869 124841.000 3.67196128 828 3  2   55
 126750.250 3.66591384 128659.500 3.65993194 130568.750 3.65401117 828 3  2   56
 132478.000 3.64814707 133814.475 3.64407347 135150.950 3.64002378 828 3  2   57
 136487.425 3.63599633 137823.900 3.63198937 139160.375 3.62800104 828 3  2   58
 140496.850 3.62402939 141833.325 3.62007232 143169.800 3.61612753 828 3  2   59
 144697.200 3.61163100 146224.600 3.60714303 147400.698 3.60369013 828 3  2   60
 148576.796 3.60023700 149384.409 3.59786418 150192.022 3.59548890 828 3  2   61
 150999.635 3.59311005 151807.247 3.59072639 152527.035 3.58859677 828 3  2   62
 153246.822 3.58646115 153966.609 3.58431833 154686.396 3.58216698 828 3  2   63
 155625.747 3.57934406 156565.098 3.57650028 157504.449 3.57363120 828 3  2   64
 158443.800 3.57073159 158993.664 3.56901764 159543.528 3.56728968 828 3  2   65
 160053.298 3.56567379 160563.068 3.56404304 161072.838 3.56239582 828 3  2   66
 161582.607 3.56073036 162304.304 3.55833732 162665.152 3.55712353 828 3  2   67
 163026.000 3.55589700 163407.850 3.55458406 163789.700 3.55325434 828 3  2   68
 164171.550 3.55190635 164553.400 3.55053844 164935.250 3.54914876 828 3  2   69
 165317.100 3.54773526 165698.950 3.54629561 166080.800 3.54482724 828 3  2   70
 166497.017 3.54319055 166913.233 3.54151192 167329.450 3.53978638 828 3  2   71
 167745.666 3.53800819 167978.595 3.53698762 168211.523 3.53594717 828 3  2   72
 168444.452 3.53488538 168677.380 3.53380067 168982.860 3.53234042 828 3  2   73
 169288.340 3.53083333 169601.457 3.52923470 169914.574 3.52757539 828 3  2   74
 170212.417 3.52593421 170510.260 3.52422455 170663.000 3.52331861 828 3  2   75
 170815.740 3.52239127 170968.480 3.52144119 171121.220 3.52046691 828 3  2   76
 171273.960 3.51946683 171426.700 3.51843923 171579.440 3.51738223 828 3  2   77
 171732.180 3.51629376 171884.920 3.51517158 172037.660 3.51401320 828 3  2   78
 172190.400 3.51281592 172343.140 3.51157673 172495.880 3.51029233 828 3  2   79
 172648.620 3.50895904 172801.360 3.50757280 172954.100 3.50612907 828 3  2   80
 173106.840 3.50462278 173259.580 3.50304827 173412.320 3.50139914 828 3  2   81
 173565.060 3.49966820 173679.615 3.49831144 173794.170 3.49690026 828 3  2   82
 173908.725 3.49543040 174023.280 3.49389719 174137.835 3.49229540 828 3  2   83
 174252.390 3.49061925 174366.945 3.48886228 174481.500 3.48701724 828 3  2   84
 174557.870 3.48573433 174634.240 3.48440604 174710.610 3.48302949 828 3  2   85
 174786.980 3.48160156 174863.350 3.48011885 174939.720 3.47857765 828 3  2   86
 175016.090 3.47697391 175092.460 3.47530320 175168.830 3.47356066 828 3  2   87
 175245.200 3.47174094 175321.570 3.46983817 175397.940 3.46784584 828 3  2   88
 175474.310 3.46575676 175550.680 3.46356295 175627.050 3.46125553 828 3  2   89
 175703.420 3.45882457 175779.790 3.45625897 175856.160 3.45354624 828 3  2   90
 175932.530 3.45067233 176008.900 3.44762130 176085.270 3.44437508 828 3  2   91
 176161.640 3.44091302 176238.010 3.43721149 176276.195 3.43526258 828 3  2   92
 176314.380 3.43324326 176352.565 3.43114948 176390.750 3.42897681 828 3  2   93
 176428.935 3.42672053 176467.120 3.42437548 176505.305 3.42193608 828 3  2   94
 176543.490 3.41939630 176581.675 3.41674956 176619.860 3.41398869 828 3  2   95
 176658.045 3.41110589 176696.230 3.40809260 176734.415 3.40493947 828 3  2   96
 176772.600 3.40163621 176810.785 3.39817153 176848.970 3.39453294 828 3  2   97
 176887.155 3.39070666 176925.340 3.38667741 176963.525 3.38242821 828 3  2   98
 177001.710 3.37794010 177039.895 3.37319194 177078.080 3.36815998 828 3  2   99
 177116.265 3.36281751 177154.450 3.35713437 177192.635 3.35107636 828 3  2  100
 177230.820 3.34460456 177269.005 3.33767449 177288.098 3.33402183 828 3  2  101
 177307.190 3.33023507 177326.283 3.32630619 177345.375 3.32222738 828 3  2  102
 177364.468 3.31798936 177383.560 3.31358304 177402.653 3.30899759 828 3  2  103
 177421.745 3.30422232 177440.838 3.29924456 177459.930 3.29405164 828 3  2  104
 177479.023 3.28862865 177498.115 3.28296047 177517.208 3.27702940 828 3  2  105
 177536.300 3.27081731 177555.393 3.26430299 177574.485 3.25746451 828 3  2  106
 177593.578 3.25027626 177612.670 3.24271150 177631.763 3.23473898 828 3  2  107
 177650.855 3.22632577 177669.948 3.21743338 177689.040 3.20802079 828 3  2  108
 177708.133 3.19804009 177727.225 3.18743960 177746.318 3.17615886 828 3  2  109
 177765.410 3.16413198 177784.503 3.15128161 177794.049 3.14452160 828 3  2  110
 177803.595 3.13752249 177815.051 3.12878929 177826.506 3.11967030 828 3  2  111
 177841.780 3.10686468 177857.054 3.09325756 177872.328 3.07877253 828 3  2  112
 177887.602 3.06332346 177895.239 3.05520743 177902.876 3.04681287 828 3  2  113
 177910.513 3.03812551 177918.150 3.02913016 177925.787 3.01981057 828 3  2  114
 177933.424 3.01014941 177941.061 3.00012811 177948.698 2.98972680 828 3  2  115
 177956.335 2.97892421 177963.972 2.96769753 177971.609 2.95602229 828 3  2  116
 177979.246 2.94387221 177986.883 2.93121908 177994.520 2.91803258 828 3  2  117
 178002.157 2.90428008 178009.794 2.88992651 178017.431 2.87493414 828 3  2  118
 178025.068 2.85926237 178032.705 2.84286752 178040.342 2.82570267 828 3  2  119
 178047.979 2.80771742 178055.616 2.78885772 178063.253 2.76906577 828 3  2  120
 178070.890 2.74827993 178078.527 2.72643476 178086.164 2.70346126 828 3  2  121
 178093.801 2.67928727 178097.620 2.66672521 178101.438 2.65383832 828 3  2  122
 178107.166 2.63386863 178112.894 2.61310772 178116.713 2.59881118 828 3  2  123
 178120.531 2.58414466 178123.968 2.57061551 178127.404 2.55677585 828 3  2  124
 178130.459 2.54420297 178136.568 2.51829467 178142.678 2.49134988 828 3  2  125
 178147.260 2.47046652 178150.315 2.45622436 178153.370 2.44173257 828 3  2  126
 178156.424 2.42700268 178159.479 2.41203419 178162.534 2.39684395 828 3  2  127
 178165.589 2.38144750 178168.644 2.36586446 178171.698 2.35012452 828 3  2  128
 178174.753 2.33424762 178177.808 2.31827595 178180.863 2.30225464 828 3  2  129
 178183.918 2.28623841 178186.972 2.27029850 178190.027 2.25450394 828 3  2  130
 178193.082 2.23895547 178196.137 2.22376756 178199.192 2.20907731 828 3  2  131
 178202.246 2.19505322 178205.301 2.18188216 178208.356 2.16980324 828 3  2  132
 178211.411 2.15909663 178214.466 2.15009710 178217.520 2.14320664 828 3  2  133
 178220.575 2.13889880 178222.103 2.13788864 178222.867 2.13770423 828 3  2  134
 178223.630 2.13774774 178226.685 2.14043642 178229.740 2.14778068 828 3  2  135
 178232.794 2.16074908 178235.849 2.18051080 178238.904 2.20844396 828 3  2  136
 178241.959 2.24618760 178245.014 2.29567844 178248.068 2.35916844 828 3  2  137
 178251.123 2.43935009 178252.651 2.48664858 178254.178 2.53926130 828 3  2  138
 178255.706 2.59770402 178257.233 2.66237127 178258.761 2.73384175 828 3  2  139
 178260.288 2.81253498 178261.815 2.89902330 178263.342 2.99384361 828 3  2  140
 178264.870 3.09760495 178266.397 3.21070103 178267.925 3.33378864 828 3  2  141
 178269.452 3.46717831 178270.980 3.61146221 178272.507 3.76679309 828 3  2  142
 178274.035 3.93361698 178275.562 4.11183251 178277.089 4.30150882 828 3  2  143
 178278.616 4.50242775 178280.908 4.82410358 178282.435 5.05074309 828 3  2  144
 178283.962 5.28604905 178285.490 5.52885110 178287.017 5.77722404 828 3  2  145
 178288.545 6.02962176 178290.072 6.28360885 178291.599 6.53705215 828 3  2  146
 178293.127 6.78767932 178294.654 7.03265638 178296.182 7.26980278 828 3  2  147
 178297.709 7.49639650 178299.236 7.71035256 178299.389 7.73101392 828 3  2  148
 178299.542 7.75152619 178299.695 7.77188755 178299.847 7.79196460 828 3  2  149
 178300.000 7.81201977 178300.305 7.85153129 178300.611 7.89053519 828 3  2  150
 178302.291 8.09275827 178303.819 8.25813315 178305.346 8.40472883 828 3  2  151
 178306.874 8.53215178 178308.401 8.64003016 178309.929 8.72865612 828 3  2  152
 178311.456 8.79838322 178314.510 8.88452344 178317.565 8.90679408 828 3  2  153
 178319.475 8.89275209 178321.384 8.86037053 178324.439 8.77684415 828 3  2  154
 178327.493 8.66298733 178330.548 8.52747324 178333.603 8.37764720 828 3  2  155
 178336.658 8.21938573 178339.712 8.05730936 178342.767 7.89475354 828 3  2  156
 178345.822 7.73428710 178348.877 7.57768692 178351.932 7.42615466 828 3  2  157
 178354.987 7.28045371 178358.041 7.14106443 178361.096 7.00809091 828 3  2  158
 178364.151 6.88160232 178367.206 6.76149963 178370.260 6.64763728 828 3  2  159
 178373.315 6.53970484 178376.370 6.43747177 178379.425 6.34065170 828 3  2  160
 178382.480 6.24895168 178385.535 6.16207996 178388.589 6.07977753 828 3  2  161
 178391.644 6.00171531 178394.699 5.92765798 178397.754 5.85735604 828 3  2  162
 178400.808 5.79059543 178403.863 5.72711134 178406.918 5.66671906 828 3  2  163
 178409.973 5.60922505 178413.028 5.55444875 178416.083 5.50222198 828 3  2  164
 178419.137 5.45240409 178422.192 5.40481685 178425.247 5.35934148 828 3  2  165
 178428.302 5.31585199 178431.356 5.27424454 178434.411 5.23438290 828 3  2  166
 178437.466 5.19617959 178440.521 5.15954017 178443.576 5.12437671 828 3  2  167
 178446.631 5.09060728 178449.685 5.05816587 178453.504 5.01934287 828 3  2  168
 178457.322 4.98234840 178463.432 4.92663654 178469.541 4.87485322 828 3  2  169
 178474.506 4.83538859 178479.470 4.79808428 178484.243 4.76409146 828 3  2  170
 178489.016 4.73180348 178493.789 4.70109973 178498.562 4.67187033 828 3  2  171
 178506.199 4.62792174 178513.836 4.58712739 178521.473 4.54916865 828 3  2  172
 178529.110 4.51376728 178536.747 4.48067943 178544.384 4.44969060 828 3  2  173
 178552.021 4.42061143 178559.658 4.39327423 178567.295 4.36753001 828 3  2  174
 178574.932 4.34324599 178582.569 4.32030350 178590.206 4.29859617 828 3  2  175
 178597.843 4.27802842 178605.480 4.25851414 178613.117 4.23997554 828 3  2  176
 178620.754 4.22234223 178628.391 4.20555032 178636.028 4.18954172 828 3  2  177
 178643.665 4.17426352 178651.302 4.15966741 178658.939 4.14570918 828 3  2  178
 178666.576 4.13234834 178674.213 4.11954772 178681.850 4.10727314 828 3  2  179
 178689.487 4.09549310 178697.124 4.08417856 178704.761 4.07330270 828 3  2  180
 178712.398 4.06284067 178727.672 4.04306777 178742.946 4.02469487 828 3  2  181
 178756.311 4.00965408 178769.676 3.99549182 178783.041 3.98213371 828 3  2  182
 178796.405 3.96951435 178810.725 3.95674386 178825.044 3.94468824 828 3  2  183
 178839.364 3.93328774 178853.683 3.92249198 178868.003 3.91225281 828 3  2  184
 178882.322 3.90252968 178896.641 3.89328396 178910.960 3.88448138 828 3  2  185
 178930.053 3.87338006 178949.145 3.86294620 178968.238 3.85312035 828 3  2  186
 178987.330 3.84385180 179006.423 3.83509351 179025.515 3.82680526 828 3  2  187
 179044.608 3.81894932 179063.700 3.81149343 179082.793 3.80440699 828 3  2  188
 179101.885 3.79766379 179120.978 3.79123876 179140.070 3.78511042 828 3  2  189
 179159.163 3.77925801 179178.255 3.77366379 179197.348 3.76831040 828 3  2  190
 179216.440 3.76318305 179235.533 3.75826714 179254.625 3.75355025 828 3  2  191
 179273.718 3.74901999 179292.810 3.74466585 179311.903 3.74047725 828 3  2  192
 179330.995 3.73644527 179369.180 3.72881620 179407.365 3.72171646 828 3  2  193
 179445.550 3.71509227 179483.735 3.70889688 179521.920 3.70308948 828 3  2  194
 179560.105 3.69763426 179598.290 3.69249969 179636.475 3.68765789 828 3  2  195
 179674.660 3.68308411 179712.845 3.67875633 179751.030 3.67465485 828 3  2  196
 179789.215 3.67076204 179827.400 3.66706204 179865.585 3.66354056 828 3  2  197
 179903.770 3.66018469 179941.955 3.65698273 179980.140 3.65392406 828 3  2  198
 180018.325 3.65099900 180056.510 3.64819876 180094.695 3.64551526 828 3  2  199
 180132.880 3.64294112 180171.065 3.64046958 180209.250 3.63809441 828 3  2  200
 180247.435 3.63580989 180285.620 3.63361072 180323.805 3.63149203 828 3  2  201
 180361.990 3.62944930 180438.360 3.62557526 180514.730 3.62195861 828 3  2  202
 180591.100 3.61857335 180667.470 3.61539690 180743.840 3.61240951 828 3  2  203
 180801.118 3.61028250 180858.395 3.60824555 180915.673 3.60629260 828 3  2  204
 180972.950 3.60441830 181030.228 3.60261758 181087.505 3.60088594 828 3  2  205
 181144.783 3.59921911 181202.060 3.59761328 181278.430 3.59556088 828 3  2  206
 181354.800 3.59360286 181431.170 3.59173228 181507.540 3.58994283 828 3  2  207
 181583.910 3.58822882 181660.280 3.58658509 181736.650 3.58500691 828 3  2  208
 181813.020 3.58348999 181908.483 3.58167400 182003.945 3.57994067 828 3  2  209
 182099.408 3.57828367 182194.870 3.57669742 182290.333 3.57517677 828 3  2  210
 182385.795 3.57371714 182481.258 3.57231430 182576.720 3.57096445 828 3  2  211
 182725.659 3.56895610 182874.598 3.56705650 183023.537 3.56525533 828 3  2  212
 183172.475 3.56354355 183303.968 3.56210016 183435.460 3.56071533 828 3  2  213
 183566.953 3.55938465 183698.445 3.55810417 183829.938 3.55687028 828 3  2  214
 183961.430 3.55567976 184092.922 3.55452963 184224.414 3.55341720 828 3  2  215
 184355.907 3.55234001 184487.399 3.55129583 184618.892 3.55028258 828 3  2  216
 184750.384 3.54929839 184881.877 3.54834150 185013.369 3.54741032 828 3  2  217
 185276.353 3.54561927 185539.338 3.54391468 185802.323 3.54228749 828 3  2  218
 186065.308 3.54072985 186328.292 3.53923498 186591.277 3.53779691 828 3  2  219
 186854.261 3.53641045 187117.246 3.53507100 187380.230 3.53377452 828 3  2  220
 187643.215 3.53251740 187906.200 3.53129645 188169.185 3.53010881 828 3  2  221
 188432.169 3.52895192 188695.154 3.52782347 188958.138 3.52672139 828 3  2  222
 189221.123 3.52564381 189484.107 3.52458902 189747.092 3.52355548 828 3  2  223
 190010.077 3.52254180 190536.046 3.52056898 191062.015 3.51866157 828 3  2  224
 191587.984 3.51681202 191925.105 3.51565396 192262.226 3.51451554 828 3  2  225
 192936.467 3.51229237 193610.708 3.51013322 194284.949 3.50803033 828 3  2  226
 194959.191 3.50597722 195633.432 3.50396842 196307.673 3.50199925 828 3  2  227
 196981.914 3.50006574 197656.156 3.49816443 198330.397 3.49629237 828 3  2  228
 199004.638 3.49444696 199678.879 3.49262595 200353.121 3.49082733 828 3  2  229
 201027.362 3.48904937 201701.603 3.48729051 202375.844 3.48554937 828 3  2  230
 203454.630 3.48279742 204533.416 3.48008339 205612.202 3.47740364 828 3  2  231
 206690.988 3.47475506 207769.774 3.47213503 208848.560 3.46954132 828 3  2  232
 209927.346 3.46697201 211006.132 3.46442549 211815.222 3.46252971 828 3  2  233
 212624.311 3.46064547 213433.401 3.45877232 214242.490 3.45690991 828 3  2  234
 215051.580 3.45505789 215860.669 3.45321601 216669.759 3.45138407 828 3  2  235
 217478.848 3.44956190 218557.634 3.44714738 219636.420 3.44475001 828 3  2  236
 220715.206 3.44236990 221793.992 3.44000743 222333.385 3.43883298 828 3  2  237
 222872.778 3.43766320 223412.171 3.43649821 223951.564 3.43533817 828 3  2  238
 224490.957 3.43418324 225030.350 3.43303363 225569.743 3.43188959 828 3  2  239
 226109.136 3.43075139 226648.529 3.42961934 227187.922 3.42849381 828 3  2  240
 227727.315 3.42737522 228266.708 3.42626405 228806.101 3.42516085 828 3  2  241
 229345.494 3.42406624 229884.887 3.42298096 230424.280 3.42190584 828 3  2  242
 230963.673 3.42084183 231503.066 3.41979004 232042.459 3.41875175 828 3  2  243
 232581.852 3.41772844 233121.245 3.41672183 233660.638 3.41573394 828 3  2  244
 234200.031 3.41476711 234739.424 3.41382410 235278.817 3.41290817 828 3  2  245
 235818.210 3.41202316 236357.603 3.41117365 236896.996 3.41036512 828 3  2  246
 237166.693 3.40997824 237436.389 3.40960416 237706.086 3.40924394 828 3  2  247
 237975.782 3.40889873 238245.479 3.40856978 238515.175 3.40825850 828 3  2  248
 238784.872 3.40796645 239054.568 3.40769535 239324.265 3.40744713 828 3  2  249
 239593.961 3.40722394 239863.658 3.40702816 240133.354 3.40686250 828 3  2  250
 240403.051 3.40672995 240672.747 3.40663393 240942.444 3.40657826 828 3  2  251
 241212.140 3.40656728 241481.837 3.40660591 241751.533 3.40669976 828 3  2  252
 242021.230 3.40685524 242290.926 3.40707965 242560.623 3.40738145 828 3  2  253
 242830.319 3.40777036 243100.016 3.40825763 243369.712 3.40885638 828 3  2  254
 243571.985 3.40938772 243774.257 3.40999774 243976.530 3.41069483 828 3  2  255
 244178.802 3.41148849 244381.075 3.41238953 244583.347 3.41341030 828 3  2  256
 244785.619 3.41456491 244987.891 3.41586959 245176.679 3.41723915 828 3  2  257
 245365.466 3.41877321 245554.254 3.42049193 245743.041 3.42241855 828 3  2  258
 245958.799 3.42490979 246174.556 3.42775540 246282.435 3.42932844 828 3  2  259
 246390.313 3.43101220 246498.192 3.43281565 246606.070 3.43474859 828 3  2  260
 246713.949 3.43682192 246821.828 3.43904761 246929.707 3.44143894 828 3  2  261
 247037.585 3.44401061 247145.464 3.44677905 247253.342 3.44976247 828 3  2  262
 247361.221 3.45298130 247469.099 3.45645829 247576.978 3.46021910 828 3  2  263
 247684.857 3.46429249 247792.736 3.46871096 247900.614 3.47351118 828 3  2  264
 248008.493 3.47873492 248116.371 3.48442950 248224.250 3.49064915 828 3  2  265
 248332.128 3.49745576 248440.007 3.50492070 248547.885 3.51312604 828 3  2  266
 248655.764 3.52216714 248763.642 3.53215455 248871.521 3.54321777 828 3  2  267
 248979.399 3.55550831 249087.278 3.56920528 249195.156 3.58452040 828 3  2  268
 249262.581 3.59502459 249330.005 3.60632960 249397.429 3.61851545 828 3  2  269
 249464.853 3.63167197 249534.974 3.64649347 249605.095 3.66260369 828 3  2  270
 249691.398 3.68442018 249777.701 3.70873212 249831.640 3.72535924 828 3  2  271
 249885.579 3.74321323 249928.731 3.75845912 249971.882 3.77463232 828 3  2  272
 250015.034 3.79180704 250058.185 3.81006307 250101.337 3.82948981 828 3  2  273
 250144.488 3.85018383 250187.640 3.87225351 250230.791 3.89581635 828 3  2  274
 250273.943 3.92100445 250317.094 3.94796166 250360.246 3.97684997 828 3  2  275
 250403.397 4.00784645 250446.549 4.04115091 250489.700 4.07698261 828 3  2  276
 250532.851 4.11558845 250576.002 4.15724318 250619.154 4.20225497 828 3  2  277
 250662.305 4.25096533 250705.457 4.30376137 250748.608 4.36107200 828 3  2  278
 250791.760 4.42338374 250834.911 4.49123651 250878.063 4.56524244 828 3  2  279
 250921.214 4.64608092 250964.366 4.73452037 251007.517 4.83141138 828 3  2  280
 251050.669 4.93771086 251093.820 5.05447051 251136.972 5.18286072 828 3  2  281
 251180.123 5.32414873 251223.275 5.47971567 251266.426 5.65101265 828 3  2  282
 251309.577 5.83955194 251352.728 6.04683671 251395.880 6.27428174 828 3  2  283
 251439.031 6.52306016 251482.183 6.79395350 251525.334 7.08704831 828 3  2  284
 251568.486 7.40145138 251611.637 7.73482479 251697.940 8.43936171 828 3  2  285
 251751.879 8.88209124 251795.031 9.21905792 251838.182 9.52469884 828 3  2  286
 251859.758 9.66076351 251881.334 9.78297701 251902.910 9.88943722 828 3  2  287
 251924.485 9.97840558 251946.061 10.0483908 251967.636 10.0981848 828 3  2  288
 251991.370 10.1286379 251995.685 10.1313846 252000.000 10.1332675 828 3  2  289
 252004.315 10.1342859 252008.630 10.1344396 252032.364 10.1198851 828 3  2  290
 252053.940 10.0843748 252075.515 10.0284117 252097.091 9.95309423 828 3  2  291
 252118.666 9.85983874 252140.242 9.75029108 252161.818 9.62628803 828 3  2  292
 252204.969 9.34274085 252248.121 9.02492701 252302.060 8.60184009 828 3  2  293
 252388.363 7.91923823 252431.515 7.59293431 252474.666 7.28342349 828 3  2  294
 252517.818 6.99333261 252560.969 6.72388670 252604.121 6.47525362 828 3  2  295
 252647.272 6.24692265 252690.423 6.03791834 252733.574 5.84701299 828 3  2  296
 252776.726 5.67285117 252819.877 5.51405702 252863.029 5.36926672 828 3  2  297
 252906.180 5.23719482 252949.332 5.11662800 252992.483 5.00645940 828 3  2  298
 253010.000 4.96446773 253010.000 0.0                              828 3  2  299
                                                                   828 3  099999
