 8.017000+3 1.685310+1          0          1          0          0 828 4 60    1
 0.000000+0 1.685310+1          0          2          0          0 828 4 60    2
 0.000000+0 0.000000+0          0          0          1         15 828 4 60    3
         15          2                                             828 4 60    4
 0.000000+0 6.217350+6          0          0          2          0 828 4 60    5
 0.000000+0 0.000000+0                                             828 4 60    6
 0.000000+0 7.000000+6          0          0          8          0 828 4 60    7
-1.169080-6 1.373120-3-7.078170-6-2.966690-4-3.500260-7-3.254060-6 828 4 60    8
-1.882420-9-4.060140-9                                             828 4 60    9
 0.000000+0 8.000000+6          0          0         10          0 828 4 60   10
-1.280730-5 5.033560-3-1.686010-5-6.156210-4-2.080590-6-3.093060-5 828 4 60   11
-3.193450-8-1.011700-7-5.38564-10-4.90209-10                       828 4 60   12
 0.000000+0 1.000000+7          0          0         12          0 828 4 60   13
-8.600120-5 1.250160-2-4.030960-5-6.647300-4-1.274750-5-2.450700-4 828 4 60   14
-8.041660-7-2.154790-6-3.516070-8-2.370850-8-7.39880-10-4.81569-10 828 4 60   15
 0.000000+0 1.200000+7          0          0         14          0 828 4 60   16
-1.850450-4 2.610150-2-7.464380-5-3.759840-4-3.534320-5-6.792150-4 828 4 60   17
-7.154610-6-1.329170-5-5.026890-7-2.713280-7-1.796030-8-6.982200-9 828 4 60   18
-4.92781-10-2.57036-10                                             828 4 60   19
 0.000000+0 1.400000+7          0          0         16          0 828 4 60   20
-2.895340-4 3.968140-2-1.585530-4 1.861850-4-5.268320-5-1.045720-3 828 4 60   21
-3.464150-5-4.840130-5-3.545020-6-1.709570-6-1.911850-7-6.136400-8 828 4 60   22
-7.674980-9-2.606190-9-2.65314-10-1.01495-10                       828 4 60   23
 0.000000+0 1.600000+7          0          0         16          0 828 4 60   24
-3.296610-4 4.919770-2-4.221760-4 9.589950-4-9.465540-6-1.136800-3 828 4 60   25
-1.366400-4-1.475610-4-2.047570-5-8.923960-6-1.572850-6-4.715280-7 828 4 60   26
-8.572550-8-2.396920-8-3.952530-9-1.088620-9                       828 4 60   27
 0.000000+0 1.800000+7          0          0         18          0 828 4 60   28
 3.378730-4 5.680330-2-9.435530-4 2.041380-3 2.591090-4-9.823680-4 828 4 60   29
-3.864230-4-3.834480-4-8.746450-5-3.832060-5-9.126720-6-2.826900-6 828 4 60   30
-6.407670-7-1.772470-7-3.736110-8-9.844850-9-1.964330-9-5.50306-10 828 4 60   31
 0.000000+0 2.000000+7          0          0         20          0 828 4 60   32
 3.494370-3 6.375320-2-2.010780-3 3.587160-3 1.051920-3-4.875280-4 828 4 60   33
-9.651130-4-9.406250-4-3.384050-4-1.532950-4-4.593250-5-1.497860-5 828 4 60   34
-3.994480-6-1.146760-6-2.835390-7-7.671070-8-1.801160-8-4.817440-9 828 4 60   35
-1.066160-9-2.99381-10                                             828 4 60   36
 0.000000+0 2.200000+7          0          0         22          0 828 4 60   37
 1.505760-2 6.878120-2-4.219710-3 5.387260-3 3.026750-3 8.156120-4 828 4 60   38
-2.240290-3-2.355230-3-1.232870-3-5.902510-4-2.101700-4-7.277820-5 828 4 60   39
-2.200310-5-6.664780-6-1.849620-6-5.245780-7-1.381420-7-3.791880-8 828 4 60   40
-9.590000-9-2.617710-9-6.31527-10-1.77546-10                       828 4 60   41
 0.000000+0 2.400000+7          0          0         22          0 828 4 60   42
 4.852390-2 7.174530-2-7.782130-3 6.794910-3 6.850100-3 3.760030-3 828 4 60   43
-4.450010-3-5.690010-3-3.861360-3-1.995050-3-8.057370-4-2.987340-4 828 4 60   44
-9.946260-5-3.203450-5-9.700310-6-2.910180-6-8.344040-7-2.405350-7 828 4 60   45
-6.647810-8-1.876040-8-5.027540-9-1.412740-9                       828 4 60   46
 0.000000+0 2.600000+7          0          0         24          0 828 4 60   47
 1.511710-1 7.298190-2-1.367600-2 6.798550-3 1.515410-2 1.120710-2 828 4 60   48
-8.870050-3-1.478250-2-1.213190-2-6.795680-3-3.041630-3-1.207540-3 828 4 60   49
-4.358230-4-1.491090-4-4.853990-5-1.539580-5-4.732500-6-1.436500-6 828 4 60   50
-4.257800-7-1.257320-7-3.628940-8-1.053250-8-2.966710-9-8.29939-10 828 4 60   51
 0.000000+0 2.800000+7          0          0         26          0 828 4 60   52
 2.747550-1 8.959950-2-1.076850-2 5.216300-3 1.983080-2 1.762240-2 828 4 60   53
-1.045770-2-2.397210-2-2.240400-2-1.367210-2-6.653210-3-2.829540-3 828 4 60   54
-1.092780-3-3.968280-4-1.372450-4-4.598970-5-1.497290-5-4.788900-6 828 4 60   55
-1.501620-6-4.661610-7-1.424190-7-4.334930-8-1.298370-8-3.801700-9 828 4 60   56
-1.031900-9-2.77633-10                                             828 4 60   57
 0.000000+0 3.000000+7          0          0         26          0 828 4 60   58
 3.935300-1 1.206880-1 1.641290-3 4.799220-3 2.105570-2 2.137140-2 828 4 60   59
-9.886640-3-3.129330-2-3.254880-2-2.155520-2-1.131190-2-5.133140-3 828 4 60   60
-2.107520-3-8.089650-4-2.953880-4-1.041400-4-3.568130-5-1.197780-5 828 4 60   61
-3.946600-6-1.283820-6-4.119710-7-1.312070-7-4.124020-8-1.275890-8 828 4 60   62
-3.776880-9-1.075700-9                                             828 4 60   63
 0.000000+0 2.000000+8          0          0         26          0 828 4 60   64
 3.935300-1 1.206880-1 1.641290-3 4.799220-3 2.105570-2 2.137140-2 828 4 60   65
-9.886640-3-3.129330-2-3.254880-2-2.155520-2-1.131190-2-5.133140-3 828 4 60   66
-2.107520-3-8.089650-4-2.953880-4-1.041400-4-3.568130-5-1.197780-5 828 4 60   67
-3.946600-6-1.283820-6-4.119710-7-1.312070-7-4.124020-8-1.275890-8 828 4 60   68
-3.776880-9-1.075700-9                                             828 4 60   69
                                                                   828 4  099999
