 8.017000+3 1.685310+1          0          1          0          0 828 4 64    1
 0.000000+0 1.685310+1          0          2          0          0 828 4 64    2
 0.000000+0 0.000000+0          0          0          1         14 828 4 64    3
         14          2                                             828 4 64    4
 0.000000+0 7.385690+6          0          0          2          0 828 4 64    5
 0.000000+0 0.000000+0                                             828 4 64    6
 0.000000+0 8.000000+6          0          0          8          0 828 4 64    7
 2.065700-3 1.339750-2 4.764820-5 5.443780-4-1.392260-6 1.636900-6 828 4 64    8
-2.127400-8 3.824160-9                                             828 4 64    9
 0.000000+0 1.000000+7          0          0         12          0 828 4 64   10
 1.294180-4 2.865770-2 3.787260-4 2.211760-3-4.992210-5 2.946840-5 828 4 64   11
-2.501880-6-6.262490-7-1.464650-7-1.574400-8-2.947300-9-1.37630-10 828 4 64   12
 0.000000+0 1.200000+7          0          0         14          0 828 4 64   13
 1.257590-3 3.840040-2 1.258980-3 3.381230-3-3.215350-4 2.008200-4 828 4 64   14
-2.018660-5-1.044110-5-3.236660-6-6.979180-7-1.377870-7-2.203970-8 828 4 64   15
-3.791880-9-5.27263-10                                             828 4 64   16
 0.000000+0 1.400000+7          0          0         16          0 828 4 64   17
 6.815980-3 4.964540-2 1.977880-3 3.360460-3-1.139210-3 7.740320-4 828 4 64   18
-6.588710-5-6.189040-5-2.621240-5-7.713690-6-1.893280-6-4.057500-7 828 4 64   19
-8.258850-8-1.550060-8-2.880200-9-5.04229-10                       828 4 64   20
 0.000000+0 1.600000+7          0          0         18          0 828 4 64   21
 2.497700-2 5.694990-2 2.270650-3-2.663370-4-3.370080-3 2.076160-3 828 4 64   22
-6.285510-5-2.100020-4-1.275390-4-4.840040-5-1.449610-5-3.783120-6 828 4 64   23
-9.092100-7-2.045050-7-4.424860-8-9.202790-9-1.873980-9-3.70193-10 828 4 64   24
 0.000000+0 1.800000+7          0          0         20          0 828 4 64   25
 6.384570-2 5.527110-2 2.958190-3-6.994030-3-7.697970-3 3.481140-3 828 4 64   26
 3.044770-4-3.492920-4-3.581590-4-1.740730-4-6.276810-5-1.928080-5 828 4 64   27
-5.355140-6-1.385850-6-3.417130-7-8.106090-8-1.870120-8-4.210490-9 828 4 64   28
-9.28530-10-2.00329-10                                             828 4 64   29
 0.000000+0 2.000000+7          0          0         20          0 828 4 64   30
 1.297830-1 4.752900-2 4.488440-3-1.478500-2-1.530740-2 3.646060-3 828 4 64   31
 1.334770-3-1.980460-4-7.044330-4-4.473580-4-1.925450-4-6.830620-5 828 4 64   32
-2.152100-5-6.264860-6-1.725970-6-4.562800-7-1.169300-7-2.921130-8 828 4 64   33
-7.154190-9-1.717730-9                                             828 4 64   34
 0.000000+0 2.200000+7          0          0         22          0 828 4 64   35
 2.117690-1 4.076150-2 4.145490-3-2.156190-2-2.544230-2 1.022850-3 828 4 64   36
 2.873030-3 5.992720-4-9.675080-4-8.515660-4-4.366740-4-1.767810-4 828 4 64   37
-6.232890-5-2.010180-5-6.096940-6-1.768160-6-4.956820-7-1.352750-7 828 4 64   38
-3.613990-8-9.474420-9-2.440800-9-6.20340-10                       828 4 64   39
 0.000000+0 2.400000+7          0          0         24          0 828 4 64   40
 2.854810-1 4.133050-2-1.675890-4-2.644350-2-3.513840-2-4.375760-3 828 4 64   41
 4.149760-3 2.063660-3-8.555050-4-1.233110-3-7.596960-4-3.488130-4 828 4 64   42
-1.363670-4-4.821440-5-1.592520-5-5.009250-6-1.518940-6-4.476100-7 828 4 64   43
-1.289290-7-3.642420-8-1.010950-8-2.770830-9-7.49207-10-1.97390-10 828 4 64   44
 0.000000+0 2.600000+7          0          0         24          0 828 4 64   45
 3.486850-1 4.830600-2-7.314070-3-3.156410-2-4.367910-2-1.136800-2 828 4 64   46
 4.640530-3 3.937820-3-2.629270-4-1.471870-3-1.116550-3-5.809790-4 828 4 64   47
-2.504340-4-9.636170-5-3.438390-5-1.163160-5-3.782190-6-1.192890-6 828 4 64   48
-3.672170-7-1.107590-7-3.280420-8-9.597150-9-2.776220-9-7.84869-10 828 4 64   49
 0.000000+0 2.800000+7          0          0         26          0 828 4 64   50
 3.950800-1 6.053740-2-1.492940-2-3.682820-2-5.005060-2-1.859140-2 828 4 64   51
 4.025260-3 5.817370-3 8.023700-4-1.442270-3-1.424300-3-8.438950-4 828 4 64   52
-3.999840-4-1.666480-4-6.385380-5-2.308090-5-7.993930-6-2.679890-6 828 4 64   53
-8.755340-7-2.799540-7-8.784080-8-2.721160-8-8.346580-9-2.509170-9 828 4 64   54
-7.27894-10-2.03175-10                                             828 4 64   55
 0.000000+0 3.000000+7          0          0         26          0 828 4 64   56
 4.349080-1 7.561730-2-2.151340-2-4.318540-2-5.563920-2-2.572820-2 828 4 64   57
 2.427000-3 7.530920-3 2.254980-3-1.122520-3-1.652430-3-1.128010-3 828 4 64   58
-5.877220-4-2.642530-4-1.082380-4-4.159300-5-1.526170-5-5.408170-6 828 4 64   59
-1.864670-6-6.285040-7-2.076990-7-6.772410-8-2.187820-8-6.940870-9 828 4 64   60
-2.128720-9-6.27700-10                                             828 4 64   61
 0.000000+0 2.000000+8          0          0         26          0 828 4 64   62
 4.349080-1 7.561730-2-2.151340-2-4.318540-2-5.563920-2-2.572820-2 828 4 64   63
 2.427000-3 7.530920-3 2.254980-3-1.122520-3-1.652430-3-1.128010-3 828 4 64   64
-5.877220-4-2.642530-4-1.082380-4-4.159300-5-1.526170-5-5.408170-6 828 4 64   65
-1.864670-6-6.285040-7-2.076990-7-6.772410-8-2.187820-8-6.940870-9 828 4 64   66
-2.128720-9-6.27700-10                                             828 4 64   67
                                                                   828 4  099999
