 8.017000+3 1.685310+1          0          1          0          0 828 4 66    1
 0.000000+0 1.685310+1          0          2          0          0 828 4 66    2
 0.000000+0 0.000000+0          0          0          1         14 828 4 66    3
         14          2                                             828 4 66    4
 0.000000+0 7.629340+6          0          0          2          0 828 4 66    5
 0.000000+0 0.000000+0                                             828 4 66    6
 0.000000+0 8.000000+6          0          0          8          0 828 4 66    7
 4.188090-3-1.550940-3 4.493140-5-8.693580-5-7.583210-7-6.103100-7 828 4 66    8
-7.117780-9-1.024810-9                                             828 4 66    9
 0.000000+0 1.000000+7          0          0         12          0 828 4 66   10
 6.846120-4 4.001760-3 5.270110-4-7.089050-5-5.754840-5-6.705940-5 828 4 66   11
-2.667470-6-1.213920-6-1.426290-7-2.297740-8-2.606460-9-3.33489-10 828 4 66   12
 0.000000+0 1.200000+7          0          0         14          0 828 4 66   13
 2.108810-3 1.860020-2 1.906120-3 5.271490-4-4.048500-4-2.501790-4 828 4 66   14
-2.328010-5-1.771970-5-3.633730-6-8.480760-7-1.470890-7-2.555860-8 828 4 66   15
-3.852000-9-6.07613-10                                             828 4 66   16
 0.000000+0 1.400000+7          0          0         16          0 828 4 66   17
 9.275540-3 3.789130-2 3.103020-3-3.689990-4-1.401830-3-1.363860-4 828 4 66   18
-7.495990-5-9.422930-5-2.973020-5-9.041080-6-2.073010-6-4.499330-7 828 4 66   19
-8.737850-8-1.672190-8-2.947080-9-5.28446-10                       828 4 66   20
 0.000000+0 1.600000+7          0          0         18          0 828 4 66   21
 3.094450-2 4.970720-2 3.679680-3-5.112850-3-3.967610-3 1.180210-3 828 4 66   22
-6.659100-5-2.938940-4-1.436120-4-5.508210-5-1.585010-5-4.125060-6 828 4 66   23
-9.676691-7-2.172460-7-4.592070-8-9.535980-9-1.897810-9-3.78372-10 828 4 66   24
 0.000000+0 1.800000+7          0          0         20          0 828 4 66   25
 7.594570-2 4.938460-2 4.523650-3-1.259540-2-8.768630-3 3.079900-3 828 4 66   26
 3.637980-4-4.883640-4-4.023060-4-1.959150-4-6.867030-5-2.096940-5 828 4 66   27
-5.729900-6-1.474440-6-3.583340-7-8.454260-8-1.923500-8-4.318610-9 828 4 66   28
-9.37005-10-2.02907-10                                             828 4 66   29
 0.000000+0 2.000000+7          0          0         20          0 828 4 66   30
 1.465070-1 4.322950-2 6.321020-3-1.947120-2-1.656220-2 3.713830-3 828 4 66   31
 1.511620-3-3.223100-4-7.645840-4-4.838080-4-2.039610-4-7.186470-5 828 4 66   32
-2.237430-5-6.471720-6-1.764820-6-4.637180-7-1.176810-7-2.924290-8 828 4 66   33
-7.089180-9-1.695430-9                                             828 4 66   34
 0.000000+0 2.200000+7          0          0         22          0 828 4 66   35
 2.250390-1 3.910840-2 6.068610-3-2.389970-2-2.601660-2 1.324980-3 828 4 66   36
 3.092990-3 5.416880-4-1.000690-3-8.736250-4-4.411100-4-1.773170-4 828 4 66   37
-6.195060-5-1.985390-5-5.974830-6-1.722500-6-4.793170-7-1.300780-7 828 4 66   38
-3.449680-8-8.992650-9-2.295170-9-5.81941-10                       828 4 66   39
 0.000000+0 2.400000+7          0          0         24          0 828 4 66   40
 2.924610-1 4.138980-2 1.796540-3-2.689030-2-3.484350-2-3.857270-3 828 4 66   41
 4.361830-3 2.035610-3-8.639530-4-1.228290-3-7.472470-4-3.407050-4 828 4 66   42
-1.322010-4-4.646400-5-1.524860-5-4.770120-6-1.437690-6-4.214500-7 828 4 66   43
-1.206770-7-3.392340-8-9.358970-9-2.553270-9-6.85915-10-1.79987-10 828 4 66   44
 0.000000+0 2.600000+7          0          0         24          0 828 4 66   45
 3.500920-1 4.902820-2-5.282950-3-3.078310-2-4.269470-2-1.057510-2 828 4 66   46
 4.864440-3 3.904610-3-2.722330-4-1.446380-3-1.085110-3-5.606970-4 828 4 66   47
-2.401280-4-9.188030-5-3.260460-5-1.097400-5-3.550060-6-1.114280-6 828 4 66   48
-3.413070-7-1.024720-7-3.020220-8-8.796150-9-2.531550-9-7.12362-10 828 4 66   49
 0.000000+0 2.800000+7          0          0         26          0 828 4 66   50
 3.948010-1 6.111570-2-1.298280-2-3.564030-2-4.892070-2-1.768220-2 828 4 66   51
 4.325690-3 5.793480-3 7.735070-4-1.421130-3-1.386840-3-8.160180-4 828 4 66   52
-3.844590-4-1.593460-4-6.075480-5-2.185970-5-7.536660-6-2.515630-6 828 4 66   53
-8.182960-7-2.605560-7-8.140490-8-2.511480-8-7.670550-9-2.296540-9 828 4 66   54
-6.63255-10-1.84384-10                                             828 4 66   55
 0.000000+0 3.000000+7          0          0         26          0 828 4 66   56
 4.338990-1 7.592840-2-1.975450-2-4.182520-2-5.448480-2-2.476210-2 828 4 66   57
 2.816290-3 7.532150-3 2.206050-3-1.115140-3-1.615420-3-1.094890-3 828 4 66   58
-5.672120-4-2.537820-4-1.034800-4-3.959690-5-1.447000-5-5.107430-6 828 4 66   59
-1.754120-6-5.889910-7-1.939090-7-6.299670-8-2.027510-8-6.408670-9 828 4 66   60
-1.957690-9-5.75051-10                                             828 4 66   61
 0.000000+0 2.000000+8          0          0         26          0 828 4 66   62
 4.338990-1 7.592840-2-1.975450-2-4.182520-2-5.448480-2-2.476210-2 828 4 66   63
 2.816290-3 7.532150-3 2.206050-3-1.115140-3-1.615420-3-1.094890-3 828 4 66   64
-5.672120-4-2.537820-4-1.034800-4-3.959690-5-1.447000-5-5.107430-6 828 4 66   65
-1.754120-6-5.889910-7-1.939090-7-6.299670-8-2.027510-8-6.408670-9 828 4 66   66
-1.957690-9-5.75051-10                                             828 4 66   67
                                                                   828 4  099999
