 8.017000+3 1.685310+1          0          1          0          0 828 4 62    1
 0.000000+0 1.685310+1          0          2          0          0 828 4 62    2
 0.000000+0 0.000000+0          0          0          1         15 828 4 62    3
         15          2                                             828 4 62    4
 0.000000+0 6.733140+6          0          0          2          0 828 4 62    5
 0.000000+0 0.000000+0                                             828 4 62    6
 0.000000+0 7.000000+6          0          0          6          0 828 4 62    7
 2.748060-3-7.835470-3 2.823750-5-6.965670-5-3.227460-7 1.293410-8 828 4 62    8
 0.000000+0 8.000000+6          0          0         10          0 828 4 62    9
 9.101760-4-1.826760-2 1.306850-4-4.759290-4-9.184160-6 5.224110-7 828 4 62   10
-2.752920-7-2.815190-8-4.747010-9-3.88428-10                       828 4 62   11
 0.000000+0 1.000000+7          0          0         12          0 828 4 62   12
-8.050230-4-1.438860-2 4.909770-4-1.603470-3-1.121980-4 2.443300-5 828 4 62   13
-6.938570-6-1.869140-6-4.932470-7-7.788910-8-1.231890-8-1.537450-9 828 4 62   14
 0.000000+0 1.200000+7          0          0         14          0 828 4 62   15
 7.919560-4 3.434600-3 1.124340-3-5.037500-3-5.369250-4 1.556850-4 828 4 62   16
-4.209890-5-2.029380-5-7.228920-6-1.649450-6-3.475860-7-6.150480-8 828 4 62   17
-1.078880-8-1.665770-9                                             828 4 62   18
 0.000000+0 1.400000+7          0          0         16          0 828 4 62   19
 7.688390-3 2.183210-2 1.065070-3-9.823910-3-1.643010-3 5.697830-4 828 4 62   20
-1.131920-4-9.686490-5-4.606310-5-1.392110-5-3.638350-6-8.133080-7 828 4 62   21
-1.730340-7-3.369200-8-6.555660-9-1.186170-9                       828 4 62   22
 0.000000+0 1.600000+7          0          0         18          0 828 4 62   23
 3.100860-2 3.304960-2 6.382230-4-1.515470-2-4.744070-3 1.668730-3 828 4 62   24
-1.070880-4-2.965430-4-1.981280-4-7.725350-5-2.431000-5-6.547390-6 828 4 62   25
-1.633560-6-3.777450-7-8.474810-8-1.810000-8-3.818430-9-7.63946-10 828 4 62   26
 0.000000+0 1.800000+7          0          0         20          0 828 4 62   27
 7.998320-2 3.468150-2 1.157040-3-2.066460-2-1.078380-2 2.704670-3 828 4 62   28
 3.750890-4-4.597560-4-5.146680-4-2.575080-4-9.666470-5-3.050120-5 828 4 62   29
-8.731550-6-2.313120-6-5.865860-7-1.422890-7-3.372560-8-7.738780-9 828 4 62   30
-1.757740-9-3.83492-10                                             828 4 62   31
 0.000000+0 2.000000+7          0          0         22          0 828 4 62   32
 1.536810-1 3.193250-2 1.978660-3-2.515800-2-2.017660-2 2.124410-3 828 4 62   33
 1.556110-3-2.241740-4-9.168980-4-6.007420-4-2.673230-4-9.711470-5 828 4 62   34
-3.135860-5-9.316600-6-2.624830-6-7.073420-7-1.851900-7-4.712470-8 828 4 62   35
-1.177420-8-2.864380-9-6.95381-10-1.63554-10                       828 4 62   36
 0.000000+0 2.200000+7          0          0         22          0 828 4 62   37
 2.329620-1 3.100530-2 9.981830-5-2.839670-2-3.077250-2-1.308380-3 828 4 62   38
 3.027390-3 7.157600-4-1.133800-3-1.033260-3-5.454000-4-2.256030-4 828 4 62   39
-8.120070-5-2.666680-5-8.239240-6-2.429970-6-6.933780-7-1.923000-7 828 4 62   40
-5.227670-8-1.390840-8-3.641990-9-9.40386-10                       828 4 62   41
 0.000000+0 2.400000+7          0          0         24          0 828 4 62   42
 3.000390-1 3.570200-2-5.370850-3-3.139260-2-3.997350-2-7.125030-3 828 4 62   43
 4.027450-3 2.253870-3-9.245590-4-1.396510-3-8.838880-4-4.140150-4 828 4 62   44
-1.648240-4-5.923410-5-1.987960-5-6.347080-6-1.953800-6-5.840050-7 828 4 62   45
-1.707100-7-4.889640-8-1.377400-8-3.826990-9-1.054160-9-2.80455-10 828 4 62   46
 0.000000+0 2.600000+7          0          0         24          0 828 4 62   47
 3.569840-1 4.527840-2-1.282350-2-3.557290-2-4.771080-2-1.414280-2 828 4 62   48
 4.160810-3 4.107370-3-2.377960-4-1.590210-3-1.239750-3-6.575290-4 828 4 62   49
-2.881760-4-1.125530-4-4.073350-5-1.396570-5-4.601320-6-1.469840-6 828 4 62   50
-4.582420-7-1.399390-7-4.197060-8-1.242880-8-3.640940-9-1.041800-9 828 4 62   51
 0.000000+0 2.800000+7          0          0         26          0 828 4 62   52
 4.012640-1 5.888470-2-2.010070-2-4.074400-2-5.362280-2-2.136110-2 828 4 62   53
 3.240000-3 5.925240-3 8.991050-4-1.513820-3-1.542570-3-9.314300-4 828 4 62   54
-4.484460-4-1.894460-4-7.352860-5-2.690270-5-9.427930-6-3.196880-6 828 4 62   55
-1.056240-6-3.414920-7-1.083370-7-3.392990-8-1.052330-8-3.196890-9 828 4 62   56
-9.37798-10-2.64638-10                                             828 4 62   57
 0.000000+0 3.000000+7          0          0         26          0 828 4 62   58
 4.399080-1 7.495690-2-2.606680-2-4.703750-2-5.887970-2-2.844700-2 828 4 62   59
 1.370350-3 7.541060-3 2.404260-3-1.140730-3-1.756740-3-1.222910-3 828 4 62   60
-6.468870-4-2.946710-4-1.221380-4-4.745940-5-1.760110-5-6.301920-6 828 4 62   61
-2.194910-6-7.471880-7-2.493830-7-8.211360-8-2.678460-8-8.579620-9 828 4 62   62
-2.657130-9-7.91239-10                                             828 4 62   63
 0.000000+0 2.000000+8          0          0         26          0 828 4 62   64
 4.399080-1 7.495690-2-2.606680-2-4.703750-2-5.887970-2-2.844700-2 828 4 62   65
 1.370350-3 7.541060-3 2.404260-3-1.140730-3-1.756740-3-1.222910-3 828 4 62   66
-6.468870-4-2.946710-4-1.221380-4-4.745940-5-1.760110-5-6.301920-6 828 4 62   67
-2.194910-6-7.471880-7-2.493830-7-8.211360-8-2.678460-8-8.579620-9 828 4 62   68
-2.657130-9-7.91239-10                                             828 4 62   69
                                                                   828 4  099999
