 8.017000+3 1.685310+1          0          1          0          0 828 4 67    1
 0.000000+0 1.685310+1          0          2          0          0 828 4 67    2
 0.000000+0 0.000000+0          0          0          1         14 828 4 67    3
         14          2                                             828 4 67    4
 0.000000+0 7.817050+6          0          0          2          0 828 4 67    5
 0.000000+0 0.000000+0                                             828 4 67    6
 0.000000+0 8.000000+6          0          0          6          0 828 4 67    7
-2.572470-5 5.720950-3-2.221110-6 6.171680-5-1.906730-8 1.076240-7 828 4 67    8
 0.000000+0 1.000000+7          0          0         10          0 828 4 67    9
-6.808850-5 2.823060-2-4.433580-5 1.533960-3-5.194770-6 8.100760-5 828 4 67   10
-1.349030-7 3.650370-7-3.962290-9 2.308610-9                       828 4 67   11
 0.000000+0 1.200000+7          0          0         12          0 828 4 67   12
-1.985450-4 3.800910-2-9.150960-5 3.711590-3-2.547080-5 4.681010-4 828 4 67   13
-2.456330-6 4.173540-6-1.513010-7 3.588000-8-4.057380-9 6.57286-10 828 4 67   14
 0.000000+0 1.400000+7          0          0         12          0 828 4 67   15
-3.405630-4 5.143710-2-1.693740-4 6.813930-3-6.119940-5 1.102110-3 828 4 67   16
-1.812670-5 1.594440-5-1.667030-6 6.792290-8-7.204140-8-3.567940-9 828 4 67   17
 0.000000+0 1.600000+7          0          0         16          0 828 4 67   18
-4.850000-4 6.154120-2-4.228590-4 9.025680-3-8.015090-5 1.595780-3 828 4 67   19
-8.836150-5 2.831700-5-1.154650-5-1.363010-6-7.348450-7-1.152830-7 828 4 67   20
-3.407260-8-4.678220-9-1.348010-9-1.53245-10                       828 4 67   21
 0.000000+0 1.800000+7          0          0         18          0 828 4 67   22
-9.685220-5 6.796240-2-9.577070-4 1.039980-2 6.690060-5 1.992150-3 828 4 67   23
-2.810220-4 1.020960-5-5.346340-5-1.180930-5-4.766220-6-1.036200-6 828 4 67   24
-2.938710-7-5.874390-8-1.517220-8-2.815410-9-7.08620-10-1.12511-10 828 4 67   25
 0.000000+0 2.000000+7          0          0         18          0 828 4 67   26
 2.281890-3 7.283180-2-2.062540-3 1.171570-2 6.461570-4 2.583190-3 828 4 67   27
-7.598610-4-1.839450-4-2.183600-4-6.848720-5-2.605240-5-6.943880-6 828 4 67   28
-2.036130-6-4.927150-7-1.308090-7-2.972540-8-7.543010-9-1.607930-9 828 4 67   29
 0.000000+0 2.200000+7          0          0         20          0 828 4 67   30
 1.163930-2 7.558190-2-4.311860-3 1.295850-2 2.259500-3 3.751270-3 828 4 67   31
-1.881930-3-1.043790-3-8.374430-4-3.318790-4-1.282190-4-3.965540-5 828 4 67   32
-1.225760-5-3.377220-6-9.469820-7-2.445400-7-6.518460-8-1.607050-8 828 4 67   33
-4.175990-9-9.80220-10                                             828 4 67   34
 0.000000+0 2.400000+7          0          0         22          0 828 4 67   35
 3.983070-2 7.609680-2-7.950650-3 1.343490-2 5.613740-3 6.079610-3 828 4 67   36
-3.964990-3-3.554650-3-2.761350-3-1.283490-3-5.248690-4-1.814660-4 828 4 67   37
-5.981640-5-1.815400-5-5.420900-6-1.535330-6-4.345630-7-1.178090-7 828 4 67   38
-3.231210-8-8.461490-9-2.280290-9-5.74818-10                       828 4 67   39
 0.000000+0 2.600000+7          0          0         24          0 828 4 67   40
 1.306530-1 7.307000-2-1.462680-2 1.136860-2 1.334000-2 1.173720-2 828 4 67   41
-8.488020-3-1.136390-2-9.266160-3-4.882030-3-2.135080-3-8.095270-4 828 4 67   42
-2.846840-4-9.359560-5-2.970830-5-9.072560-6-2.722390-6-7.953680-7 828 4 67   43
-2.305600-7-6.534110-8-1.850770-8-5.112770-9-1.422830-9-3.71531-10 828 4 67   44
 0.000000+0 2.800000+7          0          0         26          0 828 4 67   45
 2.482130-1 8.466840-2-1.328400-2 7.749350-3 1.840800-2 1.702410-2 828 4 67   46
-1.069370-2-2.018270-2-1.821560-2-1.059580-2-5.001490-3-2.048070-3 828 4 67   47
-7.691820-4-2.703410-4-9.110830-5-2.960850-5-9.405270-6-2.918760-6 828 4 67   48
-8.939250-7-2.690700-7-8.041110-8-2.366120-8-6.930010-9-1.965250-9 828 4 67   49
-5.41523-10-1.39658-10                                             828 4 67   50
 0.000000+0 3.000000+7          0          0         26          0 828 4 67   51
 3.687600-1 1.118450-1-2.575250-3 5.434710-3 2.030340-2 2.049880-2 828 4 67   52
-1.064270-2-2.801130-2-2.791230-2-1.773810-2-9.011980-3-3.956310-3 828 4 67   53
-1.580240-3-5.896190-4-2.100050-4-7.211850-5-2.413570-5-7.898300-6 828 4 67   54
-2.544150-6-8.068320-7-2.533070-7-7.858620-8-2.418640-8-7.268110-9 828 4 67   55
-2.109200-9-5.79649-10                                             828 4 67   56
 0.000000+0 2.000000+8          0          0         26          0 828 4 67   57
 3.687600-1 1.118450-1-2.575250-3 5.434710-3 2.030340-2 2.049880-2 828 4 67   58
-1.064270-2-2.801130-2-2.791230-2-1.773810-2-9.011980-3-3.956310-3 828 4 67   59
-1.580240-3-5.896190-4-2.100050-4-7.211850-5-2.413570-5-7.898300-6 828 4 67   60
-2.544150-6-8.068320-7-2.533070-7-7.858620-8-2.418640-8-7.268110-9 828 4 67   61
-2.109200-9-5.79649-10                                             828 4 67   62
                                                                   828 4  099999
