 8.017000+3 1.685310+1          0          1          0          0 828 4 55    1
 0.000000+0 1.685310+1          0          2          0          0 828 4 55    2
 0.000000+0 0.000000+0          0          0          1         16 828 4 55    3
         16          2                                             828 4 55    4
 0.000000+0 5.386510+6          0          0          2          0 828 4 55    5
 0.000000+0 0.000000+0                                             828 4 55    6
 0.000000+0 6.000000+6          0          0          8          0 828 4 55    7
-4.918020-7 3.440230-4-3.408450-6-2.134570-4-1.341720-7-1.273250-6 828 4 55    8
-4.68424-10-1.455740-9                                             828 4 55    9
 0.000000+0 7.000000+6          0          0         10          0 828 4 55   10
-7.692450-7 3.870760-3-9.129370-6-5.563910-4-1.119140-6-1.907610-5 828 4 55   11
-1.293880-8-4.599970-8-1.63249-10-2.18909-10                       828 4 55   12
 0.000000+0 8.000000+6          0          0         10          0 828 4 55   13
-1.806150-5 7.564470-3-1.570320-5-7.334060-4-3.574280-6-8.108200-5 828 4 55   14
-9.024010-8-3.648180-7-2.171850-9-2.505910-9                       828 4 55   15
 0.000000+0 1.000000+7          0          0         12          0 828 4 55   16
-8.028690-5 1.706610-2-3.309590-5-6.298280-4-1.567160-5-3.999230-4 828 4 55   17
-1.454510-6-4.140770-6-7.036070-8-5.374890-8-1.761430-9-1.310850-9 828 4 55   18
 0.000000+0 1.200000+7          0          0         14          0 828 4 55   19
-1.605720-4 3.105430-2-6.366230-5-2.500410-4-3.426640-5-8.434070-4 828 4 55   20
-9.822010-6-1.926160-5-7.308600-7-4.342370-7-2.953180-8-1.254540-8 828 4 55   21
-9.12519-10-5.23484-10                                             828 4 55   22
 0.000000+0 1.400000+7          0          0         16          0 828 4 55   23
-2.393430-4 4.302630-2-1.443980-4 3.394620-4-3.846020-5-1.120660-3 828 4 55   24
-4.103620-5-6.165960-5-4.478580-6-2.344040-6-2.676760-7-9.146700-8 828 4 55   25
-1.177060-8-4.257220-9-4.43888-10-1.81194-10                       828 4 55   26
 0.000000+0 1.600000+7          0          0         18          0 828 4 55   27
-2.213360-4 5.157040-2-3.866240-4 1.162830-3 3.256990-5-1.136360-3 828 4 55   28
-1.501050-4-1.750560-4-2.443480-5-1.134460-5-2.047800-6-6.419650-7 828 4 55   29
-1.200300-7-3.500170-8-5.925220-9-1.701730-9-2.65265-10-1.02796-10 828 4 55   30
 0.000000+0 1.800000+7          0          0         18          0 828 4 55   31
 5.327360-4 5.914970-2-8.550400-4 2.351010-3 3.333440-4-9.399630-4 828 4 55   32
-4.040110-4-4.314650-4-1.008510-4-4.632040-5-1.130750-5-3.622750-6 828 4 55   33
-8.423010-7-2.403190-7-5.190400-8-1.409760-8-2.879420-9-8.33314-10 828 4 55   34
 0.000000+0 2.000000+7          0          0         20          0 828 4 55   35
 3.811910-3 6.636030-2-1.819190-3 3.993860-3 1.148560-3-4.147070-4 828 4 55   36
-9.715860-4-1.014950-3-3.790360-4-1.779030-4-5.459720-5-1.829120-5 828 4 55   37
-4.989980-6-1.468140-6-3.709630-7-1.027770-7-2.464340-8-6.751540-9 828 4 55   38
-1.524730-9-4.39421-10                                             828 4 55   39
 0.000000+0 2.200000+7          0          0         22          0 828 4 55   40
 1.553660-2 7.158180-2-3.845050-3 5.821510-3 3.109660-3 9.278090-4 828 4 55   41
-2.191330-3-2.472480-3-1.348420-3-6.640800-4-2.418730-4-8.568740-5 828 4 55   42
-2.644010-5-8.175250-6-2.312840-6-6.690130-7-1.794820-7-5.023420-8 828 4 55   43
-1.293710-8-3.602380-9-8.84864-10-2.54234-10                       828 4 55   44
 0.000000+0 2.400000+7          0          0         24          0 828 4 55   45
 4.922170-2 7.475990-2-7.132970-3 7.200790-3 6.850800-3 3.935880-3 828 4 55   46
-4.261390-3-5.887660-3-4.150930-3-2.197400-3-9.065060-4-3.429420-4 828 4 55   47
-1.163080-4-3.813870-5-1.174790-5-3.584930-6-1.044910-6-3.062620-7 828 4 55   48
-8.601400-8-2.468030-8-6.720900-9-1.921800-9-4.87172-10-1.30835-10 828 4 55   49
 0.000000+0 2.600000+7          0          0         24          0 828 4 55   50
 1.531970-1 7.660240-2-1.245510-2 7.112490-3 1.505150-2 1.155350-2 828 4 55   51
-8.390730-3-1.523900-2-1.293600-2-7.407530-3-3.382500-3-1.367670-3 828 4 55   52
-5.020060-4-1.745280-4-5.769330-5-1.857590-5-5.794340-6-1.784580-6 828 4 55   53
-5.365670-7-1.607340-7-4.705500-8-1.385730-8-3.960880-9-1.124930-9 828 4 55   54
 0.000000+0 2.800000+7          0          0         26          0 828 4 55   55
 2.787200-1 9.386940-2-9.089960-3 5.542220-3 1.967360-2 1.805730-2 828 4 55   56
-9.789500-3-2.464120-2-2.372370-2-1.478000-2-7.328880-3-3.169970-3 828 4 55   57
-1.243320-3-4.581080-4-1.606530-4-5.456380-5-1.799960-5-5.832100-6 828 4 55   58
-1.852260-6-5.823800-7-1.801880-7-5.554930-8-1.685360-8-4.999890-9 828 4 55   59
-1.375890-9-3.74997-10                                             828 4 55   60
 0.000000+0 3.000000+7          0          0         28          0 828 4 55   61
 3.993280-1 1.256190-1 3.823240-3 5.220970-3 2.090320-2 2.174210-2 828 4 55   62
-9.191890-3-3.205730-2-3.423400-2-2.311940-2-1.234900-2-5.692250-3 828 4 55   63
-2.370640-3-9.221600-4-3.410080-4-1.217010-4-4.219730-5-1.433170-5 828 4 55   64
-4.776990-6-1.571800-6-5.101400-7-1.643240-7-5.224130-8-1.635220-8 828 4 55   65
-4.898580-9-1.412180-9-3.91345-10-1.09282-10                       828 4 55   66
 0.000000+0 2.000000+8          0          0         28          0 828 4 55   67
 3.993280-1 1.256190-1 3.823240-3 5.220970-3 2.090320-2 2.174210-2 828 4 55   68
-9.191890-3-3.205730-2-3.423400-2-2.311940-2-1.234900-2-5.692250-3 828 4 55   69
-2.370640-3-9.221600-4-3.410080-4-1.217010-4-4.219730-5-1.433170-5 828 4 55   70
-4.776990-6-1.571800-6-5.101400-7-1.643240-7-5.224130-8-1.635220-8 828 4 55   71
-4.898580-9-1.412180-9-3.91345-10-1.09282-10                       828 4 55   72
                                                                   828 4  099999
